numid|f	X|f	Word|s	Unnamed|f	FREQcount|f	Cdcount|f	FREQlow|f	Cdlow|f	SUBLTLWF|f	Lg10WF|f	SUBTLCD|f	Lg10CD|f	Dom_PoS_SUBTLEX|s	Freq_dom_PoS_SUBTLEX|f	Percentage_dom_PoS|f	Zipfvalue|f	cmu_sylls|f	BF_TP|f	LEN_L|f	N|f	Zipfvalue_incl|f	Zipfvalue_cat|s	
7653	7652	greed	28316	245	192	212	173	4.8039	2.3909	2.289	2.2856	Noun	244	0.99592	3.6828	1	79.5	5	5	1	high	
17185	17184	sum	63673	523	358	419	339	10.2549	2.7193	4.268	2.5551	Noun	452	0.87938	4.0112	1	5.5	3	9	1	high	
17985	17984	ton	66747	382	320	334	306	7.4902	2.5832	3.815	2.5065	Noun	380	1	3.875	1	8.5	3	18	1	high	
18804	18803	vibe	71211	266	186	252	183	5.2157	2.4265	2.2175	2.2718	Noun	240	0.90566	3.7183	1	6	4	4	1	high	
16577	16576	spine	61407	293	241	288	237	5.7451	2.4683	2.8732	2.3838	Noun	291	1	3.7602	1	43.75	5	9	1	high	
12442	12441	pal	45945	2937	1602	2821	1569	57.5882	3.4681	19.0987	3.2049	Noun	2930	0.99898	4.7599	1	5.5	3	9	1	high	
11973	11972	oath	44041	504	308	485	297	9.8824	2.7033	3.6719	2.49	Noun	504	1	3.9951	1	14	4	6	1	high	
1977	1976	bow	7483	1034	609	857	552	20.2745	3.0149	7.2604	2.7853	Noun	598	0.58228	4.3068	1	10	3	18	1	high	
17464	17463	tale	64822	612	435	563	413	12	2.7875	5.186	2.6395	Noun	610	1	4.0793	1	29.67	4	16	1	high	
3079	3078	cheek	10854	365	280	352	272	7.1569	2.5635	3.3381	2.4487	Noun	363	0.99725	3.8553	1	29.5	5	3	1	high	
9667	9666	lance	36251	554	130	100	37	10.8627	2.7443	1.5498	2.1173	Noun	472	0.85353	4.0361	1	39.25	5	1	1	high	
17540	17539	taste	65093	2617	1825	2488	1770	51.3137	3.418	21.7573	3.2615	Noun	1732	0.66107	4.7098	1	37.75	5	6	1	high	
11717	11716	net	42996	793	541	699	479	15.549	2.8998	6.4497	2.734	Noun	580	0.82739	4.1917	1	7.5	3	16	1	high	
13533	13532	pound	49530	708	493	671	475	13.8824	2.8506	5.8774	2.6937	Noun	553	0.78218	4.1425	1	37	5	7	1	high	
15352	15351	scar	56806	432	307	385	301	8.4706	2.6365	3.66	2.4886	Noun	343	0.79582	3.9283	1	10	4	5	1	high	
8512	8511	horn	31092	1075	586	801	484	21.0784	3.0318	6.9862	2.7686	Noun	1039	0.96922	4.3236	1	26.33	4	6	1	high	
7089	7088	fuse	26392	248	182	241	177	4.8627	2.3962	2.1698	2.2625	Noun	228	0.91566	3.688	1	18.67	4	4	1	high	
4241	4240	crowd	15414	1906	1230	1671	1146	37.3725	3.2804	14.6638	3.0903	Noun	1798	0.94532	4.5722	1	36.25	5	2	1	high	
16547	16546	spell	61286	1869	884	1798	855	36.6471	3.2718	10.5389	2.9469	Noun	1190	0.63704	4.5637	1	29.25	5	5	1	high	
16997	16996	stress	62917	796	583	755	560	15.6078	2.9015	6.9504	2.7664	Noun	677	0.8505	4.1933	1	53	6	0	1	high	
5006	5005	dirt	18389	1310	814	1130	782	25.6863	3.1176	9.7043	2.9112	Noun	1310	0.99848	4.4094	1	19.33	4	5	1	high	
10217	10216	log	37754	610	397	555	370	11.9608	2.786	4.733	2.5999	Noun	534	0.87685	4.0779	1	7.5	3	16	1	high	
14200	14199	rail	52049	233	176	215	162	4.5686	2.3692	2.0982	2.248	Noun	231	0.99142	3.661	1	26.33	4	12	1	high	
14804	14803	rib	55002	301	214	264	198	5.902	2.48	2.5513	2.3324	Noun	298	0.99003	3.7718	1	5.5	3	11	1	high	
15453	15452	scout	57133	657	411	362	216	12.8824	2.8182	4.8999	2.6149	Noun	517	0.78811	4.1101	1	19.75	5	6	1	high	
6452	6451	field	24146	3580	1919	3172	1803	70.1961	3.554	22.8779	3.2833	Noun	3333	0.93231	4.8458	1	20.25	5	3	1	high	
4456	4455	dam	16102	293	124	227	101	5.7451	2.4683	1.4783	2.0969	Noun	270	0.93103	3.7602	1	6	3	11	1	high	
4106	4105	crap	14959	3151	1996	2970	1934	61.7843	3.4986	23.7959	3.3004	Noun	3060	0.97297	4.7904	1	16.67	4	8	1	high	
14185	14184	raft	52007	240	131	224	122	4.7059	2.382	1.5618	2.1206	Noun	240	1	3.6739	1	15.67	4	5	1	high	
14124	14123	quiz	51844	252	155	226	144	4.9412	2.4031	1.8479	2.1931	Noun	231	0.92032	3.695	1	4.33	4	3	1	high	
15425	15424	scoop	57060	289	210	245	195	5.6667	2.4624	2.5036	2.3243	Noun	183	0.63322	3.7542	1	21	5	4	1	high	
15823	15822	shield	58475	418	256	371	231	8.1961	2.6222	3.052	2.4099	Noun	335	0.79952	3.914	1	42.2	6	0	1	high	
18460	18459	twist	68396	643	464	553	418	12.6078	2.8089	5.5317	2.6675	Noun	328	0.5109	4.1007	1	21.5	5	0	1	high	
7831	7830	gun	28832	10873	2976	10548	2928	213.1961	4.0364	35.4793	3.4738	Noun	10813	0.99659	5.3282	1	7	3	14	1	high	
12660	12659	patch	46630	888	521	586	431	17.4118	2.9489	6.2113	2.7177	Noun	593	0.66779	4.2407	1	46.5	5	7	1	high	
13261	13260	pledge	48640	351	231	316	209	6.8824	2.5465	2.7539	2.3655	Noun	190	0.53824	3.8384	1	28.6	6	1	1	high	
4215	4214	crook	15319	289	196	265	186	5.6667	2.4624	2.3367	2.2945	Noun	285	1	3.7542	1	38.75	5	3	1	high	
16958	16957	strain	62800	361	291	354	287	7.0784	2.5587	3.4692	2.4654	Noun	278	0.77222	3.8505	1	50.4	6	2	1	high	
3138	3137	child	11062	8040	3067	7673	2995	157.6471	3.9053	36.5641	3.4869	Noun	8027	0.99988	5.1971	1	36.25	5	1	1	high	
506	505	ant	2393	273	111	200	95	5.3529	2.4378	1.3233	2.0492	Noun	249	0.91544	3.7296	1	2	3	6	1	high	
5531	5530	ear	20453	1632	1106	1579	1092	32	3.213	13.1855	3.0441	Noun	1630	1	4.5048	1	6	3	11	1	high	
14357	14356	rear	52592	634	458	590	437	12.4314	2.8028	5.4602	2.6618	Noun	321	0.50631	4.0946	1	32.33	4	14	1	high	
16984	16983	stream	62872	410	294	357	270	8.0392	2.6138	3.505	2.4698	Noun	382	0.93627	3.9057	1	46.4	6	2	1	high	
7202	7201	gas	26745	3457	1607	3216	1540	67.7843	3.5388	19.1583	3.2063	Noun	3412	0.98784	4.8307	1	5	3	8	1	high	
18339	18338	trunk	67993	1010	561	985	553	19.8039	3.0048	6.6881	2.7497	Noun	1010	0.99901	4.2966	1	33.5	5	2	1	high	
3987	3986	cough	14565	448	334	387	295	8.7843	2.6522	3.9819	2.525	Noun	258	0.57461	3.9441	1	34.75	5	5	1	high	
7962	7961	hand	29273	14262	5562	13466	5431	279.6471	4.1542	66.309	3.7453	Noun	13177	0.92496	5.446	1	33.33	4	9	1	high	
3411	3410	clue	12132	898	694	879	683	17.6078	2.9538	8.2737	2.842	Noun	880	0.98214	4.2456	1	11.33	4	4	1	high	
8194	8193	heel	30007	377	281	305	242	7.3922	2.5775	3.35	2.4502	Noun	310	0.82011	3.8693	1	25.67	4	7	1	high	
15445	15444	scotch	57109	752	478	301	200	14.7451	2.8768	5.6986	2.6803	Noun	662	0.88032	4.1686	1	26.6	6	1	1	high	
8070	8069	hatch	29642	654	258	508	245	12.8235	2.8162	3.0758	2.4133	Noun	439	0.67435	4.1081	1	42.5	5	7	1	high	
9242	9241	jeep	34715	524	239	386	172	10.2745	2.7202	2.8493	2.3802	Noun	524	1	4.012	1	21	4	7	1	high	
1700	1699	bloke	6633	238	135	227	128	4.6667	2.3784	1.6094	2.1335	Noun	239	1	3.6702	1	32.5	5	1	1	high	
19518	19517	yard	73843	1278	776	1093	714	25.0588	3.1069	9.2513	2.8904	Noun	1280	0.99844	4.3987	1	27.67	4	7	1	high	
174	173	air	1304	7090	3325	6023	3132	139.0196	3.8507	39.64	3.5219	Noun	7043	0.99576	5.1425	1	3.5	3	5	1	high	
10703	10702	match	39425	2521	1557	2416	1521	49.4314	3.4017	18.5622	3.1926	Noun	1609	0.63925	4.6936	1	45.25	5	7	1	high	
7252	7251	geek	26898	353	237	311	223	6.9216	2.549	2.8255	2.3766	Noun	275	0.77465	3.8408	1	20.33	4	5	1	high	
8603	8602	hug	31396	986	695	910	653	19.3333	2.9943	8.2856	2.8426	Noun	580	0.59063	4.2862	1	8.5	3	17	1	high	
3308	3307	clay	11826	612	215	197	139	12	2.7875	2.5632	2.3345	Noun	432	0.70588	4.0793	1	15.67	4	7	1	high	
3045	3044	chase	10746	1673	944	894	743	32.8039	3.2238	11.2542	2.9754	Noun	842	0.50389	4.5156	1	44.25	5	4	1	high	
14196	14195	raid	52043	436	280	410	262	8.549	2.6405	3.3381	2.4487	Noun	353	0.80778	3.9323	1	25	4	7	1	high	
5320	5319	drain	19812	440	337	420	327	8.6275	2.6444	4.0176	2.5289	Noun	290	0.6576	3.9363	1	41.5	5	4	1	high	
10043	10042	limb	37301	238	195	237	194	4.6667	2.3784	2.3247	2.2923	Noun	238	1	3.6702	1	15	4	3	1	high	
8845	8844	inch	32664	631	499	621	496	12.3725	2.8007	5.949	2.699	Noun	597	0.95064	4.0926	1	6	4	1	1	high	
8665	8664	hut	31635	674	211	350	146	13.2157	2.8293	2.5155	2.3263	Noun	672	1	4.1211	1	8.5	3	18	1	high	
16356	16355	sock	60575	458	302	383	276	8.9804	2.6618	3.6004	2.4814	Noun	336	0.73362	3.9536	1	27.33	4	12	1	high	
18772	18771	verse	71124	238	170	219	155	4.6667	2.3784	2.0267	2.233	Noun	227	0.95781	3.6702	1	31.5	5	3	1	high	
17847	17846	tick	66279	370	204	286	184	7.2549	2.5694	2.432	2.3118	Noun	214	0.57838	3.8612	1	27.67	4	13	1	high	
5561	5560	east	20534	2527	1461	1027	721	49.549	3.4028	17.4177	3.1649	Noun	2359	0.93574	4.6946	1	26.67	4	10	1	high	
10263	10262	loop	37904	345	255	321	240	6.7647	2.5391	3.0401	2.4082	Noun	312	0.90435	3.8309	1	32.67	4	7	1	high	
695	694	arm	3106	3336	1945	3239	1906	65.4118	3.5234	23.1879	3.2891	Noun	3260	0.9781	4.8152	1	3	3	5	1	high	
19424	19423	word	73480	12013	5147	11452	5030	235.549	4.0797	61.3615	3.7116	Noun	11955	0.9955	5.3715	1	23	4	10	1	high	
9906	9905	lens	36918	238	177	229	172	4.6667	2.3784	2.1102	2.2504	Noun	238	1	3.6702	1	27	4	13	1	high	
17535	17534	task	65080	649	488	613	467	12.7255	2.8129	5.8178	2.6893	Noun	645	1	4.1047	1	23	4	7	1	high	
12604	12603	part	46469	13337	5604	12790	5508	261.5098	4.1251	66.8097	3.7486	Noun	12942	0.97111	5.4169	1	36.67	4	17	1	high	
19367	19366	wit	73251	302	227	287	219	5.9216	2.4814	2.7062	2.3579	Noun	300	1	3.7733	1	6.5	3	12	1	high	
19070	19069	warp	72037	280	68	204	61	5.4902	2.4487	0.81068	1.8388	Noun	163	0.59058	3.7405	1	32.33	4	10	1	high	
7344	7343	gig	27234	571	380	553	374	11.1961	2.7574	4.5303	2.5809	Noun	568	0.99824	4.0492	1	5	3	9	1	high	
13404	13403	pond	49098	323	207	269	182	6.3333	2.5105	2.4678	2.3181	Noun	319	0.99068	3.8024	1	27.33	4	4	1	high	
12061	12060	oil	44415	2095	1059	1816	997	41.0784	3.3214	12.6252	3.0253	Noun	2069	0.98948	4.6132	1	2	3	3	1	high	
16967	16966	strap	62830	263	217	221	190	5.1569	2.4216	2.587	2.3385	Noun	190	0.72243	3.7134	1	26.25	5	4	1	high	
7691	7690	grip	28452	494	399	477	391	9.6863	2.6946	4.7568	2.6021	Noun	435	0.88057	3.9864	1	14.33	4	6	1	high	
16739	16738	stamp	62045	302	222	275	206	5.9216	2.4814	2.6466	2.3483	Noun	220	0.72848	3.7733	1	35	5	3	1	high	
8043	8042	harm	29522	1621	1181	1595	1169	31.7843	3.2101	14.0796	3.0726	Noun	1039	0.64374	4.5019	1	33.67	4	7	1	high	
10355	10354	lung	38247	420	239	305	210	8.2353	2.6243	2.8493	2.3802	Noun	368	0.88249	3.9161	1	22	4	7	1	high	
16055	16054	sip	59333	260	220	237	201	5.098	2.4166	2.6228	2.3444	Noun	243	0.93462	3.7085	1	9	3	19	1	high	
19487	19486	wrist	73695	527	370	515	363	10.3333	2.7226	4.4111	2.5694	Noun	526	1	4.0145	1	35.75	5	4	1	high	
10283	10282	loss	37978	1485	1144	1445	1126	29.1176	3.172	13.6385	3.0588	Noun	1484	1	4.4639	1	24.33	4	12	1	high	
1650	1649	blast	6453	825	598	661	513	16.1765	2.917	7.1292	2.7774	Noun	455	0.55218	4.2088	1	43.5	5	3	1	high	
17948	17947	toe	66628	647	386	627	376	12.6863	2.8116	4.6018	2.5877	Noun	648	0.99846	4.1034	1	8	3	17	1	high	
7093	7092	fuss	26401	364	324	362	324	7.1373	2.5623	3.8627	2.5119	Noun	322	0.88462	3.8541	1	18.67	4	4	1	high	
2493	2492	cage	8959	1034	564	810	481	20.2745	3.0149	6.7239	2.752	Noun	952	0.91981	4.3068	1	18	4	13	1	high	
6703	6702	floor	24919	5132	2732	5030	2699	100.6275	3.7104	32.5703	3.4366	Noun	5099	0.99376	5.0022	1	39	5	2	1	high	
4172	4171	crib	15174	316	212	305	211	6.1961	2.5011	2.5274	2.3284	Noun	296	0.94268	3.7929	1	9.33	4	1	1	high	
11966	11965	oak	44025	286	187	189	129	5.6078	2.4579	2.2294	2.2742	Noun	269	0.93728	3.7497	1	3	3	4	1	high	
5261	5260	dot	19608	338	184	190	152	6.6275	2.5302	2.1936	2.2672	Noun	313	0.93155	3.822	1	8	3	14	1	high	
3697	3696	con	13162	644	387	521	331	12.6275	2.8096	4.6137	2.5888	Noun	413	0.65142	4.1014	1	10	3	19	1	high	
6328	6327	fear	23758	3523	1912	3206	1821	69.0784	3.547	22.7945	3.2817	Noun	2110	0.59892	4.8389	1	32	4	11	1	high	
2633	2632	cap	9397	956	619	687	524	18.7451	2.9809	7.3796	2.7924	Noun	765	0.90426	4.2727	1	9.5	3	19	1	high	
7246	7245	gear	26883	816	559	779	553	16	2.9122	6.6643	2.7482	Noun	795	0.97546	4.2041	1	30	4	10	1	high	
4948	4947	dime	18223	615	473	604	466	12.0588	2.7896	5.639	2.6758	Noun	609	0.99673	4.0814	1	15.67	4	9	1	high	
3179	3178	choice	11251	4975	3095	4925	3072	97.549	3.6969	36.8979	3.4908	Noun	4950	0.99578	4.9887	1	40.8	6	0	1	high	
11712	11711	nest	42986	566	367	514	343	11.098	2.7536	4.3753	2.5658	Noun	541	0.96263	4.0454	1	21	4	13	1	high	
10898	10897	mess	40167	3985	2614	3856	2560	78.1373	3.6005	31.1636	3.4175	Noun	2822	0.70833	4.8924	1	15.67	4	7	1	high	
13058	13057	pile	48089	672	529	642	508	13.1765	2.828	6.3066	2.7243	Noun	561	0.83607	4.1198	1	29.67	4	12	1	high	
11490	11489	mule	42077	358	213	323	202	7.0196	2.5551	2.5393	2.3304	Noun	357	1	3.8469	1	22	4	8	1	high	
7342	7341	gift	27230	3290	1877	3242	1856	64.5098	3.5173	22.3772	3.2737	Noun	3287	1	4.8092	1	10	4	5	1	high	
16118	16117	skin	59533	2246	1532	2148	1495	44.0392	3.3516	18.2642	3.1855	Noun	2114	0.94123	4.6434	1	11	4	7	1	high	
8110	8109	head	29777	18947	6294	18207	6235	371.5098	4.2776	75.0358	3.799	Noun	17392	0.91909	5.5694	1	32	4	12	1	high	
9672	9671	land	36262	4494	2074	3993	1923	88.1176	3.6527	24.7258	3.317	Noun	3345	0.74632	4.9446	1	33.67	4	11	1	high	
17733	17732	thanks	65788	31789	7149	7764	4235	623.3137	4.5023	85.2289	3.8543	Noun	31251	0.98438	5.7941	1	47.8	6	2	1	high	
5369	5368	drill	19959	701	466	658	450	13.7451	2.8463	5.5556	2.6693	Noun	507	0.72325	4.1382	1	44	5	5	1	high	
19152	19151	web	72326	470	288	324	195	9.2157	2.673	3.4335	2.4609	Noun	470	1	3.9649	1	3	3	4	1	high	
5443	5442	dude	20166	5071	1581	2783	1222	99.4314	3.7052	18.8484	3.1992	Noun	5050	0.99743	4.997	1	16	4	5	1	high	
13421	13420	pool	49145	2396	1200	2311	1180	46.9804	3.3797	14.3062	3.0795	Noun	2381	0.99499	4.6715	1	30.33	4	9	1	high	
19310	19309	wind	73064	3028	1818	2731	1702	59.3725	3.4813	21.6738	3.2598	Noun	2336	0.77274	4.7731	1	32	4	12	1	high	
16619	16618	sport	61611	1015	665	939	643	19.902	3.0069	7.928	2.8235	Noun	1015	0.99607	4.2987	1	29.25	5	5	1	high	
13939	13938	pump	51213	645	458	550	412	12.6471	2.8102	5.4602	2.6618	Noun	376	0.58567	4.1021	1	16.67	4	9	1	high	
15022	15021	route	55725	1089	751	901	651	21.3529	3.0374	8.9533	2.8762	Noun	873	0.80313	4.3293	1	36	5	2	1	high	
16624	16623	spot	61631	3140	2029	2972	1987	61.5686	3.4971	24.1893	3.3075	Noun	2685	0.85646	4.7889	1	11.33	4	7	1	high	
13953	13952	punk	51268	1121	643	1006	597	21.9804	3.05	7.6657	2.8089	Noun	1116	0.99821	4.3418	1	23.33	4	10	1	high	
2105	2104	brick	7853	519	255	365	232	10.1765	2.716	3.0401	2.4082	Noun	494	0.95183	4.0078	1	43.5	5	5	1	high	
18933	18932	voice	71594	4394	2396	4207	2340	86.1569	3.643	28.5646	3.3797	Noun	4246	0.96676	4.9348	1	21	5	0	1	high	
13034	13033	pier	48013	334	213	235	166	6.549	2.525	2.5393	2.3304	Noun	334	0.99701	3.8169	1	17	4	5	1	high	
1724	1723	blouse	6707	272	187	254	187	5.3333	2.4362	2.2294	2.2742	Noun	272	1	3.728	1	36.6	6	0	1	high	
11744	11743	news	43128	8399	3976	7681	3838	164.6863	3.9243	47.401	3.5996	Noun	8382	0.99964	5.2161	1	11.67	4	6	1	high	
16538	16537	speech	61259	1940	1090	1823	1050	38.0392	3.288	12.9948	3.0378	Noun	1936	1	4.5799	1	36.8	6	0	1	high	
4252	4251	cruise	15465	626	395	506	323	12.2745	2.7973	4.7091	2.5977	Noun	489	0.78115	4.0891	1	44.2	6	1	1	high	
9219	9218	jar	34643	424	297	413	289	8.3137	2.6284	3.5408	2.4742	Noun	421	0.99292	3.9202	1	8	3	14	1	high	
17017	17016	strip	62989	800	596	610	480	15.6863	2.9036	7.1054	2.776	Noun	578	0.7207	4.1955	1	24.75	5	1	1	high	
13030	13029	piece	48004	6349	3510	6090	3426	124.4902	3.8028	41.8455	3.5454	Noun	6323	0.99669	5.0946	1	21.5	5	1	1	high	
14092	14091	quest	51710	327	196	264	171	6.4118	2.5159	2.3367	2.2945	Noun	321	0.98769	3.8077	1	21.25	5	1	1	high	
1357	1356	beast	5257	1252	552	899	503	24.549	3.098	6.5808	2.7427	Noun	1241	1	4.3898	1	49.5	5	5	1	high	
9237	9236	jazz	34700	608	305	406	252	11.9216	2.7846	3.6361	2.4857	Noun	593	0.97694	4.0765	1	6.67	4	0	1	high	
17587	17586	tech	65262	326	215	192	149	6.3922	2.5145	2.5632	2.3345	Noun	325	1	3.8064	1	12.33	4	1	1	high	
3004	3003	chap	10627	324	228	311	222	6.3529	2.5119	2.7182	2.3598	Noun	322	0.99077	3.8037	1	13	4	6	1	high	
8570	8569	house	31268	26214	6040	24470	5849	514	4.4185	72.0076	3.7811	Noun	25883	0.98945	5.7104	1	42.25	5	5	1	high	
13663	13662	prey	50137	281	211	258	202	5.5098	2.4502	2.5155	2.3263	Noun	247	0.88214	3.7421	1	10.33	4	3	1	high	
6330	6329	feast	23771	342	236	304	209	6.7059	2.5353	2.8135	2.3747	Noun	312	0.90962	3.8271	1	45.5	5	3	1	high	
9706	9705	lap	36333	687	519	647	496	13.4706	2.8376	6.1874	2.716	Noun	666	0.97085	4.1294	1	10	3	20	1	high	
1898	1897	boost	7245	230	194	207	181	4.5098	2.3636	2.3128	2.29	Noun	120	0.52402	3.6554	1	40	5	2	1	high	
9865	9864	leg	36796	2882	1588	2832	1566	56.5098	3.4598	18.9318	3.2011	Noun	2871	0.99722	4.7517	1	5.5	3	12	1	high	
9195	9194	jade	34553	259	69	98	43	5.0784	2.415	0.8226	1.8451	Noun	259	1	3.7068	1	13.67	4	4	1	high	
17320	17319	sweat	64277	1115	863	1056	831	21.8627	3.0477	10.2885	2.9365	Noun	625	0.56155	4.3395	1	25.25	5	3	1	high	
9834	9833	lease	36706	320	201	315	200	6.2745	2.5065	2.3963	2.3054	Noun	288	0.8972	3.7983	1	51.25	5	5	1	high	
1395	1394	beef	5383	1005	643	895	598	19.7059	3.0026	7.6657	2.8089	Noun	994	0.99004	4.2944	1	25.67	4	6	1	high	
13164	13163	place	48415	30736	7279	30163	7246	602.6667	4.4877	86.7787	3.8621	Noun	28698	0.93381	5.7795	1	38.75	5	4	1	high	
11881	11880	nose	43718	3557	2125	3407	2081	69.7451	3.5512	25.3338	3.3276	Noun	3539	0.99522	4.843	1	18.33	4	10	1	high	
3034	3033	charm	10719	794	597	750	583	15.5686	2.9004	7.1173	2.7767	Noun	645	0.81439	4.1922	1	38.75	5	4	1	high	
4716	4715	den	17216	312	219	258	203	6.1176	2.4955	2.6109	2.3424	Noun	292	0.93891	3.7874	1	6.5	3	14	1	high	
5364	5363	drift	19952	327	255	284	236	6.4118	2.5159	3.0401	2.4082	Noun	174	0.53211	3.8077	1	31.75	5	1	1	high	
16640	16639	spring	61680	1597	1027	1345	910	31.3137	3.2036	12.2437	3.012	Noun	1374	0.86144	4.4954	1	116.2	6	5	1	high	
19044	19043	war	71974	8912	2546	7448	2218	174.7451	3.95	30.3529	3.406	Noun	8905	0.99966	5.2419	1	8.5	3	15	1	high	
4627	4626	deed	16749	475	273	444	267	9.3137	2.6776	3.2546	2.4378	Noun	448	1	3.9694	1	32.67	4	13	1	high	
5496	5495	dust	20342	1216	811	1107	770	23.8431	3.0853	9.6686	2.9096	Noun	941	0.77321	4.3771	1	28.33	4	11	1	high	
14973	14972	room	55546	22415	6251	21385	6167	439.5098	4.3506	74.5231	3.796	Noun	22338	0.99803	5.6424	1	29.33	4	9	1	high	
14961	14960	roof	55527	1818	1148	1766	1120	35.6471	3.2598	13.6862	3.0603	Noun	1815	0.9989	4.5517	1	28.33	4	7	1	high	
5045	5044	dish	18688	584	443	568	431	11.451	2.7672	5.2814	2.6474	Noun	509	0.87009	4.059	1	20.67	4	5	1	high	
19329	19328	wing	73127	1032	581	714	507	20.2353	3.0141	6.9266	2.7649	Noun	928	0.9001	4.3059	1	33.67	4	11	1	high	
13082	13081	pin	48156	835	545	719	507	16.3725	2.9222	6.4974	2.7372	Noun	542	0.6491	4.214	1	8.5	3	18	1	high	
15771	15770	shape	58285	1542	1189	1509	1172	30.2353	3.1884	14.175	3.0755	Noun	1424	0.92468	4.4802	1	32	5	6	1	high	
3983	3982	couch	14555	1197	792	1171	776	23.4706	3.0785	9.4421	2.8993	Noun	1184	0.99329	4.3703	1	48	5	6	1	high	
2085	2084	breed	7805	323	248	300	244	6.3333	2.5105	2.9566	2.3962	Noun	174	0.5387	3.8024	1	77.25	5	5	1	high	
2114	2113	bridge	7874	2331	1046	1847	889	45.7059	3.3677	12.4702	3.0199	Noun	2249	0.96648	4.6596	1	45.4	6	2	1	high	
15608	15607	self	57706	722	534	682	510	14.1569	2.8591	6.3662	2.7284	Noun	711	0.99302	4.151	1	18.33	4	2	1	high	
2689	2688	card	9577	4357	2107	4236	2076	85.4314	3.6393	25.1192	3.3239	Noun	4343	0.9977	4.9311	1	33.67	4	12	1	high	
8477	8476	hook	31002	1938	1285	1603	1160	38	3.2876	15.3195	3.1092	Noun	954	0.49302	4.5794	1	28.67	4	12	1	high	
4358	4357	curse	15822	929	517	836	480	18.2157	2.9685	6.1636	2.7143	Noun	659	0.71475	4.2603	1	31.75	5	4	1	high	
12918	12917	pet	47588	1029	623	910	574	20.1765	3.0128	7.4273	2.7952	Noun	887	0.86537	4.3047	1	10	3	22	1	high	
16459	16458	south	60973	3288	1693	1411	961	64.4706	3.5171	20.1836	3.2289	Noun	2810	0.85671	4.8089	1	33.5	5	2	1	high	
16192	16191	slice	59818	435	357	396	333	8.5294	2.6395	4.2561	2.5539	Noun	273	0.62759	3.9313	1	33.75	5	4	1	high	
14822	14821	ridge	55066	361	193	191	137	7.0784	2.5587	2.3009	2.2878	Noun	348	0.96667	3.8505	1	26.5	5	1	1	high	
7787	7786	guest	28726	2037	1381	1990	1363	39.9412	3.3092	16.464	3.1405	Noun	2032	0.99902	4.601	1	21.5	5	2	1	high	
4339	4338	cure	15770	1063	627	1033	616	20.8431	3.0269	7.475	2.798	Noun	587	0.55221	4.3188	1	27.67	4	11	1	high	
12401	12400	pad	45840	415	327	390	312	8.1373	2.6191	3.8984	2.5159	Noun	368	0.88675	3.9109	1	10	3	19	1	high	
4304	4303	cue	15637	397	293	315	248	7.7843	2.5999	3.4931	2.4683	Noun	357	0.89698	3.8917	1	5.5	3	9	1	high	
1438	1437	bell	5576	2006	1035	1387	821	39.3333	3.3025	12.3391	3.0154	Noun	1406	0.70125	4.5944	1	32.33	4	13	1	high	
7746	7745	growth	28614	329	243	320	238	6.451	2.5185	2.897	2.3874	Noun	327	1	3.8103	1	37.8	6	0	1	high	
12745	12744	peace	46836	3550	1867	2937	1624	69.6078	3.5504	22.258	3.2714	Noun	3537	0.99802	4.8422	1	44.75	5	3	1	high	
2366	2365	bush	8658	720	403	369	273	14.1176	2.8579	4.8045	2.6064	Noun	386	0.53611	4.1498	1	25	4	9	1	high	
4079	4078	crack	14873	1675	1192	1556	1147	32.8431	3.2243	14.2108	3.0766	Noun	881	0.5266	4.5161	1	52	5	6	1	high	
15739	15738	shade	58176	304	252	283	244	5.9608	2.4843	3.0043	2.4031	Noun	295	0.97039	3.7761	1	35.25	5	8	1	high	
13114	13113	pipe	48267	989	643	853	558	19.3922	2.9956	7.6657	2.8089	Noun	810	0.81901	4.2875	1	16.67	4	7	1	high	
1755	1754	bluff	6796	317	215	257	198	6.2157	2.5024	2.5632	2.3345	Noun	212	0.66667	3.7943	1	23.25	5	1	1	high	
3394	3393	cloud	12086	599	388	498	358	11.7451	2.7782	4.6257	2.5899	Noun	542	0.90484	4.07	1	30.5	5	2	1	high	
7670	7669	grid	28386	282	190	267	183	5.5294	2.4518	2.2651	2.281	Noun	282	1	3.7436	1	14.67	4	5	1	high	
2303	2302	bump	8448	630	469	577	449	12.3529	2.8	5.5913	2.6721	Noun	328	0.52063	4.0919	1	18.67	4	8	1	high	
11786	11785	night	43253	44168	7381	42911	7343	866.0392	4.6451	87.9948	3.8682	Noun	44121	1	5.937	1	12.5	5	8	1	high	
18003	18002	tool	66795	548	369	418	340	10.7451	2.7396	4.3991	2.5682	Noun	543	0.99088	4.0314	1	29.67	4	8	1	high	
7648	7647	grease	28290	354	271	296	242	6.9412	2.5502	3.2308	2.4346	Noun	280	0.7932	3.8421	1	51	6	2	1	high	
2991	2990	chance	10566	12303	5343	12079	5334	241.2353	4.09	63.6981	3.7279	Noun	12082	0.98316	5.3819	1	49.4	6	2	1	high	
4168	4167	crew	15166	2424	1036	2156	931	47.5294	3.3847	12.351	3.0158	Noun	2175	0.92553	4.6765	1	12.67	4	5	1	high	
2321	2320	bunk	8497	320	235	302	222	6.2745	2.5065	2.8016	2.3729	Noun	268	0.8375	3.7983	1	25.33	4	10	1	high	
3039	3038	chart	10735	483	339	464	331	9.4706	2.6848	4.0415	2.5315	Noun	439	0.9089	3.9767	1	42	5	4	1	high	
7437	7436	glow	27586	293	232	278	219	5.7451	2.4683	2.7659	2.3674	Noun	190	0.65068	3.7602	1	14.33	4	4	1	high	
1166	1165	bank	4701	4334	1590	3822	1482	84.9804	3.637	18.9557	3.2017	Noun	4194	0.97512	4.9288	1	33.67	4	16	1	high	
10319	10318	luck	38141	7840	3874	7609	3815	153.7255	3.8944	46.185	3.5883	Noun	7775	0.99285	5.1862	1	22	4	12	1	high	
7078	7077	fur	26341	422	285	393	271	8.2745	2.6263	3.3977	2.4564	Noun	416	0.98578	3.9182	1	3	3	7	1	high	
19285	19284	wife	72957	17795	4811	17592	4781	348.9216	4.2503	57.3557	3.6823	Noun	17782	0.99994	5.5422	1	12	4	9	1	high	
11322	11321	mood	41564	1736	1288	1718	1281	34.0392	3.2398	15.3553	3.1103	Noun	1734	0.99942	4.5316	1	28.67	4	8	1	high	
16889	16888	sting	62521	358	265	289	236	7.0196	2.5551	3.1593	2.4249	Noun	174	0.48468	3.8469	1	48.75	5	6	1	high	
12435	12434	pair	45926	1900	1357	1851	1341	37.2549	3.279	16.1779	3.1329	Noun	1877	0.98841	4.5708	1	24.67	4	7	1	high	
7868	7867	gut	28923	497	393	474	379	9.7451	2.6972	4.6853	2.5955	Noun	438	0.88129	3.9891	1	7.5	3	16	1	high	
2029	2028	brake	7628	305	196	252	173	5.9804	2.4857	2.3367	2.2945	Noun	216	0.72241	3.7776	1	38.5	5	4	1	high	
1344	1343	beam	5212	445	232	398	204	8.7255	2.6493	2.7659	2.3674	Noun	308	0.69213	3.9412	1	34	4	8	1	high	
15430	15429	scope	57072	286	193	270	182	5.6078	2.4579	2.3009	2.2878	Noun	285	1	3.7497	1	18.5	5	3	1	high	
9627	9626	lad	36112	736	339	675	316	14.4314	2.8675	4.0415	2.5315	Noun	726	1	4.1593	1	10	3	20	1	high	
17608	17607	teeth	65331	2440	1626	2353	1598	47.8431	3.3876	19.3848	3.2114	Noun	2433	0.99795	4.6794	1	29.5	5	1	1	high	
2772	2771	case	9866	14403	4885	14006	4849	282.4118	4.1585	58.238	3.689	Noun	11861	0.82362	5.4503	1	26	4	14	1	high	
9903	9902	length	36902	358	270	349	263	7.0196	2.5551	3.2189	2.433	Noun	337	0.94134	3.8469	1	36.2	6	0	1	high	
9252	9251	jerk	34769	1690	1110	1531	1031	33.1373	3.2281	13.2332	3.0457	Noun	1169	0.69131	4.52	1	14	4	1	1	high	
15030	15029	row	55743	1343	882	1176	827	26.3333	3.1284	10.515	2.946	Noun	1094	0.81581	4.4202	1	8	3	15	1	high	
16707	16706	stage	61961	2324	1176	2193	1139	45.5686	3.3664	14.02	3.0708	Noun	2283	0.98533	4.6583	1	38.25	5	6	1	high	
1886	1885	boom	7221	1112	585	609	390	21.8039	3.0465	6.9742	2.7679	Noun	1096	0.99186	4.3383	1	30.67	4	9	1	high	
7364	7363	girl	27336	28413	6143	27239	6094	557.1176	4.4535	73.2356	3.7885	Noun	28298	0.99989	5.7454	1	11.67	4	3	1	high	
6827	6826	force	25345	3604	1985	2918	1808	70.6667	3.5569	23.6648	3.298	Noun	2766	0.76897	4.8487	1	32.5	5	3	1	high	
19564	19563	youth	74060	858	600	747	536	16.8235	2.934	7.1531	2.7789	Noun	861	1	4.2258	1	27.75	5	2	1	high	
8203	8202	heir	30042	266	168	245	161	5.2157	2.4265	2.0029	2.2279	Noun	266	1	3.7183	1	11.67	4	3	1	high	
13066	13065	pill	48110	603	387	581	378	11.8235	2.781	4.6137	2.5888	Noun	600	0.99834	4.0729	1	34.67	4	14	1	high	
15355	15354	scarf	56823	239	165	235	163	4.6863	2.3802	1.9671	2.2201	Noun	239	1	3.672	1	27	5	3	1	high	
6383	6382	fence	23922	819	552	803	544	16.0588	2.9138	6.5808	2.7427	Noun	765	0.93635	4.2056	1	28.75	5	2	1	high	
6680	6679	flight	24831	3044	1358	2524	1255	59.6863	3.4836	16.1898	3.1332	Noun	3030	0.99901	4.7754	1	32	6	5	1	high	
3431	3430	coast	12204	1361	795	771	526	26.6863	3.1342	9.4778	2.9009	Noun	1355	0.99706	4.426	1	41.5	5	3	1	high	
16726	16725	stake	62001	847	666	819	652	16.6078	2.9284	7.9399	2.8241	Noun	634	0.74941	4.2202	1	34	5	9	1	high	
13270	13269	plot	48698	591	410	557	393	11.5882	2.7723	4.8879	2.6138	Noun	475	0.80372	4.0642	1	17.67	4	6	1	high	
15938	15937	shrimp	58860	444	246	384	215	8.7059	2.6484	2.9328	2.3927	Noun	444	1	3.9402	1	38.4	6	0	1	high	
6192	6191	fact	23309	8801	4369	8649	4339	172.5686	3.9446	52.0863	3.6405	Noun	7423	0.84324	5.2364	1	16	4	5	1	high	
15183	15182	sale	56217	1295	915	1270	907	25.3922	3.1126	10.9084	2.9619	Noun	1288	0.9969	4.4044	1	29.67	4	17	1	high	
4556	4555	death	16444	11051	4278	9811	4118	216.6863	4.0434	51.0014	3.6313	Noun	11024	0.99792	5.3353	1	47.25	5	2	1	high	
15062	15061	rug	55846	531	354	495	346	10.4118	2.7259	4.2203	2.5502	Noun	531	1	4.0177	1	8	3	16	1	high	
16186	16185	sleeve	59800	286	241	285	241	5.6078	2.4579	2.8732	2.3838	Noun	286	1	3.7497	1	27.6	6	0	1	high	
17742	17741	theme	65836	710	449	657	418	13.9216	2.8519	5.3529	2.6532	Noun	708	0.99718	4.1437	1	19.5	5	3	1	high	
18109	18108	track	67143	2843	1772	2720	1710	55.7451	3.4539	21.1254	3.2487	Noun	2068	0.72997	4.7458	1	50.25	5	6	1	high	
13282	13281	plug	48728	531	396	449	358	10.4118	2.7259	4.721	2.5988	Noun	290	0.54717	4.0177	1	11.67	4	3	1	high	
12751	12750	peak	46859	303	215	245	181	5.9412	2.4829	2.5632	2.3345	Noun	275	0.90759	3.7747	1	28.33	4	11	1	high	
9785	9784	lawn	36574	630	424	604	411	12.3529	2.8	5.0548	2.6284	Noun	629	1	4.0919	1	19.67	4	7	1	high	
2090	2089	breeze	7810	410	324	374	304	8.0392	2.6138	3.8627	2.5119	Noun	404	0.98537	3.9057	1	36	6	2	1	high	
16862	16861	stew	62427	328	212	267	199	6.4314	2.5172	2.5274	2.3284	Noun	291	0.8872	3.809	1	10.33	4	5	1	high	
14230	14229	ram	52122	328	197	170	128	6.4314	2.5172	2.3486	2.2967	Noun	164	0.58156	3.809	1	8	3	16	1	high	
10719	10718	math	39470	836	508	709	473	16.3922	2.9227	6.0563	2.7067	Noun	835	1	4.2146	1	23.33	4	10	1	high	
7033	7032	fruit	26153	1108	715	994	661	21.7255	3.0449	8.5241	2.8549	Noun	1108	1	4.3368	1	19.5	5	0	1	high	
15796	15795	sheep	58388	685	392	614	372	13.4314	2.8363	4.6733	2.5944	Noun	680	1	4.1282	1	33	5	6	1	high	
13196	13195	plant	48489	1408	831	1338	795	27.6078	3.1489	9.907	2.9201	Noun	1036	0.73527	4.4407	1	43.5	5	5	1	high	
15130	15129	sack	56053	659	504	586	488	12.9216	2.8195	6.0086	2.7033	Noun	551	0.83739	4.1114	1	30	4	14	1	high	
15863	15862	shock	58624	1468	1085	1402	1053	28.7843	3.167	12.9351	3.0358	Noun	1296	0.88283	4.4589	1	37.5	5	4	1	high	
15327	15326	scale	56732	485	391	469	383	9.5098	2.6866	4.6614	2.5933	Noun	425	0.8781	3.9785	1	27.75	5	6	1	high	
4574	4573	debt	16505	725	489	720	487	14.2157	2.8609	5.8298	2.6902	Noun	724	0.99862	4.1528	1	7.67	4	2	1	high	
15387	15386	schmuck	56947	234	168	194	145	4.5882	2.3711	2.0029	2.2279	Noun	150	0.64103	3.6629	1	18	7	0	1	high	
15943	15942	shrink	58869	577	380	550	368	11.3137	2.7619	4.5303	2.5809	Noun	438	0.75779	4.0538	1	84.4	6	4	1	high	
11353	11352	morgue	41679	440	269	420	258	8.6275	2.6444	3.207	2.4314	Noun	440	1	3.9363	1	38.4	6	0	1	high	
17260	17259	surf	64024	324	158	251	133	6.3529	2.5119	1.8836	2.2014	Noun	209	0.64706	3.8037	1	15	4	3	1	high	
8150	8149	health	29865	2054	1341	1736	1218	40.2745	3.3128	15.9871	3.1278	Noun	2048	0.99854	4.6046	1	40.4	6	2	1	high	
16139	16138	sky	59605	2285	1233	2023	1178	44.8039	3.3591	14.6996	3.0913	Noun	2275	0.99781	4.6509	1	1.5	3	6	1	high	
2907	2906	cell	10275	2772	1459	2656	1430	54.3529	3.4429	17.3939	3.1644	Noun	2769	1	4.7348	1	24.67	4	10	1	high	
13934	13933	pulse	51188	1200	530	823	474	23.5294	3.0795	6.3186	2.7251	Noun	1197	1	4.3714	1	27.25	5	1	1	high	
7489	7488	gold	27763	4026	1533	3398	1357	78.9412	3.605	18.2761	3.1858	Noun	3764	0.93748	4.8968	1	21.33	4	9	1	high	
9821	9820	league	36660	950	607	576	391	18.6275	2.9782	7.2365	2.7839	Noun	936	0.9863	4.27	1	38.2	6	0	1	high	
15972	15971	side	59005	10247	4725	9820	4646	200.9216	4.0106	56.3305	3.6745	Noun	10173	0.99375	5.3025	1	17.67	4	11	1	high	
4520	4519	day	16334	40893	7727	38926	7687	801.8235	4.6117	92.1197	3.8881	Noun	40424	0.99125	5.9035	1	8.5	3	16	1	high	
18251	18250	trick	67685	2411	1526	2215	1455	47.2745	3.3824	18.1927	3.1838	Noun	1919	0.7966	4.6742	1	45.25	5	7	1	high	
13671	13670	pride	50162	1411	936	1221	881	27.6667	3.1498	11.1588	2.9717	Noun	1301	0.92401	4.4417	1	35	5	5	1	high	
561	560	ape	2617	493	173	387	168	9.6667	2.6937	2.0625	2.2405	Noun	464	0.94118	3.9856	1	1.5	3	9	1	high	
12426	12425	pain	45899	4995	2568	4767	2516	97.9412	3.6986	30.6152	3.4098	Noun	4938	0.99196	4.9905	1	29.33	4	10	1	high	
5135	5134	doc	19255	4122	1078	866	421	80.8235	3.6152	12.8517	3.033	Noun	4114	0.99951	4.907	1	3.5	3	5	1	high	
17894	17893	tin	66443	441	269	270	220	8.6471	2.6454	3.207	2.4314	Noun	410	0.94253	3.9373	1	8	3	17	1	high	
6245	6244	fame	23461	441	325	349	267	8.6471	2.6454	3.8746	2.5132	Noun	440	0.99773	3.9373	1	19.67	4	13	1	high	
1901	1900	boot	7251	568	374	484	350	11.1373	2.7551	4.4588	2.574	Noun	382	0.67135	4.0469	1	34.67	4	17	1	high	
7439	7438	glue	27598	300	220	268	206	5.8824	2.4786	2.6228	2.3444	Noun	233	0.77667	3.7704	1	10	4	6	1	high	
5180	5179	doll	19390	1263	648	1080	615	24.7647	3.1017	7.7253	2.8122	Noun	1240	0.98335	4.3936	1	35	4	11	1	high	
1074	1073	bail	4463	885	522	793	497	17.3529	2.9474	6.2232	2.7185	Noun	550	0.62147	4.2393	1	27.67	4	14	1	high	
16903	16902	stock	62576	1300	775	1228	742	25.4902	3.1143	9.2394	2.8899	Noun	1267	0.97762	4.4061	1	38.5	5	6	1	high	
17437	17436	tad	64730	238	148	138	126	4.6667	2.3784	1.7644	2.1732	Noun	238	1	3.6702	1	9	3	20	1	high	
3388	3387	clothes	12069	5158	2790	5060	2761	101.1373	3.7126	33.2618	3.4458	Noun	5141	0.9967	5.0044	1	139	7	2	1	high	
15377	15376	scheme	56900	370	296	365	294	7.2549	2.5694	3.5289	2.4728	Noun	354	0.95676	3.8612	1	15.2	6	1	1	high	
2059	2058	breach	7721	317	220	305	214	6.2157	2.5024	2.6228	2.3444	Noun	274	0.86435	3.7943	1	48.8	6	5	1	high	
14209	14208	rain	52067	2494	1446	2243	1335	48.902	3.3971	17.2389	3.1605	Noun	2135	0.85743	4.6889	1	27.67	4	10	1	high	
17991	17990	tongue	66762	1589	1117	1524	1093	31.1569	3.2014	13.3166	3.0484	Noun	1565	0.99051	4.4932	1	32	6	0	1	high	
17013	17012	string	62978	646	505	595	466	12.6667	2.8109	6.0205	2.7042	Noun	519	0.8059	4.1027	1	128.2	6	3	1	high	
11780	11779	niece	43229	486	275	482	275	9.5294	2.6875	3.2785	2.4409	Noun	485	1	3.9794	1	16.25	5	1	1	high	
7808	7807	guilt	28765	760	574	706	552	14.902	2.8814	6.8431	2.7597	Noun	762	1	4.1732	1	25.25	5	4	1	high	
16224	16223	slot	59950	280	204	267	198	5.4902	2.4487	2.432	2.3118	Noun	270	0.97473	3.7405	1	21	4	15	1	high	
4432	4431	dad	16036	25870	4351	9451	2954	507.2549	4.4128	51.8717	3.6387	Noun	25728	0.99887	5.7046	1	7.5	3	15	1	high	
19385	19384	wolf	73342	1034	376	623	288	20.2745	3.0149	4.4826	2.5763	Noun	925	0.89632	4.3068	1	19.33	4	2	1	high	
10673	10672	mask	39334	1010	480	912	463	19.8039	3.0048	5.7225	2.6821	Noun	957	0.95129	4.2966	1	26.33	4	9	1	high	
10065	10064	line	37359	10515	4539	10060	4455	206.1765	4.0219	54.113	3.6571	Noun	9959	0.94812	5.3137	1	37	4	22	1	high	
4365	4364	curve	15848	235	179	209	166	4.6078	2.3729	2.134	2.2553	Noun	224	0.95319	3.6647	1	25.25	5	2	1	high	
14944	14943	role	55460	929	653	920	649	18.2157	2.9685	7.7849	2.8156	Noun	928	1	4.2603	1	31.33	4	14	1	high	
15339	15338	scam	56758	313	225	308	224	6.1373	2.4969	2.6824	2.3541	Noun	277	0.88782	3.7888	1	8	4	8	1	high	
16934	16933	store	62698	4178	2145	4040	2095	81.9216	3.6211	25.5722	3.3316	Noun	3998	0.95852	4.9129	1	40.5	5	13	1	high	
11433	11432	mount	41875	597	400	198	164	11.7059	2.7767	4.7687	2.6031	Noun	373	0.62479	4.0685	1	43.5	5	4	1	high	
6674	6673	flick	24817	257	137	150	122	5.0392	2.4116	1.6333	2.1399	Noun	121	0.47082	3.7035	1	37	5	4	1	high	
12952	12951	phase	47685	629	409	502	367	12.3333	2.7993	4.876	2.6128	Noun	613	0.97767	4.0912	1	33.5	5	1	1	high	
15473	15472	screen	57209	1193	766	1152	749	23.3922	3.077	9.1321	2.8848	Noun	1125	0.94777	4.3688	1	43.6	6	1	1	high	
4029	4028	court	14725	5137	1839	4464	1693	100.7255	3.7108	21.9242	3.2648	Noun	5089	0.99046	5.0026	1	38.5	5	1	1	high	
1217	1216	barn	4883	693	395	609	342	13.5882	2.8414	4.7091	2.5977	Noun	692	0.99856	4.1332	1	36.33	4	12	1	high	
7582	7581	grain	28067	243	179	233	172	4.7647	2.3874	2.134	2.2553	Noun	243	1	3.6792	1	44.25	5	5	1	high	
7767	7766	guard	28683	2968	1569	2122	1297	58.1961	3.4726	18.7053	3.1959	Noun	2149	0.72333	4.7644	1	26.75	5	0	1	high	
16455	16454	source	60953	1437	812	1131	777	28.1765	3.1578	9.6805	2.9101	Noun	1435	0.99861	4.4496	1	35.4	6	0	1	high	
8565	8564	hound	31260	257	167	197	134	5.0392	2.4116	1.9909	2.2253	Noun	235	0.92885	3.7035	1	38	5	7	1	high	
11875	11874	north	43694	3258	1616	1583	979	63.8824	3.5131	19.2656	3.2087	Noun	2942	0.90329	4.8049	1	34	5	2	1	high	
12458	12457	palm	46011	675	435	344	274	13.2353	2.8299	5.186	2.6395	Noun	675	1	4.1218	1	24.67	4	5	1	high	
13029	13028	pie	48003	1466	790	1273	751	28.7451	3.1664	9.4182	2.8982	Noun	1465	1	4.4583	1	6	3	11	1	high	
17410	17409	tab	64645	294	232	258	211	5.7647	2.4698	2.7659	2.3674	Noun	279	0.94898	3.7617	1	6	3	11	1	high	
12669	12668	path	46653	1252	870	1198	848	24.549	3.098	10.372	2.94	Noun	1252	1	4.3898	1	23.67	4	8	1	high	
1081	1080	bait	4479	496	392	457	370	9.7255	2.6964	4.6733	2.5944	Noun	407	0.82056	3.9882	1	28.33	4	3	1	high	
7435	7434	glove	27580	515	336	475	324	10.098	2.7126	4.0057	2.5276	Noun	514	1	4.0045	1	30	5	3	1	high	
5550	5549	earth	20500	5074	2339	2773	1703	99.4902	3.7054	27.8851	3.3692	Noun	5058	0.99822	4.9973	1	35	5	0	1	high	
6797	6796	fool	25247	4556	2370	4311	2308	89.3333	3.6587	28.2546	3.3749	Noun	2789	0.61432	4.9505	1	27	4	10	1	high	
6696	6695	flood	24908	291	202	225	176	5.7059	2.4654	2.4082	2.3075	Noun	171	0.58763	3.7572	1	34.75	5	2	1	high	
16474	16473	space	61019	3369	1674	3073	1604	66.0588	3.5276	19.9571	3.224	Noun	3253	0.96672	4.8195	1	33.25	5	6	1	high	
3199	3198	chow	11349	350	221	191	161	6.8627	2.5453	2.6347	2.3464	Noun	160	0.45714	3.8371	1	12.67	4	4	1	high	
17687	17686	term	65601	890	693	879	685	17.451	2.9499	8.2618	2.8414	Noun	842	0.94713	4.2417	1	16	4	3	1	high	
15825	15824	shift	58481	1164	793	1097	758	22.8235	3.0663	9.454	2.8998	Noun	814	0.69931	4.3582	1	30.5	5	3	1	high	
3387	3386	cloth	12066	311	236	304	230	6.098	2.4942	2.8135	2.3747	Noun	311	1	3.786	1	39.75	5	2	1	high	
18962	18961	vow	71694	276	200	267	195	5.4118	2.4425	2.3844	2.3032	Noun	205	0.74275	3.7343	1	6.5	3	11	1	high	
16716	16715	stain	61987	316	242	307	237	6.1961	2.5011	2.8851	2.3856	Noun	253	0.80063	3.7929	1	37.5	5	5	1	high	
2034	2033	branch	7637	514	374	435	340	10.0784	2.7118	4.4588	2.574	Noun	477	0.92802	4.0036	1	58.2	6	1	1	high	
10291	10290	lounge	38009	401	273	327	232	7.8627	2.6042	3.2546	2.4378	Noun	388	0.96758	3.8961	1	42.6	6	0	1	high	
11241	11240	mole	41315	411	162	316	148	8.0588	2.6149	1.9313	2.2122	Noun	396	0.96822	3.9067	1	29.67	4	14	1	high	
6180	6179	face	23275	14747	5610	14152	5529	289.1569	4.1687	66.8813	3.749	Noun	11894	0.80719	5.4606	1	19	4	11	1	high	
10285	10284	lot	37981	29066	7185	28738	7165	569.9216	4.4634	85.6581	3.8565	Noun	21770	0.74924	5.7552	1	8.5	3	17	1	high	
10500	10499	mall	38766	964	426	855	398	18.902	2.9845	5.0787	2.6304	Noun	965	1	4.2764	1	38	4	15	1	high	
8344	8343	hint	30543	469	400	456	396	9.1961	2.6721	4.7687	2.6031	Noun	451	0.96368	3.9639	1	30.33	4	8	1	high	
16279	16278	snack	60218	466	348	427	326	9.1373	2.6693	4.1488	2.5428	Noun	442	0.94647	3.9612	1	27	5	5	1	high	
7818	7817	gulf	28792	241	177	53	40	4.7255	2.3838	2.1102	2.2504	Noun	131	0.54812	3.6756	1	12.67	4	3	1	high	
16407	16406	son	60775	20949	5145	18329	4838	410.7647	4.3212	61.3376	3.7115	Noun	20864	0.99952	5.613	1	7.5	3	15	1	high	
13641	13640	press	50017	3070	1683	2707	1520	60.1961	3.4873	20.0644	3.2263	Noun	2004	0.65298	4.7791	1	28.75	5	4	1	high	
11048	11047	mind	40680	24715	6870	23477	6771	484.6078	4.393	81.9027	3.837	Noun	12457	0.50474	5.6848	1	31.33	4	12	1	high	
8170	8169	heat	29931	2044	1315	1926	1260	40.0784	3.3107	15.6772	3.1193	Noun	1850	0.90465	4.6025	1	34.67	4	11	1	high	
17882	17881	time	66411	99890	8308	96603	8303	1958.6275	4.9995	99.0463	3.9195	Noun	98420	0.98616	6.2914	1	15.67	4	9	1	high	
15487	15486	script	57257	1000	404	916	338	19.6078	3.0004	4.8164	2.6075	Noun	996	0.996	4.2923	1	29.6	6	0	1	high	
8389	8388	hog	30701	261	194	234	179	5.1176	2.4183	2.3128	2.29	Noun	205	0.78846	3.7101	1	7	3	14	1	high	
16496	16495	spark	61097	320	224	286	208	6.2745	2.5065	2.6705	2.3522	Noun	252	0.79495	3.7983	1	34.75	5	4	1	high	
13140	13139	pitch	48346	792	474	744	454	15.5294	2.8993	5.6509	2.6767	Noun	528	0.66667	4.1911	1	34.5	5	7	1	high	
6268	6267	farm	23561	1532	731	1369	681	30.0392	3.1855	8.7148	2.8645	Noun	1518	0.99151	4.4774	1	29.67	4	6	1	high	
14154	14153	rack	51919	397	320	362	303	7.7843	2.5999	3.815	2.5065	Noun	330	0.83333	3.8917	1	32	4	15	1	high	
7463	7462	goat	27673	537	338	480	315	10.5294	2.7308	4.0296	2.5302	Noun	536	0.99814	4.0226	1	20.67	4	7	1	high	
12748	12747	peach	46851	324	212	246	185	6.3529	2.5119	2.5274	2.3284	Noun	321	0.99381	3.8037	1	52.5	5	7	1	high	
18278	18277	trip	67775	4202	2366	4055	2343	82.3922	3.6236	28.207	3.3742	Noun	4125	0.98355	4.9154	1	14	4	5	1	high	
1351	1350	beard	5238	643	399	625	390	12.6078	2.8089	4.7568	2.6021	Noun	645	0.99845	4.1007	1	50.5	5	3	1	high	
16917	16916	stone	62638	2072	938	1158	737	40.6275	3.3166	11.1826	2.9727	Noun	1761	0.85155	4.6084	1	40	5	8	1	high	
11610	11609	nap	42539	645	487	626	481	12.6471	2.8102	5.8059	2.6884	Noun	611	0.94876	4.1021	1	7	3	13	1	high	
9825	9824	leak	36664	517	382	504	379	10.1373	2.7143	4.5541	2.5832	Noun	418	0.80851	4.0062	1	29	4	9	1	high	
1289	1288	bath	5074	1587	994	1512	961	31.1176	3.2009	11.8503	2.9978	Noun	1497	0.94388	4.4927	1	23.33	4	8	1	high	
1594	1593	birth	6242	1405	948	1344	907	27.549	3.148	11.3019	2.9773	Noun	1405	1	4.4398	1	26	5	5	1	high	
18026	18025	torch	66889	254	196	220	176	4.9804	2.4065	2.3367	2.2945	Noun	252	0.99213	3.6984	1	40.75	5	2	1	high	
16453	16452	soup	60945	1285	763	1189	722	25.1961	3.1092	9.0963	2.8831	Noun	1283	1	4.4011	1	16.33	4	4	1	high	
4179	4178	crime	15190	3633	1782	3328	1720	71.2353	3.5604	21.2446	3.2512	Noun	3640	0.99973	4.8522	1	37.5	5	4	1	high	
19048	19047	ward	71982	727	401	432	318	14.2549	2.8621	4.7806	2.6042	Noun	438	0.60414	4.154	1	36.33	4	15	1	high	
7557	7556	gown	27995	334	263	324	258	6.549	2.525	3.1354	2.4216	Noun	334	1	3.8169	1	14.33	4	4	1	high	
