numid|f	X|f	Word|s	Unnamed|f	FREQcount|f	Cdcount|f	FREQlow|f	Cdlow|f	SUBLTLWF|f	Lg10WF|f	SUBTLCD|f	Lg10CD|f	Dom_PoS_SUBTLEX|s	Freq_dom_PoS_SUBTLEX|f	Percentage_dom_PoS|f	Zipfvalue|f	cmu_sylls|f	BF_TP|f	LEN_L|f	N|f	Zipfvalue_incl|f	Zipfvalue_cat|s	cond_name|s	cond_code|f	trigger_code|f	len|f	corr_resp|f	fix_code|f	word_code|f	delay_code|f	audioresp_code|f	
13551	13550	pox	49579	75	54	74	53	1.4706	1.8808	0.64378	1.7404	Noun	76	1	3.1726	1	4.5	3	8	1	low	low1	3	30	1	2	31	32	33	34	
8665	8664	hut	31635	674	211	350	146	13.2157	2.8293	2.5155	2.3263	Noun	672	1	4.1211	1	8.5	3	18	1	high	high1	1	10	1	2	11	12	13	14	
112	111	advisor	941	225	145	198	132	4.4118	2.3541	1.7287	2.1644	Noun	224	0.99556	3.6459	3	21.5	7	1	1	low	low3	4	40	1	2	41	42	43	44	
809	808	assistance	3501	558	447	532	429	10.9412	2.7474	5.329	2.6513	Noun	557	1	4.0392	3	47.44	10	0	1	high	high3	2	20	1	2	21	22	23	24	
9428	9427	keg	35422	175	99	159	96	3.4314	2.2455	1.1803	2	Noun	160	0.91429	3.5373	1	4	3	6	1	low	low1	3	30	1	2	31	32	33	34	
1760	1759	blur	6818	109	94	101	87	2.1373	2.0414	1.1206	1.9777	Noun	89	0.82407	3.3332	1	12.33	4	2	1	low	low1	3	30	1	2	31	32	33	34	
851	850	atmosphere	3663	493	362	483	356	9.6667	2.6937	4.3157	2.5599	Noun	493	1	3.9856	3	20.56	10	0	1	high	high3	2	20	1	2	21	22	23	24	
15658	15657	sentiment	57882	162	148	154	143	3.1765	2.2122	1.7644	2.1732	Noun	162	1	3.504	3	70.25	9	0	1	low	low3	4	40	1	2	41	42	43	44	
16675	16674	squat	61808	160	133	146	125	3.1373	2.2068	1.5856	2.1271	Noun	74	0.4625	3.4987	1	7.25	5	2	1	low	low1	3	30	1	2	31	32	33	34	
13332	13331	poisoning	48885	302	226	298	224	5.9216	2.4814	2.6943	2.356	Noun	213	0.7053	3.7733	3	204.25	9	0	1	high	high3	2	20	1	2	21	22	23	24	
9815	9814	leadership	36647	249	197	232	187	4.8824	2.3979	2.3486	2.2967	Noun	249	1	3.6898	3	32.33	10	1	1	high	high3	2	20	1	2	21	22	23	24	
17437	17436	tad	64730	238	148	138	126	4.6667	2.3784	1.7644	2.1732	Noun	238	1	3.6702	1	9	3	20	1	high	high1	1	10	1	2	11	12	13	14	
13606	13605	pregnancy	49836	334	220	322	213	6.549	2.525	2.6228	2.3444	Noun	334	1	3.8169	3	51.38	9	0	1	high	high3	2	20	1	2	21	22	23	24	
1767	1766	boar	6846	111	60	93	55	2.1765	2.0492	0.71531	1.7853	Noun	111	1	3.3411	1	26.33	4	5	1	low	low1	3	30	1	2	31	32	33	34	
14105	14104	quid	51755	161	75	146	67	3.1569	2.2095	0.89413	1.8808	Noun	161	1	3.5013	1	8.33	4	3	1	low	low1	3	30	1	2	31	32	33	34	
14942	14941	rogue	55444	190	114	123	103	3.7255	2.281	1.3591	2.0607	Noun	175	0.92105	3.5729	1	17.75	5	1	1	low	low1	3	30	1	2	31	32	33	34	
16453	16452	soup	60945	1285	763	1189	722	25.1961	3.1092	9.0963	2.8831	Noun	1283	1	4.4011	1	16.33	4	4	1	high	high1	1	10	1	2	11	12	13	14	
6332	6331	feat	23776	78	70	76	69	1.5294	1.8976	0.83453	1.8513	Noun	78	1	3.1895	1	31.67	4	12	1	low	low1	3	30	1	2	31	32	33	34	
7084	7083	furniture	26367	769	538	729	523	15.0784	2.8865	6.4139	2.7316	Noun	767	1	4.1783	3	35.13	9	0	1	high	high3	2	20	1	2	21	22	23	24	
2751	2750	cart	9805	461	325	449	321	9.0392	2.6646	3.8746	2.5132	Noun	427	0.93435	3.9565	1	34	4	14	1	high	high1	1	10	1	2	11	12	13	14	
3987	3986	cough	14565	448	334	387	295	8.7843	2.6522	3.9819	2.525	Noun	258	0.57461	3.9441	1	34.75	5	5	1	high	high1	1	10	1	2	11	12	13	14	
4334	4333	curb	15755	209	173	200	165	4.098	2.3222	2.0625	2.2405	Noun	139	0.66507	3.6141	1	16.67	4	4	1	low	low1	3	30	1	2	31	32	33	34	
5052	5051	disk	18767	338	128	332	128	6.6275	2.5302	1.526	2.1106	Noun	338	1	3.822	1	16.67	4	7	1	high	high1	1	10	1	2	11	12	13	14	
7413	7412	glimpse	27490	171	162	171	162	3.3529	2.2355	1.9313	2.2122	Noun	162	0.94737	3.5274	1	30.83	7	0	1	low	low1	3	30	1	2	31	32	33	34	
14564	14563	remedy	53808	118	107	115	104	2.3137	2.0755	1.2756	2.0334	Noun	74	0.62712	3.3674	3	41.4	6	0	1	low	low3	4	40	1	2	41	42	43	44	
18397	18396	turf	68203	218	176	205	164	4.2745	2.3404	2.0982	2.248	Noun	212	0.97248	3.6323	1	14	4	3	1	low	low1	3	30	1	2	31	32	33	34	
9237	9236	jazz	34700	608	305	406	252	11.9216	2.7846	3.6361	2.4857	Noun	593	0.97694	4.0765	1	6.67	4	0	1	high	high1	1	10	1	2	11	12	13	14	
17506	17505	tap	64988	752	480	653	440	14.7451	2.8768	5.7225	2.6821	Noun	392	0.52197	4.1686	1	9	3	18	1	high	high1	1	10	1	2	11	12	13	14	
12881	12880	perk	47368	72	63	58	55	1.4118	1.8633	0.75107	1.8062	Noun	46	0.63014	3.1552	1	18	4	7	1	low	low1	3	30	1	2	31	32	33	34	
11865	11864	noon	43656	924	703	848	673	18.1176	2.9661	8.381	2.8476	Noun	922	1	4.258	1	25.67	4	7	1	high	high1	1	10	1	2	11	12	13	14	
16656	16655	spur	61741	73	57	66	53	1.4314	1.8692	0.67954	1.7634	Noun	62	0.84932	3.1611	1	8.33	4	4	1	low	low1	3	30	1	2	31	32	33	34	
19285	19284	wife	72957	17795	4811	17592	4781	348.9216	4.2503	57.3557	3.6823	Noun	17782	0.99994	5.5422	1	12	4	9	1	high	high1	1	10	1	2	11	12	13	14	
10672	10671	mash	39326	224	150	68	60	4.3922	2.3522	1.7883	2.179	Noun	123	0.54911	3.644	1	30.33	4	15	1	low	low1	3	30	1	2	31	32	33	34	
16510	16509	spawn	61144	93	56	68	54	1.8235	1.9731	0.66762	1.7559	Noun	58	0.63043	3.265	1	23.75	5	0	1	low	low1	3	30	1	2	31	32	33	34	
6663	6662	flea	24755	169	110	133	102	3.3137	2.2304	1.3114	2.0453	Noun	139	0.82738	3.5223	1	12.67	4	5	1	low	low1	3	30	1	2	31	32	33	34	
13541	13540	poverty	49554	221	166	204	153	4.3333	2.3464	1.979	2.2227	Noun	221	1	3.6382	3	47	7	0	1	low	low3	4	40	1	2	41	42	43	44	
12316	12315	overdose	45388	136	100	115	90	2.6667	2.1367	1.1922	2.0043	Noun	112	0.82353	3.4286	3	37.57	8	1	1	low	low3	4	40	1	2	41	42	43	44	
9082	9081	internship	33907	152	74	148	74	2.9804	2.1847	0.88221	1.8751	Noun	150	1	3.4765	3	60.22	10	0	1	low	low3	4	40	1	2	41	42	43	44	
18167	18166	translator	67375	115	77	106	71	2.2549	2.0645	0.91798	1.8921	Noun	114	1	3.3563	3	49.78	10	0	1	low	low3	4	40	1	2	41	42	43	44	
16858	16857	stern	62408	327	154	140	106	6.4118	2.5159	1.836	2.1903	Noun	199	0.60856	3.8077	1	33	5	1	1	high	high1	1	10	1	2	11	12	13	14	
