numid|f	X|f	Word|s	Unnamed|f	FREQcount|f	Cdcount|f	FREQlow|f	Cdlow|f	SUBLTLWF|f	Lg10WF|f	SUBTLCD|f	Lg10CD|f	Dom_PoS_SUBTLEX|s	Freq_dom_PoS_SUBTLEX|f	Percentage_dom_PoS|f	Zipfvalue|f	cmu_sylls|f	BF_TP|f	LEN_L|f	N|f	Zipfvalue_incl|f	Zipfvalue_cat|s	cond_name|s	cond_code|f	trigger_code|f	len|f	corr_resp|f	fix_code|f	word_code|f	delay_code|f	audioresp_code|f	
12899	12898	persuasion	47518	100	88	89	82	1.9608	2.0043	1.0491	1.9494	Noun	100	1	3.2962	3	84.33	10	0	1	low	low3	4	40	1	2	41	42	43	44	
7211	7210	gasp	26765	88	60	82	55	1.7255	1.9494	0.71531	1.7853	Noun	45	0.50562	3.2412	1	20.67	4	3	1	low	low1	3	30	1	2	31	32	33	34	
14822	14821	ridge	55066	361	193	191	137	7.0784	2.5587	2.3009	2.2878	Noun	348	0.96667	3.8505	1	26.5	5	1	1	high	high1	1	10	1	2	11	12	13	14	
5320	5319	drain	19812	440	337	420	327	8.6275	2.6444	4.0176	2.5289	Noun	290	0.6576	3.9363	1	41.5	5	4	1	high	high1	1	10	1	2	11	12	13	14	
9577	9576	knot	35868	188	151	187	150	3.6863	2.2765	1.8002	2.1818	Noun	181	0.96277	3.5683	1	10.67	4	4	1	low	low1	3	30	1	2	31	32	33	34	
12520	12519	paperwork	46180	531	430	509	415	10.4118	2.7259	5.1264	2.6345	Noun	528	0.99623	4.0177	3	53.13	9	0	1	high	high3	2	20	1	2	21	22	23	24	
159	158	agreement	1242	892	603	867	594	17.4902	2.9509	7.1888	2.781	Noun	887	1	4.2427	3	52.63	9	0	1	high	high3	2	20	1	2	21	22	23	24	
13754	13753	profession	50429	461	380	452	374	9.0392	2.6646	4.5303	2.5809	Noun	461	1	3.9565	3	107.33	10	1	1	high	high3	2	20	1	2	21	22	23	24	
9118	9117	inventor	34156	117	83	114	82	2.2941	2.0719	0.98951	1.9243	Noun	117	1	3.3637	3	61.57	8	1	1	low	low3	4	40	1	2	41	42	43	44	
18980	18979	wad	71752	89	77	80	72	1.7451	1.9542	0.91798	1.8921	Noun	90	1	3.2461	1	9	3	17	1	low	low1	3	30	1	2	31	32	33	34	
17316	17315	swat	64256	196	105	21	20	3.8431	2.2945	1.2518	2.0253	Noun	87	0.44388	3.5863	1	13.67	4	9	1	low	low1	3	30	1	2	31	32	33	34	
16701	16700	staff	61953	1632	987	1457	923	32	3.213	11.7668	2.9948	Noun	1603	0.98163	4.5048	1	30	5	2	1	high	high1	1	10	1	2	11	12	13	14	
17053	17052	studio	63106	1190	566	1071	517	23.3333	3.0759	6.7477	2.7536	Noun	1187	0.99832	4.3677	3	30.8	6	0	1	high	high3	2	20	1	2	21	22	23	24	
14928	14927	rock	55392	4394	1905	3219	1631	86.1569	3.643	22.711	3.2801	Noun	3487	0.81586	4.9348	1	27.67	4	12	1	high	high1	1	10	1	2	11	12	13	14	
6263	6262	farce	23544	89	68	88	67	1.7451	1.9542	0.81068	1.8388	Noun	89	1	3.2461	1	35.75	5	1	1	low	low1	3	30	1	2	31	32	33	34	
14683	14682	resistance	54386	431	272	289	236	8.451	2.6355	3.2427	2.4362	Noun	431	1	3.9273	3	68.89	10	0	1	high	high3	2	20	1	2	21	22	23	24	
14409	14408	recording	52955	748	371	712	353	14.6667	2.8745	4.423	2.5705	Noun	552	0.73797	4.1663	3	230.5	9	0	1	high	high3	2	20	1	2	21	22	23	24	
2272	2271	bulk	8356	97	91	89	83	1.902	1.9912	1.0849	1.9638	Noun	81	0.83505	3.2831	1	18.67	4	7	1	low	low1	3	30	1	2	31	32	33	34	
15333	15332	scalp	56749	188	141	177	135	3.6863	2.2765	1.681	2.1523	Noun	158	0.84492	3.5683	1	18.5	5	3	1	low	low1	3	30	1	2	31	32	33	34	
4060	4059	cowardice	14795	91	60	81	55	1.7843	1.9638	0.71531	1.7853	Noun	91	1	3.2556	3	59.63	9	0	1	low	low3	4	40	1	2	41	42	43	44	
5833	5832	enterprise	21782	413	164	139	124	8.098	2.617	1.9552	2.2175	Noun	411	0.99757	3.9088	3	63	10	0	1	high	high3	2	20	1	2	21	22	23	24	
16079	16078	size	59416	2353	1695	2267	1652	46.1373	3.3718	20.2074	3.2294	Noun	2323	0.98683	4.6636	1	9.33	4	4	1	high	high1	1	10	1	2	11	12	13	14	
17735	17734	theater	65809	1226	594	1059	537	24.0392	3.0888	7.0815	2.7745	Noun	1159	0.95234	4.3807	3	130	7	0	1	high	high3	2	20	1	2	21	22	23	24	
10164	10163	loaf	37623	228	162	224	159	4.4706	2.3598	1.9313	2.2122	Noun	207	0.90789	3.6517	1	20	4	4	1	high	high1	1	10	1	2	11	12	13	14	
10234	10233	lollipop	37808	91	61	65	47	1.7843	1.9638	0.72723	1.7924	Noun	89	1	3.2556	3	35.71	8	0	1	low	low3	4	40	1	2	41	42	43	44	
4902	4901	dice	18014	533	295	507	280	10.451	2.7275	3.5169	2.4713	Noun	533	1	4.0194	1	17.67	4	11	1	high	high1	1	10	1	2	11	12	13	14	
10690	10689	mast	39380	83	57	70	49	1.6275	1.9243	0.67954	1.7634	Noun	83	1	3.2161	1	34.67	4	16	1	low	low1	3	30	1	2	31	32	33	34	
89	88	adjustment	762	158	129	152	125	3.098	2.2014	1.5379	2.1139	Noun	157	1	3.4932	3	43.33	10	0	1	low	low3	4	40	1	2	41	42	43	44	
16707	16706	stage	61961	2324	1176	2193	1139	45.5686	3.3664	14.02	3.0708	Noun	2283	0.98533	4.6583	1	38.25	5	6	1	high	high1	1	10	1	2	11	12	13	14	
7946	7945	hamburger	29235	397	247	340	221	7.7843	2.5999	2.9447	2.3945	Noun	380	0.96203	3.8917	3	38.75	9	0	1	high	high3	2	20	1	2	21	22	23	24	
15941	15940	shrine	58867	151	93	121	88	2.9608	2.1818	1.1087	1.9731	Noun	151	1	3.4737	1	90	6	1	1	low	low1	3	30	1	2	31	32	33	34	
18324	18323	truce	67941	220	150	176	130	4.3137	2.3444	1.7883	2.179	Noun	221	1	3.6362	1	29.25	5	3	1	low	low1	3	30	1	2	31	32	33	34	
18113	18112	tract	67153	73	56	71	54	1.4314	1.8692	0.66762	1.7559	Noun	70	0.9589	3.1611	1	41.75	5	3	1	low	low1	3	30	1	2	31	32	33	34	
8183	8182	heck	29972	925	607	742	538	18.1373	2.9666	7.2365	2.7839	Noun	903	0.97622	4.2584	1	25	4	7	1	high	high1	1	10	1	2	11	12	13	14	
12468	12467	pan	46058	627	366	345	265	12.2941	2.798	4.3634	2.5647	Noun	291	0.46486	4.0898	1	9	3	19	1	high	high1	1	10	1	2	11	12	13	14	
5749	5748	employer	21322	274	206	272	204	5.3725	2.4393	2.4559	2.316	Noun	270	0.99631	3.7312	3	47.57	8	2	1	high	high3	2	20	1	2	21	22	23	24	
6793	6792	food	25238	7876	3605	7355	3494	154.4314	3.8964	42.9781	3.557	Noun	7869	0.99975	5.1882	1	28.33	4	10	1	high	high1	1	10	1	2	11	12	13	14	
16547	16546	spell	61286	1869	884	1798	855	36.6471	3.2718	10.5389	2.9469	Noun	1190	0.63704	4.5637	1	29.25	5	5	1	high	high1	1	10	1	2	11	12	13	14	
3810	3809	contestant	13857	136	86	118	80	2.6667	2.1367	1.0253	1.9395	Noun	134	1	3.4286	3	86.67	10	0	1	low	low3	4	40	1	2	41	42	43	44	
43	42	accounting	410	230	179	186	151	4.5098	2.3636	2.134	2.2553	Noun	180	0.78261	3.6554	3	175.33	10	0	1	high	high3	2	20	1	2	21	22	23	24	
11583	11582	mystery	42430	1171	837	1094	802	22.9608	3.0689	9.9785	2.9232	Noun	1167	0.99744	4.3608	3	103.67	7	1	1	high	high3	2	20	1	2	21	22	23	24	
12137	12136	opponent	44665	240	182	239	182	4.7059	2.382	2.1698	2.2625	Noun	239	1	3.6739	3	55.86	8	0	1	high	high3	2	20	1	2	21	22	23	24	
16364	16363	sodium	60594	126	80	87	59	2.4706	2.1038	0.95374	1.9085	Noun	126	1	3.3956	3	25.8	6	1	1	low	low3	4	40	1	2	41	42	43	44	
3214	3213	chump	11450	209	150	201	147	4.098	2.3222	1.7883	2.179	Noun	154	0.74038	3.6141	1	23.25	5	5	1	low	low1	3	30	1	2	31	32	33	34	
19033	19032	wand	71931	157	74	152	73	3.0784	2.1987	0.88221	1.8751	Noun	155	1	3.4905	1	34	4	9	1	low	low1	3	30	1	2	31	32	33	34	
12218	12217	orphanage	44907	273	136	256	132	5.3529	2.4378	1.6214	2.1367	Noun	273	1	3.7296	3	24.63	9	0	1	high	high3	2	20	1	2	21	22	23	24	
12790	12789	peer	46999	78	63	70	56	1.5294	1.8976	0.75107	1.8062	Noun	49	0.62821	3.1895	1	26.67	4	11	1	low	low1	3	30	1	2	31	32	33	34	
5857	5856	envelope	21894	513	326	506	321	10.0588	2.711	3.8865	2.5145	Noun	512	1	4.0028	3	34.57	8	0	1	high	high3	2	20	1	2	21	22	23	24	
16917	16916	stone	62638	2072	938	1158	737	40.6275	3.3166	11.1826	2.9727	Noun	1761	0.85155	4.6084	1	40	5	8	1	high	high1	1	10	1	2	11	12	13	14	
10916	10915	metaphor	40226	198	159	197	158	3.8824	2.2989	1.8956	2.2041	Noun	199	1	3.5907	3	26.57	8	0	1	low	low3	4	40	1	2	41	42	43	44	
4936	4935	dignity	18174	551	418	524	412	10.8039	2.7419	4.9833	2.6222	Noun	549	1	4.0338	3	56.17	7	1	1	high	high3	2	20	1	2	21	22	23	24	
17935	17934	toad	66587	290	130	176	112	5.6863	2.4639	1.5498	2.1173	Noun	182	0.62759	3.7557	1	22.67	4	5	1	high	high1	1	10	1	2	11	12	13	14	
16557	16556	sphere	61335	126	47	74	39	2.4706	2.1038	0.56032	1.6812	Noun	126	1	3.3956	1	50.4	6	0	1	low	low1	3	30	1	2	31	32	33	34	
18172	18171	trap	67455	1216	806	1107	757	23.8431	3.0853	9.609	2.9069	Noun	958	0.78913	4.3771	1	17.67	4	6	1	high	high1	1	10	1	2	11	12	13	14	
13204	13203	plaque	48502	106	65	102	63	2.0784	2.0294	0.77492	1.8195	Noun	106	1	3.3212	1	29.2	6	1	1	low	low1	3	30	1	2	31	32	33	34	
6126	6125	exposure	23033	291	240	281	237	5.7059	2.4654	2.8612	2.382	Noun	290	1	3.7572	3	29.71	8	0	1	high	high3	2	20	1	2	21	22	23	24	
10087	10086	link	37403	609	399	479	379	11.9412	2.7853	4.7568	2.6021	Noun	373	0.61551	4.0772	1	34	4	12	1	high	high1	1	10	1	2	11	12	13	14	
17427	17426	tack	64700	108	73	90	67	2.1176	2.0374	0.87029	1.8692	Noun	60	0.55556	3.3293	1	30	4	15	1	low	low1	3	30	1	2	31	32	33	34	
16473	16472	spa	61018	239	139	213	130	4.6863	2.3802	1.6571	2.1461	Noun	238	1	3.672	1	1.5	3	2	1	high	high1	1	10	1	2	11	12	13	14	
1539	1538	bikini	6046	188	133	160	120	3.6863	2.2765	1.5856	2.1271	Noun	187	1	3.5683	3	56	6	0	1	low	low3	4	40	1	2	41	42	43	44	
11971	11970	oasis	44038	98	66	75	51	1.9216	1.9956	0.78684	1.8261	Noun	96	1	3.2875	3	15	5	2	1	low	low3	4	40	1	2	41	42	43	44	
15754	15753	sham	58237	77	60	67	58	1.5098	1.8921	0.71531	1.7853	Noun	67	0.87013	3.1839	1	14.67	4	6	1	low	low1	3	30	1	2	31	32	33	34	
868	867	attacker	3720	73	60	69	59	1.4314	1.8692	0.71531	1.7853	Noun	71	0.98611	3.1611	3	44	8	1	1	low	low3	4	40	1	2	41	42	43	44	
17662	17661	tendency	65503	138	135	137	134	2.7059	2.143	1.6094	2.1335	Noun	138	1	3.4348	3	55.57	8	0	1	low	low3	4	40	1	2	41	42	43	44	
11643	11642	nausea	42681	110	89	93	78	2.1569	2.0453	1.061	1.9542	Noun	110	1	3.3372	3	36.8	6	0	1	low	low3	4	40	1	2	41	42	43	44	
3793	3792	consulate	13763	249	78	187	62	4.8824	2.3979	0.9299	1.8976	Noun	237	0.95565	3.6898	3	85.38	9	0	1	high	high3	2	20	1	2	21	22	23	24	
10852	10851	memory	39948	2477	1514	2387	1483	48.5686	3.3941	18.0496	3.1804	Noun	2466	0.99677	4.6859	3	37	6	0	1	high	high3	2	20	1	2	21	22	23	24	
16474	16473	space	61019	3369	1674	3073	1604	66.0588	3.5276	19.9571	3.224	Noun	3253	0.96672	4.8195	1	33.25	5	6	1	high	high1	1	10	1	2	11	12	13	14	
17298	17297	suspicion	64154	373	308	343	293	7.3137	2.5729	3.6719	2.49	Noun	368	0.98396	3.8647	3	66.38	9	0	1	high	high3	2	20	1	2	21	22	23	24	
12401	12400	pad	45840	415	327	390	312	8.1373	2.6191	3.8984	2.5159	Noun	368	0.88675	3.9109	1	10	3	19	1	high	high1	1	10	1	2	11	12	13	14	
810	809	assistant	3503	1643	977	1414	861	32.2157	3.2159	11.6476	2.9903	Noun	1095	0.6685	4.5077	3	57.13	9	0	1	high	high3	2	20	1	2	21	22	23	24	
42	41	accountant	407	315	191	303	185	6.1765	2.4997	2.2771	2.2833	Noun	315	1	3.7915	3	38.89	10	0	1	high	high3	2	20	1	2	21	22	23	24	
5940	5939	espresso	22268	105	78	97	75	2.0588	2.0253	0.9299	1.8976	Noun	100	1	3.3171	3	12.14	8	0	1	low	low3	4	40	1	2	41	42	43	44	
13173	13172	plague	48436	424	254	383	234	8.3137	2.6284	3.0281	2.4065	Noun	391	0.92	3.9202	1	30.8	6	1	1	high	high1	1	10	1	2	11	12	13	14	
2985	2984	champ	10551	771	275	475	255	15.1176	2.8876	3.2785	2.4409	Noun	770	1	4.1795	1	31.25	5	5	1	high	high1	1	10	1	2	11	12	13	14	
5606	5605	edition	20691	249	194	229	177	4.8824	2.3979	2.3128	2.29	Noun	248	1	3.6898	3	62.17	7	0	1	high	high3	2	20	1	2	21	22	23	24	
729	728	arrogance	3206	144	128	136	123	2.8235	2.1614	1.526	2.1106	Noun	144	1	3.4532	3	38.88	9	0	1	low	low3	4	40	1	2	41	42	43	44	
14671	14670	residence	54359	421	342	403	332	8.2549	2.6253	4.0773	2.5353	Noun	421	1	3.9171	3	79.38	9	0	1	high	high3	2	20	1	2	21	22	23	24	
331	330	altitude	1765	198	146	175	133	3.8824	2.2989	1.7406	2.1673	Noun	196	0.99492	3.5907	3	35.57	8	2	1	low	low3	4	40	1	2	41	42	43	44	
9718	9717	lard	36364	86	65	68	59	1.6863	1.9395	0.77492	1.8195	Noun	82	0.95349	3.2314	1	36	4	11	1	low	low1	3	30	1	2	31	32	33	34	
948	947	avalanche	4025	173	54	58	43	3.3922	2.2405	0.64378	1.7404	Noun	173	1	3.5324	3	23.5	9	0	1	low	low3	4	40	1	2	41	42	43	44	
8897	8896	industry	33013	596	385	586	382	11.6863	2.776	4.5899	2.5866	Noun	596	1	4.0678	3	50.14	8	0	1	high	high3	2	20	1	2	21	22	23	24	
406	405	amusement	2029	191	146	178	142	3.7451	2.2833	1.7406	2.1673	Noun	191	1	3.5751	3	52.75	9	0	1	low	low3	4	40	1	2	41	42	43	44	
17248	17247	supplier	63962	99	76	99	76	1.9412	2	0.90606	1.8865	Noun	99	1	3.2918	3	93.71	8	2	1	low	low3	4	40	1	2	41	42	43	44	
7553	7552	government	27983	3327	1523	3024	1423	65.2353	3.5222	18.1569	3.183	Noun	3320	0.9997	4.814	3	52.33	10	0	1	high	high3	2	20	1	2	21	22	23	24	
11525	11524	muse	42255	98	58	91	55	1.9216	1.9956	0.69146	1.7709	Noun	93	0.91176	3.2875	1	19.33	4	7	1	low	low1	3	30	1	2	31	32	33	34	
10146	10145	livelihood	37574	76	65	76	65	1.4902	1.8865	0.77492	1.8195	Noun	75	1	3.1783	3	21.56	10	1	1	low	low3	4	40	1	2	41	42	43	44	
14292	14291	rat	52314	1663	941	1489	893	32.6078	3.2212	11.2184	2.9741	Noun	1542	0.93172	4.513	1	10.5	3	22	1	high	high1	1	10	1	2	11	12	13	14	
3732	3731	conductor	13327	155	107	122	91	3.0392	2.1931	1.2756	2.0334	Noun	155	1	3.485	3	68.88	9	0	1	low	low3	4	40	1	2	41	42	43	44	
4076	4075	crab	14861	352	188	241	150	6.902	2.5478	2.2413	2.2765	Noun	339	0.96307	3.8396	1	14.67	4	6	1	high	high1	1	10	1	2	11	12	13	14	
9619	9618	lack	36082	905	761	858	730	17.7451	2.9571	9.0725	2.882	Noun	702	0.77655	4.249	1	33.33	4	16	1	high	high1	1	10	1	2	11	12	13	14	
16844	16843	stepmother	62361	216	132	182	129	4.2353	2.3365	1.5737	2.1239	Noun	216	1	3.6283	3	26.44	10	0	1	low	low3	4	40	1	2	41	42	43	44	
10703	10702	match	39425	2521	1557	2416	1521	49.4314	3.4017	18.5622	3.1926	Noun	1609	0.63925	4.6936	1	45.25	5	7	1	high	high1	1	10	1	2	11	12	13	14	
14383	14382	reception	52766	568	420	539	404	11.1373	2.7551	5.0072	2.6243	Noun	568	1	4.0469	3	126.13	9	1	1	high	high3	2	20	1	2	21	22	23	24	
17535	17534	task	65080	649	488	613	467	12.7255	2.8129	5.8178	2.6893	Noun	645	1	4.1047	1	23	4	7	1	high	high1	1	10	1	2	11	12	13	14	
10919	10918	meteor	40250	180	68	163	62	3.5294	2.2577	0.81068	1.8388	Noun	179	0.99444	3.5495	3	34.2	6	0	1	low	low3	4	40	1	2	41	42	43	44	
14677	14676	residue	54370	140	103	134	101	2.7451	2.1492	1.2279	2.017	Noun	140	1	3.4411	3	54	7	0	1	low	low3	4	40	1	2	41	42	43	44	
5680	5679	elf	21016	193	76	158	67	3.7843	2.2878	0.90606	1.8865	Noun	190	0.98446	3.5796	1	2	3	3	1	low	low1	3	30	1	2	31	32	33	34	
14299	14298	ratio	52340	164	92	160	91	3.2157	2.2175	1.0968	1.9685	Noun	158	1	3.5093	3	28	5	2	1	low	low3	4	40	1	2	41	42	43	44	
3814	3813	continent	13872	187	135	168	121	3.6667	2.2742	1.6094	2.1335	Noun	185	1	3.566	3	115.5	9	0	1	low	low3	4	40	1	2	41	42	43	44	
16921	16920	stool	62665	179	156	174	153	3.5098	2.2553	1.8598	2.1959	Noun	179	1	3.5471	1	34	5	3	1	low	low1	3	30	1	2	31	32	33	34	
4646	4645	defender	16828	152	111	127	96	2.9804	2.1847	1.3233	2.0492	Noun	153	1	3.4765	3	87.57	8	1	1	low	low3	4	40	1	2	41	42	43	44	
13855	13854	prototype	50828	169	109	164	108	3.3137	2.2304	1.2995	2.0414	Noun	168	1	3.5223	3	38.88	9	0	1	low	low3	4	40	1	2	41	42	43	44	
4858	4857	devotion	17866	211	182	205	177	4.1373	2.3263	2.1698	2.2625	Noun	211	1	3.6182	3	98.29	8	1	1	low	low3	4	40	1	2	41	42	43	44	
12177	12176	orchestra	44770	281	189	220	157	5.5098	2.4502	2.2532	2.2788	Noun	279	1	3.7421	3	26.13	9	0	1	high	high3	2	20	1	2	21	22	23	24	
7093	7092	fuss	26401	364	324	362	324	7.1373	2.5623	3.8627	2.5119	Noun	322	0.88462	3.8541	1	18.67	4	4	1	high	high1	1	10	1	2	11	12	13	14	
16105	16104	skid	59494	111	74	79	58	2.1765	2.0492	0.88221	1.8751	Noun	78	0.7027	3.3411	1	8.33	4	6	1	low	low1	3	30	1	2	31	32	33	34	
16864	16863	stewardess	62429	161	104	133	92	3.1569	2.2095	1.2399	2.0212	Noun	122	0.7625	3.5013	3	34.33	10	0	1	low	low3	4	40	1	2	41	42	43	44	
1620	1619	bitterness	6301	72	68	71	67	1.4118	1.8633	0.81068	1.8388	Noun	72	1	3.1552	3	51.33	10	0	1	low	low3	4	40	1	2	41	42	43	44	
357	356	ambition	1846	273	233	257	221	5.3529	2.4378	2.7778	2.3692	Noun	273	1	3.7296	3	82.29	8	0	1	high	high3	2	20	1	2	21	22	23	24	
6495	6494	filmmaker	24263	104	62	100	59	2.0392	2.0212	0.73915	1.7993	Noun	101	0.97115	3.313	3	29	9	0	1	low	low3	4	40	1	2	41	42	43	44	
5364	5363	drift	19952	327	255	284	236	6.4118	2.5159	3.0401	2.4082	Noun	174	0.53211	3.8077	1	31.75	5	1	1	high	high1	1	10	1	2	11	12	13	14	
16962	16961	strand	62810	94	64	52	45	1.8431	1.9777	0.76299	1.8129	Noun	54	0.57447	3.2696	1	51.8	6	0	1	low	low1	3	30	1	2	31	32	33	34	
3700	3699	conception	13199	106	90	87	81	2.0784	2.0294	1.073	1.959	Noun	106	1	3.3212	3	147.22	10	0	1	low	low3	4	40	1	2	41	42	43	44	
16974	16973	strategy	62847	482	371	461	364	9.451	2.6839	4.423	2.5705	Noun	482	1	3.9758	3	57	8	0	1	high	high3	2	20	1	2	21	22	23	24	
7435	7434	glove	27580	515	336	475	324	10.098	2.7126	4.0057	2.5276	Noun	514	1	4.0045	1	30	5	3	1	high	high1	1	10	1	2	11	12	13	14	
19095	19094	wasp	72107	73	43	41	23	1.4314	1.8692	0.51264	1.6435	Noun	73	1	3.1611	1	24.33	4	6	1	low	low1	3	30	1	2	31	32	33	34	
17737	17736	theatre	65812	582	236	488	188	11.4118	2.7657	2.8135	2.3747	Noun	578	0.99827	4.0575	3	48.33	7	0	1	high	high3	2	20	1	2	21	22	23	24	
2394	2393	buttercup	8744	121	44	37	23	2.3725	2.0864	0.52456	1.6532	Noun	116	0.96667	3.3782	3	45.38	9	0	1	low	low3	4	40	1	2	41	42	43	44	
18473	18472	typewriter	68445	161	92	154	91	3.1569	2.2095	1.0968	1.9685	Noun	160	1	3.5013	3	48	10	0	1	low	low3	4	40	1	2	41	42	43	44	
16001	16000	signature	59113	622	464	605	459	12.1961	2.7945	5.5317	2.6675	Noun	622	1	4.0863	3	40.75	9	0	1	high	high3	2	20	1	2	21	22	23	24	
10758	10757	maze	39614	130	79	106	71	2.549	2.1173	0.94182	1.9031	Noun	104	0.8	3.4091	1	16	4	11	1	low	low1	3	30	1	2	31	32	33	34	
17970	17969	toll	66697	171	151	155	139	3.3529	2.2355	1.8002	2.1818	Noun	144	0.84211	3.5274	1	37	4	12	1	low	low1	3	30	1	2	31	32	33	34	
5180	5179	doll	19390	1263	648	1080	615	24.7647	3.1017	7.7253	2.8122	Noun	1240	0.98335	4.3936	1	35	4	11	1	high	high1	1	10	1	2	11	12	13	14	
33	32	acceptance	327	161	140	150	134	3.1569	2.2095	1.6691	2.1492	Noun	162	1	3.5013	3	42.22	10	0	1	low	low3	4	40	1	2	41	42	43	44	
13751	13750	production	50409	645	403	567	360	12.6471	2.8102	4.8045	2.6064	Noun	643	0.99845	4.1021	3	132.89	10	0	1	high	high3	2	20	1	2	21	22	23	24	
18531	18530	underwear	69152	1105	754	1063	734	21.6667	3.0438	8.989	2.8779	Noun	1102	0.99909	4.3356	3	53.38	9	0	1	high	high3	2	20	1	2	21	22	23	24	
13199	13198	plantation	48494	170	81	150	74	3.3333	2.233	0.96567	1.9138	Noun	168	1	3.5248	3	138.22	10	0	1	low	low3	4	40	1	2	41	42	43	44	
4148	4147	creep	15105	573	432	531	410	11.2353	2.7589	5.1502	2.6365	Noun	369	0.64623	4.0507	1	35.75	5	3	1	high	high1	1	10	1	2	11	12	13	14	
6095	6094	expansion	22879	88	73	82	69	1.7255	1.9494	0.87029	1.8692	Noun	88	1	3.2412	3	78.5	9	0	1	low	low3	4	40	1	2	41	42	43	44	
166	165	aid	1276	709	496	613	448	13.902	2.8513	5.9132	2.6964	Noun	604	0.85311	4.1431	1	6	3	12	1	high	high1	1	10	1	2	11	12	13	14	
14453	14452	reef	53172	204	79	151	62	4	2.3118	0.94182	1.9031	Noun	204	1	3.6036	1	22	4	4	1	low	low1	3	30	1	2	31	32	33	34	
5739	5738	emperor	21291	690	184	366	117	13.5294	2.8395	2.1936	2.2672	Noun	689	0.99855	4.1313	3	34.67	7	0	1	high	high3	2	20	1	2	21	22	23	24	
8229	8228	hemisphere	30141	76	62	45	39	1.4902	1.8865	0.73915	1.7993	Noun	76	1	3.1783	3	27.78	10	0	1	low	low3	4	40	1	2	41	42	43	44	
18532	18531	underworld	69160	181	123	159	114	3.549	2.2601	1.4664	2.0934	Noun	181	1	3.5519	3	47.11	10	0	1	low	low3	4	40	1	2	41	42	43	44	
8910	8909	infantry	33092	144	85	129	76	2.8235	2.1614	1.0134	1.9345	Noun	144	1	3.4532	3	53	8	0	1	low	low3	4	40	1	2	41	42	43	44	
18629	18628	vacation	70644	1673	979	1615	969	32.8039	3.2238	11.6714	2.9912	Noun	1672	0.99821	4.5156	3	88.29	8	1	1	high	high3	2	20	1	2	21	22	23	24	
6369	6368	fellowship	23889	150	83	127	73	2.9412	2.179	0.98951	1.9243	Noun	150	1	3.4708	3	22.44	10	0	1	low	low3	4	40	1	2	41	42	43	44	
4306	4305	cuff	15644	291	237	197	164	5.7059	2.4654	2.8255	2.3766	Noun	290	1	3.7572	1	10.67	4	6	1	high	high1	1	10	1	2	11	12	13	14	
6696	6695	flood	24908	291	202	225	176	5.7059	2.4654	2.4082	2.3075	Noun	171	0.58763	3.7572	1	34.75	5	2	1	high	high1	1	10	1	2	11	12	13	14	
4456	4455	dam	16102	293	124	227	101	5.7451	2.4683	1.4783	2.0969	Noun	270	0.93103	3.7602	1	6	3	11	1	high	high1	1	10	1	2	11	12	13	14	
6452	6451	field	24146	3580	1919	3172	1803	70.1961	3.554	22.8779	3.2833	Noun	3333	0.93231	4.8458	1	20.25	5	3	1	high	high1	1	10	1	2	11	12	13	14	
3045	3044	chase	10746	1673	944	894	743	32.8039	3.2238	11.2542	2.9754	Noun	842	0.50389	4.5156	1	44.25	5	4	1	high	high1	1	10	1	2	11	12	13	14	
14715	14714	retainer	54581	108	87	108	87	2.1176	2.0374	1.0372	1.9445	Noun	108	1	3.3293	3	108.29	8	2	1	low	low3	4	40	1	2	41	42	43	44	
10683	10682	massacre	39357	202	140	155	117	3.9608	2.3075	1.6691	2.1492	Noun	163	0.815	3.5993	3	35.86	8	0	1	low	low3	4	40	1	2	41	42	43	44	
3786	3785	constable	13703	144	67	73	46	2.8235	2.1614	0.79876	1.8325	Noun	114	0.78621	3.4532	3	87.75	9	0	1	low	low3	4	40	1	2	41	42	43	44	
13755	13754	professor	50436	3548	813	1044	519	69.5686	3.5501	9.6924	2.9106	Noun	3543	0.99831	4.8419	3	53.63	9	1	1	high	high3	2	20	1	2	21	22	23	24	
14534	14533	relation	53664	210	165	204	161	4.1176	2.3243	1.9671	2.2201	Noun	171	0.81043	3.6161	3	122.86	8	0	1	low	low3	4	40	1	2	41	42	43	44	
12552	12551	parasite	46307	126	83	115	78	2.4706	2.1038	0.98951	1.9243	Noun	125	1	3.3956	3	90	8	0	1	low	low3	4	40	1	2	41	42	43	44	
11712	11711	nest	42986	566	367	514	343	11.098	2.7536	4.3753	2.5658	Noun	541	0.96263	4.0454	1	21	4	13	1	high	high1	1	10	1	2	11	12	13	14	
9706	9705	lap	36333	687	519	647	496	13.4706	2.8376	6.1874	2.716	Noun	666	0.97085	4.1294	1	10	3	20	1	high	high1	1	10	1	2	11	12	13	14	
13270	13269	plot	48698	591	410	557	393	11.5882	2.7723	4.8879	2.6138	Noun	475	0.80372	4.0642	1	17.67	4	6	1	high	high1	1	10	1	2	11	12	13	14	
6383	6382	fence	23922	819	552	803	544	16.0588	2.9138	6.5808	2.7427	Noun	765	0.93635	4.2056	1	28.75	5	2	1	high	high1	1	10	1	2	11	12	13	14	
3367	3366	cloak	12000	153	92	147	90	3	2.1875	1.0968	1.9685	Noun	151	0.98693	3.4794	1	29.5	5	2	1	low	low1	3	30	1	2	31	32	33	34	
11490	11489	mule	42077	358	213	323	202	7.0196	2.5551	2.5393	2.3304	Noun	357	1	3.8469	1	22	4	8	1	high	high1	1	10	1	2	11	12	13	14	
17590	17589	technician	65272	132	101	109	91	2.5882	2.1239	1.2041	2.0086	Noun	117	0.89313	3.4157	3	26.44	10	0	1	low	low3	4	40	1	2	41	42	43	44	
6619	6618	flan	24625	86	11	39	10	1.6863	1.9395	0.13114	1.0792	Noun	86	1	3.2314	1	20.67	4	8	1	low	low1	3	30	1	2	31	32	33	34	
7653	7652	greed	28316	245	192	212	173	4.8039	2.3909	2.289	2.2856	Noun	244	0.99592	3.6828	1	79.5	5	5	1	high	high1	1	10	1	2	11	12	13	14	
14230	14229	ram	52122	328	197	170	128	6.4314	2.5172	2.3486	2.2967	Noun	164	0.58156	3.809	1	8	3	16	1	high	high1	1	10	1	2	11	12	13	14	
17013	17012	string	62978	646	505	595	466	12.6667	2.8109	6.0205	2.7042	Noun	519	0.8059	4.1027	1	128.2	6	3	1	high	high1	1	10	1	2	11	12	13	14	
12042	12041	offender	44343	140	101	134	97	2.7451	2.1492	1.2041	2.0086	Noun	135	1	3.4411	3	66.71	8	1	1	low	low3	4	40	1	2	41	42	43	44	
17355	17354	swine	64383	226	160	183	140	4.4314	2.356	1.9075	2.2068	Noun	219	0.96903	3.6479	1	37.25	5	6	1	low	low1	3	30	1	2	31	32	33	34	
18202	18201	treasury	67548	194	93	50	37	3.8039	2.29	1.1087	1.9731	Noun	193	0.99485	3.5819	3	65.29	8	1	1	low	low3	4	40	1	2	41	42	43	44	
16489	16488	span	61060	101	86	95	81	1.9804	2.0086	1.0253	1.9395	Noun	74	0.74	3.3004	1	11.67	4	6	1	low	low1	3	30	1	2	31	32	33	34	
18676	18675	vanilla	70795	203	147	140	110	3.9804	2.3096	1.7525	2.1703	Noun	202	1	3.6015	3	37.83	7	0	1	low	low3	4	40	1	2	41	42	43	44	
3104	3103	chess	10958	380	189	332	176	7.451	2.5809	2.2532	2.2788	Noun	370	0.97625	3.8728	1	28.5	5	4	1	high	high1	1	10	1	2	11	12	13	14	
18609	18608	urn	70533	99	46	88	43	1.9412	2	0.5484	1.6721	Noun	88	0.88889	3.2918	1	1	3	0	1	low	low1	3	30	1	2	31	32	33	34	
11953	11952	nut	43969	797	551	744	536	15.6275	2.902	6.5689	2.7419	Noun	762	0.95609	4.1938	1	6.5	3	14	1	high	high1	1	10	1	2	11	12	13	14	
7738	7737	grove	28588	197	101	59	40	3.8627	2.2967	1.2041	2.0086	Noun	170	0.86294	3.5885	1	39.25	5	5	1	low	low1	3	30	1	2	31	32	33	34	
3736	3735	cone	13333	149	114	126	102	2.9216	2.1761	1.3591	2.0607	Noun	146	0.98649	3.4679	1	32.67	4	18	1	low	low1	3	30	1	2	31	32	33	34	
15493	15492	scroll	57271	116	48	102	39	2.2745	2.0682	0.57225	1.6902	Noun	103	0.88793	3.36	1	26.8	6	1	1	low	low1	3	30	1	2	31	32	33	34	
10168	10167	loan	37629	1013	580	937	555	19.8627	3.006	6.9146	2.7642	Noun	868	0.85856	4.2979	1	25.33	4	8	1	high	high1	1	10	1	2	11	12	13	14	
8256	8255	herd	30238	360	195	326	187	7.0588	2.5575	2.3247	2.2923	Noun	338	0.93889	3.8493	1	19.33	4	8	1	high	high1	1	10	1	2	11	12	13	14	
15182	15181	salary	56214	548	406	535	400	10.7451	2.7396	4.8402	2.6096	Noun	548	1	4.0314	3	50.8	6	0	1	high	high3	2	20	1	2	21	22	23	24	
16524	16523	specimen	61209	242	175	234	171	4.7451	2.3856	2.0863	2.2455	Noun	238	1	3.6774	3	38.86	8	0	1	high	high3	2	20	1	2	21	22	23	24	
8972	8971	injury	33373	520	399	514	396	10.1961	2.7168	4.7568	2.6021	Noun	519	1	4.0087	3	30	6	1	1	high	high3	2	20	1	2	21	22	23	24	
4049	4048	coverage	14768	318	238	308	235	6.2353	2.5038	2.8374	2.3784	Noun	318	1	3.7956	3	80.43	8	0	1	high	high3	2	20	1	2	21	22	23	24	
10322	10321	lug	38166	132	104	118	99	2.5882	2.1239	1.2399	2.0212	Noun	84	0.63636	3.4157	1	5.5	3	12	1	low	low1	3	30	1	2	31	32	33	34	
13189	13188	plank	48479	104	63	84	58	2.0392	2.0212	0.75107	1.8062	Noun	95	0.91346	3.313	1	40.75	5	8	1	low	low1	3	30	1	2	31	32	33	34	
3405	3404	club	12116	5038	2156	3698	1745	98.7843	3.7023	25.7034	3.3339	Noun	4959	0.99379	4.9942	1	11.33	4	2	1	high	high1	1	10	1	2	11	12	13	14	
16447	16446	soul	60919	3925	2041	3768	1994	76.9608	3.594	24.3324	3.3101	Noun	3881	0.99056	4.8858	1	17	4	4	1	high	high1	1	10	1	2	11	12	13	14	
9147	9146	ironing	34304	75	60	74	59	1.4706	1.8808	0.71531	1.7853	Noun	40	0.53333	3.1726	3	288.17	7	1	1	low	low3	4	40	1	2	41	42	43	44	
15000	14999	rotation	55632	149	108	147	108	2.9216	2.1761	1.2876	2.0374	Noun	149	1	3.4679	3	89.14	8	1	1	low	low3	4	40	1	2	41	42	43	44	
17008	17007	strife	62966	85	67	63	55	1.6667	1.9345	0.79876	1.8325	Noun	84	1	3.2263	1	48	6	4	1	low	low1	3	30	1	2	31	32	33	34	
18822	18821	video	71276	2105	1088	1916	1045	41.2745	3.3235	12.9709	3.037	Noun	2033	0.9658	4.6153	3	23	5	1	1	high	high3	2	20	1	2	21	22	23	24	
8203	8202	heir	30042	266	168	245	161	5.2157	2.4265	2.0029	2.2279	Noun	266	1	3.7183	1	11.67	4	3	1	high	high1	1	10	1	2	11	12	13	14	
10701	10700	mat	39422	178	139	166	135	3.4902	2.2529	1.6571	2.1461	Noun	174	0.98305	3.5447	1	11.5	3	22	1	low	low1	3	30	1	2	31	32	33	34	
17754	17753	therapist	65877	485	307	470	302	9.5098	2.6866	3.66	2.4886	Noun	482	0.99587	3.9785	3	46.25	9	0	1	high	high3	2	20	1	2	21	22	23	24	
17388	17387	sync	64546	168	129	84	73	3.2941	2.2279	1.5379	2.1139	Noun	70	0.65421	3.5197	1	0.67	4	0	1	low	low1	3	30	1	2	31	32	33	34	
6683	6682	fling	24849	180	129	157	122	3.5294	2.2577	1.5379	2.1139	Noun	128	0.71111	3.5495	1	48	5	4	1	low	low1	3	30	1	2	31	32	33	34	
2053	2052	brawl	7700	108	88	106	86	2.1176	2.0374	1.0491	1.9494	Noun	96	0.8972	3.3293	1	34.5	5	4	1	low	low1	3	30	1	2	31	32	33	34	
17457	17456	takeover	64808	80	54	77	53	1.5686	1.9085	0.64378	1.7404	Noun	80	1	3.2003	3	40.86	8	0	1	low	low3	4	40	1	2	41	42	43	44	
381	380	ammonia	1934	76	49	60	44	1.4902	1.8865	0.58417	1.699	Noun	76	1	3.1783	3	15.83	7	0	1	low	low3	4	40	1	2	41	42	43	44	
7463	7462	goat	27673	537	338	480	315	10.5294	2.7308	4.0296	2.5302	Noun	536	0.99814	4.0226	1	20.67	4	7	1	high	high1	1	10	1	2	11	12	13	14	
3502	3501	coin	12451	497	287	475	274	9.7451	2.6972	3.4216	2.4594	Noun	472	0.9497	3.9891	1	23	4	5	1	high	high1	1	10	1	2	11	12	13	14	
15352	15351	scar	56806	432	307	385	301	8.4706	2.6365	3.66	2.4886	Noun	343	0.79582	3.9283	1	10	4	5	1	high	high1	1	10	1	2	11	12	13	14	
2887	2886	caviar	10194	195	143	163	124	3.8235	2.2923	1.7048	2.1584	Noun	139	0.71282	3.5841	3	41.2	6	0	1	low	low3	4	40	1	2	41	42	43	44	
5504	5503	dwarf	20369	157	93	126	83	3.0784	2.1987	1.1087	1.9731	Noun	153	0.97452	3.4905	1	21.5	5	0	1	low	low1	3	30	1	2	31	32	33	34	
14431	14430	redemption	53085	112	91	89	77	2.1961	2.0531	1.0849	1.9638	Noun	112	1	3.3449	3	129.33	10	0	1	low	low3	4	40	1	2	41	42	43	44	
7608	7607	grape	28163	204	137	163	116	4	2.3118	1.6333	2.1399	Noun	204	1	3.6036	1	39.75	5	8	1	low	low1	3	30	1	2	31	32	33	34	
