numid|f	X|f	Word|s	Unnamed|f	FREQcount|f	Cdcount|f	FREQlow|f	Cdlow|f	SUBLTLWF|f	Lg10WF|f	SUBTLCD|f	Lg10CD|f	Dom_PoS_SUBTLEX|s	Freq_dom_PoS_SUBTLEX|f	Percentage_dom_PoS|f	Zipfvalue|f	cmu_sylls|f	BF_TP|f	LEN_L|f	N|f	Zipfvalue_incl|f	Zipfvalue_cat|s	cond_name|s	cond_code|f	trigger_code|f	len|f	corr_resp|f	fix_code|f	word_code|f	delay_code|f	audioresp_code|f	
19418	19417	wool	73458	161	131	153	123	3.1569	2.2095	1.5618	2.1206	Noun	161	1	3.5013	1	25.33	4	6	1	low	low1	3	30	1	2	31	32	33	34	
4627	4626	deed	16749	475	273	444	267	9.3137	2.6776	3.2546	2.4378	Noun	448	1	3.9694	1	32.67	4	13	1	high	high1	1	10	1	2	11	12	13	14	
12566	12565	parenting	46363	134	107	125	101	2.6275	2.1303	1.2756	2.0334	Noun	127	0.95489	3.4222	3	263.13	9	0	1	low	low3	4	40	1	2	41	42	43	44	
17379	17378	symphony	64532	181	136	110	86	3.549	2.2601	1.6214	2.1367	Noun	180	0.99448	3.5519	3	28.29	8	0	1	low	low3	4	40	1	2	41	42	43	44	
6758	6757	foam	25117	179	140	165	132	3.5098	2.2553	1.6691	2.1492	Noun	163	0.91061	3.5471	1	21	4	4	1	low	low1	3	30	1	2	31	32	33	34	
8347	8346	hip	30549	786	505	668	474	15.4118	2.896	6.0205	2.7042	Noun	673	0.85623	4.1878	1	7.5	3	16	1	high	high1	1	10	1	2	11	12	13	14	
17679	17678	tent	65564	892	445	806	425	17.4902	2.9509	5.3052	2.6493	Noun	887	0.99663	4.2427	1	23.33	4	15	1	high	high1	1	10	1	2	11	12	13	14	
837	836	asylum	3610	234	163	222	159	4.5882	2.3711	1.9433	2.2148	Noun	233	0.99573	3.6629	3	9.2	6	0	1	high	high3	2	20	1	2	21	22	23	24	
1207	1206	bargaining	4846	106	79	94	74	2.0784	2.0294	0.94182	1.9031	Noun	65	0.61905	3.3212	3	140.67	10	0	1	low	low3	4	40	1	2	41	42	43	44	
18859	18858	vinegar	71375	86	70	77	66	1.6863	1.9395	0.83453	1.8513	Noun	83	1	3.2314	3	28.83	7	0	1	low	low3	4	40	1	2	41	42	43	44	
1241	1240	barrier	4946	173	117	155	108	3.3922	2.2405	1.3948	2.0719	Noun	172	1	3.5324	3	147.17	7	2	1	low	low3	4	40	1	2	41	42	43	44	
8820	8819	impression	32487	946	787	946	787	18.549	2.9763	9.3825	2.8965	Noun	947	1	4.2682	3	98.78	10	0	1	high	high3	2	20	1	2	21	22	23	24	
13406	13405	pong	49108	82	34	18	16	1.6078	1.9191	0.40534	1.5441	Noun	46	0.56098	3.2109	1	29	4	8	1	low	low1	3	30	1	2	31	32	33	34	
10263	10262	loop	37904	345	255	321	240	6.7647	2.5391	3.0401	2.4082	Noun	312	0.90435	3.8309	1	32.67	4	7	1	high	high1	1	10	1	2	11	12	13	14	
1654	1653	blaze	6468	107	77	88	72	2.098	2.0334	0.91798	1.8921	Noun	80	0.74766	3.3253	1	30	5	5	1	low	low1	3	30	1	2	31	32	33	34	
12000	11999	obsession	44166	289	224	271	217	5.6667	2.4624	2.6705	2.3522	Noun	289	1	3.7542	3	72.63	9	0	1	high	high3	2	20	1	2	21	22	23	24	
889	888	attraction	3781	348	263	307	251	6.8235	2.5428	3.1354	2.4216	Noun	348	1	3.8347	3	117.89	10	0	1	high	high3	2	20	1	2	21	22	23	24	
8020	8019	harassment	29439	300	188	287	180	5.8824	2.4786	2.2413	2.2765	Noun	300	1	3.7704	3	48.44	10	0	1	high	high3	2	20	1	2	21	22	23	24	
11159	11158	mist	41060	181	121	144	100	3.549	2.2601	1.4425	2.0864	Noun	173	0.9558	3.5519	1	25.33	4	8	1	low	low1	3	30	1	2	31	32	33	34	
17756	17755	therapy	65879	944	576	878	552	18.5098	2.9754	6.867	2.7612	Noun	941	1	4.2673	3	32.33	7	0	1	high	high3	2	20	1	2	21	22	23	24	
9510	9509	king	35670	6592	1688	3319	993	129.2549	3.8191	20.124	3.2276	Noun	6258	0.94962	5.1109	1	31	4	9	1	high	high1	1	10	1	2	11	12	13	14	
2029	2028	brake	7628	305	196	252	173	5.9804	2.4857	2.3367	2.2945	Noun	216	0.72241	3.7776	1	38.5	5	4	1	high	high1	1	10	1	2	11	12	13	14	
7344	7343	gig	27234	571	380	553	374	11.1961	2.7574	4.5303	2.5809	Noun	568	0.99824	4.0492	1	5	3	9	1	high	high1	1	10	1	2	11	12	13	14	
3421	3420	clutch	12160	127	82	118	78	2.4902	2.1072	0.97759	1.9191	Noun	100	0.7874	3.399	1	28.2	6	1	1	low	low1	3	30	1	2	31	32	33	34	
6198	6197	factory	23321	857	483	791	461	16.8039	2.9335	5.7582	2.6848	Noun	857	1	4.2253	3	53.5	7	1	1	high	high3	2	20	1	2	21	22	23	24	
4625	4624	deduction	16744	87	68	87	68	1.7059	1.9445	0.81068	1.8388	Noun	88	1	3.2363	3	112.75	9	2	1	low	low3	4	40	1	2	41	42	43	44	
6115	6114	explosion	23007	841	467	763	438	16.4902	2.9253	5.5675	2.6702	Noun	840	1	4.2171	3	80.5	9	0	1	high	high3	2	20	1	2	21	22	23	24	
12744	12743	pea	46833	199	127	159	111	3.902	2.301	1.5141	2.1072	Noun	207	0.99043	3.5929	1	6.5	3	11	1	low	low1	3	30	1	2	31	32	33	34	
897	896	audience	3821	1294	758	1241	738	25.3725	3.1123	9.0367	2.8802	Noun	1289	0.99768	4.4041	3	43.71	8	0	1	high	high3	2	20	1	2	21	22	23	24	
15327	15326	scale	56732	485	391	469	383	9.5098	2.6866	4.6614	2.5933	Noun	425	0.8781	3.9785	1	27.75	5	6	1	high	high1	1	10	1	2	11	12	13	14	
16958	16957	strain	62800	361	291	354	287	7.0784	2.5587	3.4692	2.4654	Noun	278	0.77222	3.8505	1	50.4	6	2	1	high	high1	1	10	1	2	11	12	13	14	
11998	11997	observer	44158	188	81	152	73	3.6863	2.2765	0.96567	1.9138	Noun	187	1	3.5683	3	69.14	8	2	1	low	low3	4	40	1	2	41	42	43	44	
10579	10578	manual	39026	408	299	366	274	8	2.6117	3.5646	2.4771	Noun	293	0.7199	3.9036	3	54.4	6	0	1	high	high3	2	20	1	2	21	22	23	24	
12784	12783	peek	46974	272	226	252	220	5.3333	2.4362	2.6943	2.356	Noun	170	0.625	3.728	1	24	4	10	1	high	high1	1	10	1	2	11	12	13	14	
12082	12081	olympics	44496	217	131	6	6	4.2549	2.3385	1.5618	2.1206	Noun	218	1	3.6303	3	21.71	8	0	1	low	low3	4	40	1	2	41	42	43	44	
1919	1918	borderline	7309	81	75	73	70	1.5882	1.9138	0.89413	1.8808	Noun	81	1	3.2056	3	99.22	10	0	1	low	low3	4	40	1	2	41	42	43	44	
16521	16520	specialty	61195	272	240	261	231	5.3333	2.4362	2.8612	2.382	Noun	272	1	3.728	3	36.38	9	1	1	high	high3	2	20	1	2	21	22	23	24	
17800	17799	threat	66097	1059	757	1033	747	20.7647	3.0253	9.0248	2.8797	Noun	1060	1	4.3171	1	33.8	6	2	1	high	high1	1	10	1	2	11	12	13	14	
5796	5795	enemy	21550	2474	1229	2328	1193	48.5098	3.3936	14.6519	3.0899	Noun	2472	0.99919	4.6854	3	12	5	1	1	high	high3	2	20	1	2	21	22	23	24	
16696	16695	stack	61943	311	269	279	249	6.098	2.4942	3.207	2.4314	Noun	221	0.71061	3.786	1	44	5	10	1	high	high1	1	10	1	2	11	12	13	14	
