numid|f	X|f	Word|s	Unnamed|f	FREQcount|f	Cdcount|f	FREQlow|f	Cdlow|f	SUBLTLWF|f	Lg10WF|f	SUBTLCD|f	Lg10CD|f	Dom_PoS_SUBTLEX|s	Freq_dom_PoS_SUBTLEX|f	Percentage_dom_PoS|f	Zipfvalue|f	cmu_sylls|f	BF_TP|f	LEN_L|f	N|f	Zipfvalue_incl|f	Zipfvalue_cat|s	cond_name|s	cond_code|f	trigger_code|f	len|f	corr_resp|f	fix_code|f	word_code|f	delay_code|f	audioresp_code|f	
7199	7198	garrison	26729	233	67	61	39	4.5686	2.3692	0.79876	1.8325	Noun	178	0.7807	3.661	3	61.29	8	0	1	high	high3	2	20	1	2	21	22	23	24	
7048	7047	fugitive	26219	264	195	249	185	5.1765	2.4232	2.3247	2.2923	Noun	262	1	3.7151	3	64.71	8	0	1	high	high3	2	20	1	2	21	22	23	24	
4807	4806	destiny	17652	1175	588	987	553	23.0392	3.0704	7.01	2.7701	Noun	1172	0.9983	4.3622	3	212.83	7	0	1	high	high3	2	20	1	2	21	22	23	24	
7557	7556	gown	27995	334	263	324	258	6.549	2.525	3.1354	2.4216	Noun	334	1	3.8169	1	14.33	4	4	1	high	high1	1	10	1	2	11	12	13	14	
12336	12335	override	45566	263	114	244	108	5.1569	2.4216	1.3591	2.0607	Noun	174	0.64925	3.7134	3	60.29	8	1	1	high	high3	2	20	1	2	21	22	23	24	
14851	14850	rim	55158	125	95	103	80	2.451	2.1004	1.1326	1.9823	Noun	121	0.97581	3.3922	1	5	3	10	1	low	low1	3	30	1	2	31	32	33	34	
18936	18935	void	71602	209	160	200	157	4.098	2.3222	1.9075	2.2068	Noun	169	0.80861	3.6141	1	9	4	0	1	low	low1	3	30	1	2	31	32	33	34	
7801	7800	guild	28755	103	53	14	11	2.0196	2.017	0.63186	1.7324	Noun	100	0.97087	3.3089	1	24.5	5	3	1	low	low1	3	30	1	2	31	32	33	34	
789	788	assassin	3425	302	188	291	184	5.9216	2.4814	2.2413	2.2765	Noun	301	1	3.7733	3	20.57	8	0	1	high	high3	2	20	1	2	21	22	23	24	
8766	8765	illusion	32122	421	305	412	301	8.2549	2.6253	3.6361	2.4857	Noun	421	1	3.9171	3	45.29	8	1	1	high	high3	2	20	1	2	21	22	23	24	
9231	9230	jaw	34678	364	283	348	276	7.1373	2.5623	3.3739	2.4533	Noun	361	0.99449	3.8541	1	7	3	12	1	high	high1	1	10	1	2	11	12	13	14	
16018	16017	silicon	59163	87	47	37	28	1.7059	1.9445	0.56032	1.6812	Noun	86	0.98851	3.2363	3	42	7	0	1	low	low3	4	40	1	2	41	42	43	44	
17532	17531	tart	65061	122	93	96	79	2.3922	2.0899	1.1087	1.9731	Noun	107	0.86992	3.3817	1	33	4	12	1	low	low1	3	30	1	2	31	32	33	34	
3534	3533	collector	12557	220	166	202	158	4.3137	2.3444	1.979	2.2227	Noun	220	1	3.6362	3	70	9	0	1	low	low3	4	40	1	2	41	42	43	44	
12796	12795	pelican	47033	89	38	26	15	1.7451	1.9542	0.45303	1.5911	Noun	88	0.98876	3.2461	3	44.17	7	0	1	low	low3	4	40	1	2	41	42	43	44	
419	418	analyst	2090	177	109	171	107	3.4706	2.2504	1.2995	2.0414	Noun	177	1	3.5423	3	33.33	7	1	1	low	low3	4	40	1	2	41	42	43	44	
7642	7641	gravity	28271	351	265	298	238	6.8824	2.5465	3.1593	2.4249	Noun	351	1	3.8384	3	62.5	7	0	1	high	high3	2	20	1	2	21	22	23	24	
17485	17484	tang	64917	114	68	12	12	2.2353	2.0607	0.81068	1.8388	Noun	113	0.99123	3.3525	1	32	4	11	1	low	low1	3	30	1	2	31	32	33	34	
18660	18659	valve	70759	247	138	227	133	4.8431	2.3945	1.6452	2.143	Noun	246	1	3.6863	1	23.25	5	3	1	high	high1	1	10	1	2	11	12	13	14	
10308	10307	loyalty	38101	595	437	543	408	11.6667	2.7752	5.2098	2.6415	Noun	595	1	4.0671	3	27.67	7	2	1	high	high3	2	20	1	2	21	22	23	24	
18698	18697	varsity	70865	89	66	67	51	1.7451	1.9542	0.78684	1.8261	Noun	88	0.98876	3.2461	3	74.5	7	0	1	low	low3	4	40	1	2	41	42	43	44	
14392	14391	recipe	52796	388	274	379	270	7.6078	2.5899	3.2666	2.4393	Noun	389	1	3.8818	3	38.6	6	1	1	high	high3	2	20	1	2	21	22	23	24	
11005	11004	mile	40546	1071	779	950	746	21	3.0302	9.2871	2.8921	Noun	1095	1	4.322	1	29.67	4	18	1	high	high1	1	10	1	2	11	12	13	14	
2583	2582	candidate	9264	434	277	406	263	8.5098	2.6385	3.3023	2.444	Noun	434	1	3.9303	3	60.75	9	0	1	high	high3	2	20	1	2	21	22	23	24	
4790	4789	designer	17584	267	205	240	182	5.2353	2.4281	2.444	2.3139	Noun	267	1	3.72	3	82.14	8	1	1	high	high3	2	20	1	2	21	22	23	24	
14396	14395	recital	52808	150	75	148	73	2.9412	2.179	0.89413	1.8808	Noun	150	1	3.4708	3	68.67	7	0	1	low	low3	4	40	1	2	41	42	43	44	
13488	13487	post	49377	1654	1005	1205	835	32.4314	3.2188	11.9814	3.0026	Noun	1461	0.89194	4.5106	1	30.33	4	13	1	high	high1	1	10	1	2	11	12	13	14	
17603	17602	teenager	65314	351	288	341	280	6.8824	2.5465	3.4335	2.4609	Noun	353	1	3.8384	3	55.71	8	0	1	high	high3	2	20	1	2	21	22	23	24	
1463	1462	benefit	5686	732	560	707	545	14.3529	2.8651	6.6762	2.749	Noun	552	0.75513	4.1569	3	36.5	7	0	1	high	high3	2	20	1	2	21	22	23	24	
16093	16092	skeleton	59461	261	145	206	138	5.1176	2.4183	1.7287	2.1644	Noun	221	0.84674	3.7101	3	37	8	0	1	high	high3	2	20	1	2	21	22	23	24	
972	971	awe	4122	134	95	93	81	2.6275	2.1303	1.1326	1.9823	Noun	110	0.8209	3.4222	1	2	3	10	1	low	low1	3	30	1	2	31	32	33	34	
8371	8370	hoax	30653	123	82	122	82	2.4118	2.0934	0.97759	1.9191	Noun	119	0.96748	3.3853	1	17.67	4	1	1	low	low1	3	30	1	2	31	32	33	34	
7533	7532	gorilla	27918	283	156	259	148	5.549	2.4533	1.8598	2.1959	Noun	281	1	3.7452	3	41.33	7	0	1	high	high3	2	20	1	2	21	22	23	24	
17587	17586	tech	65262	326	215	192	149	6.3922	2.5145	2.5632	2.3345	Noun	325	1	3.8064	1	12.33	4	1	1	high	high1	1	10	1	2	11	12	13	14	
15445	15444	scotch	57109	752	478	301	200	14.7451	2.8768	5.6986	2.6803	Noun	662	0.88032	4.1686	1	26.6	6	1	1	high	high1	1	10	1	2	11	12	13	14	
12788	12787	peep	46988	226	185	177	153	4.4314	2.356	2.2055	2.2695	Noun	129	0.5708	3.6479	1	25	4	10	1	low	low1	3	30	1	2	31	32	33	34	
9851	9850	ledge	36763	179	109	175	108	3.5098	2.2553	1.2995	2.0414	Noun	179	1	3.5471	1	24	5	4	1	low	low1	3	30	1	2	31	32	33	34	
18345	18344	truth	68015	9801	4193	9350	4095	192.1765	3.9913	49.9881	3.6226	Noun	9787	1	5.2831	1	30.75	5	0	1	high	high1	1	10	1	2	11	12	13	14	
12399	12398	pact	45838	192	115	185	112	3.7647	2.2856	1.371	2.0645	Noun	193	1	3.5774	1	20.67	4	7	1	low	low1	3	30	1	2	31	32	33	34	
14545	14544	relevance	53708	82	68	63	51	1.6078	1.9191	0.81068	1.8388	Noun	82	1	3.2109	3	71.5	9	0	1	low	low3	4	40	1	2	41	42	43	44	
