numid|f	X|f	Word|s	Unnamed|f	FREQcount|f	Cdcount|f	FREQlow|f	Cdlow|f	SUBLTLWF|f	Lg10WF|f	SUBTLCD|f	Lg10CD|f	Dom_PoS_SUBTLEX|s	Freq_dom_PoS_SUBTLEX|f	Percentage_dom_PoS|f	Zipfvalue|f	cmu_sylls|f	BF_TP|f	LEN_L|f	N|f	Zipfvalue_incl|f	Zipfvalue_cat|s	cond_name|s	cond_code|f	trigger_code|f	len|f	corr_resp|f	fix_code|f	word_code|f	delay_code|f	audioresp_code|f	
19131	19130	wax	72229	461	277	394	266	9.0392	2.6646	3.3023	2.444	Noun	299	0.64859	3.9565	1	5.5	3	9	1	high	high1	1	10	1	2	11	12	13	14	
4691	4690	delusion	17086	138	101	133	98	2.7059	2.143	1.2041	2.0086	Noun	137	1	3.4348	3	72.43	8	0	1	low	low3	4	40	1	2	41	42	43	44	
11431	11430	mound	41872	77	47	77	47	1.5098	1.8921	0.56032	1.6812	Noun	77	1	3.1839	1	40	5	9	1	low	low1	3	30	1	2	31	32	33	34	
7084	7083	furniture	26367	769	538	729	523	15.0784	2.8865	6.4139	2.7316	Noun	767	1	4.1783	3	35.13	9	0	1	high	high3	2	20	1	2	21	22	23	24	
15276	15275	satellite	56546	798	388	726	357	15.6471	2.9025	4.6257	2.5899	Noun	798	1	4.1944	3	82.75	9	0	1	high	high3	2	20	1	2	21	22	23	24	
13435	13434	popsicle	49199	82	58	33	26	1.6078	1.9191	0.69146	1.7709	Noun	73	0.89024	3.2109	3	35.14	8	0	1	low	low3	4	40	1	2	41	42	43	44	
7089	7088	fuse	26392	248	182	241	177	4.8627	2.3962	2.1698	2.2625	Noun	228	0.91566	3.688	1	18.67	4	4	1	high	high1	1	10	1	2	11	12	13	14	
1760	1759	blur	6818	109	94	101	87	2.1373	2.0414	1.1206	1.9777	Noun	89	0.82407	3.3332	1	12.33	4	2	1	low	low1	3	30	1	2	31	32	33	34	
11082	11081	mink	40771	189	77	123	70	3.7059	2.2788	0.91798	1.8921	Noun	189	1	3.5706	1	31.33	4	13	1	low	low1	3	30	1	2	31	32	33	34	
3973	3972	cot	14529	102	76	97	73	2	2.0128	0.90606	1.8865	Noun	102	1	3.3047	1	11.5	3	24	1	low	low1	3	30	1	2	31	32	33	34	
14552	14551	religion	53730	707	440	650	415	13.8627	2.85	5.2456	2.6444	Noun	708	1	4.1419	3	87.57	8	0	1	high	high3	2	20	1	2	21	22	23	24	
15931	15930	shred	58832	150	129	134	118	2.9412	2.179	1.5379	2.1139	Noun	95	0.64189	3.4708	1	76.75	5	3	1	low	low1	3	30	1	2	31	32	33	34	
16213	16212	slob	59914	182	137	172	135	3.5686	2.2625	1.6333	2.1399	Noun	173	0.95055	3.5543	1	15.67	4	8	1	low	low1	3	30	1	2	31	32	33	34	
885	884	attitude	3770	1330	1016	1291	994	26.0784	3.1242	12.1125	3.0073	Noun	1327	0.99925	4.416	3	34.71	8	2	1	high	high3	2	20	1	2	21	22	23	24	
4204	4203	crocodile	15300	115	70	100	55	2.2549	2.0645	0.83453	1.8513	Noun	113	0.98261	3.3563	3	46.75	9	0	1	low	low3	4	40	1	2	41	42	43	44	
14360	14359	reasoning	52617	93	79	92	78	1.8235	1.9731	0.94182	1.9031	Noun	84	0.90323	3.265	3	234.13	9	1	1	low	low3	4	40	1	2	41	42	43	44	
6732	6731	fluff	25025	72	54	63	49	1.4118	1.8633	0.64378	1.7404	Noun	51	0.70833	3.1552	1	24.75	5	1	1	low	low1	3	30	1	2	31	32	33	34	
5052	5051	disk	18767	338	128	332	128	6.6275	2.5302	1.526	2.1106	Noun	338	1	3.822	1	16.67	4	7	1	high	high1	1	10	1	2	11	12	13	14	
8665	8664	hut	31635	674	211	350	146	13.2157	2.8293	2.5155	2.3263	Noun	672	1	4.1211	1	8.5	3	18	1	high	high1	1	10	1	2	11	12	13	14	
16055	16054	sip	59333	260	220	237	201	5.098	2.4166	2.6228	2.3444	Noun	243	0.93462	3.7085	1	9	3	19	1	high	high1	1	10	1	2	11	12	13	14	
1086	1085	bakery	4491	179	117	158	108	3.5098	2.2553	1.3948	2.0719	Noun	175	0.97765	3.5471	3	53.4	6	1	1	low	low3	4	40	1	2	41	42	43	44	
4334	4333	curb	15755	209	173	200	165	4.098	2.3222	2.0625	2.2405	Noun	139	0.66507	3.6141	1	16.67	4	4	1	low	low1	3	30	1	2	31	32	33	34	
294	293	alliance	1630	465	190	174	115	9.1176	2.6684	2.2651	2.281	Noun	471	1	3.9602	3	42.14	8	0	1	high	high3	2	20	1	2	21	22	23	24	
13748	13747	producer	50404	636	351	548	313	12.4706	2.8041	4.1845	2.5465	Noun	625	0.99522	4.096	3	74.57	8	2	1	high	high3	2	20	1	2	21	22	23	24	
11894	11893	notch	43761	170	131	148	129	3.3333	2.233	1.5618	2.1206	Noun	152	0.89412	3.5248	1	31	5	1	1	low	low1	3	30	1	2	31	32	33	34	
2354	2353	burrito	8623	84	50	75	49	1.6471	1.9294	0.59609	1.7076	Noun	80	0.94118	3.2213	3	65.5	7	0	1	low	low3	4	40	1	2	41	42	43	44	
953	952	avenue	4047	861	564	87	72	16.8824	2.9355	6.7239	2.752	Noun	857	1	4.2273	3	15.2	6	1	1	high	high3	2	20	1	2	21	22	23	24	
7393	7392	glance	27415	175	158	167	150	3.4314	2.2455	1.8836	2.2014	Noun	125	0.71839	3.5373	1	45.6	6	0	1	low	low1	3	30	1	2	31	32	33	34	
17115	17114	substitute	63429	238	197	233	192	4.6667	2.3784	2.3486	2.2967	Noun	130	0.54622	3.6702	3	46.89	10	0	1	high	high3	2	20	1	2	21	22	23	24	
8841	8840	incentive	32655	100	91	94	87	1.9608	2.0043	1.0849	1.9638	Noun	100	1	3.2962	3	107.13	9	1	1	low	low3	4	40	1	2	41	42	43	44	
18932	18931	vogue	71593	119	61	24	11	2.3333	2.0792	0.72723	1.7924	Noun	118	1	3.371	1	11.75	5	2	1	low	low1	3	30	1	2	31	32	33	34	
4820	4819	detector	17696	166	127	164	125	3.2549	2.2227	1.5141	2.1072	Noun	166	1	3.5146	3	52.57	8	1	1	low	low3	4	40	1	2	41	42	43	44	
8540	8539	host	31194	766	511	698	481	15.0196	2.8848	6.092	2.7093	Noun	656	0.85528	4.1766	1	28.33	4	8	1	high	high1	1	10	1	2	11	12	13	14	
2575	2574	canary	9236	149	96	118	78	2.9216	2.1761	1.1445	1.9868	Noun	99	0.66443	3.4679	3	62.6	6	1	1	low	low3	4	40	1	2	41	42	43	44	
7716	7715	groove	28515	212	139	188	126	4.1569	2.3284	1.6571	2.1461	Noun	212	1	3.6202	1	41.6	6	1	1	low	low1	3	30	1	2	31	32	33	34	
7458	7457	goal	27660	854	540	783	520	16.7451	2.932	6.4378	2.7332	Noun	854	1	4.2238	1	20	4	4	1	high	high1	1	10	1	2	11	12	13	14	
2200	2199	brunch	8148	189	107	180	102	3.7059	2.2788	1.2756	2.0334	Noun	139	0.73545	3.5706	1	38.6	6	2	1	low	low1	3	30	1	2	31	32	33	34	
15547	15546	seat	57477	4018	2443	3943	2416	78.7843	3.6041	29.1249	3.3881	Noun	3978	0.99078	4.896	1	35	4	15	1	high	high1	1	10	1	2	11	12	13	14	
9428	9427	keg	35422	175	99	159	96	3.4314	2.2455	1.1803	2	Noun	160	0.91429	3.5373	1	4	3	6	1	low	low1	3	30	1	2	31	32	33	34	
13404	13403	pond	49098	323	207	269	182	6.3333	2.5105	2.4678	2.3181	Noun	319	0.99068	3.8024	1	27.33	4	4	1	high	high1	1	10	1	2	11	12	13	14	
6736	6735	fluke	25036	89	65	80	61	1.7451	1.9542	0.77492	1.8195	Noun	89	1	3.2461	1	25.25	5	2	1	low	low1	3	30	1	2	31	32	33	34	
7065	7064	fundraiser	26298	97	75	92	71	1.902	1.9912	0.89413	1.8808	Noun	97	1	3.2831	3	37	10	0	1	low	low3	4	40	1	2	41	42	43	44	
14072	14071	quart	51629	106	77	100	74	2.0784	2.0294	0.91798	1.8921	Noun	105	1	3.3212	1	28	5	0	1	low	low1	3	30	1	2	31	32	33	34	
14565	14564	reminder	53820	192	178	186	173	3.7647	2.2856	2.1221	2.2529	Noun	192	1	3.5774	3	100	8	1	1	low	low3	4	40	1	2	41	42	43	44	
4163	4162	crest	15150	107	67	69	50	2.098	2.0334	0.79876	1.8325	Noun	97	0.90654	3.3253	1	37.5	5	5	1	low	low1	3	30	1	2	31	32	33	34	
10355	10354	lung	38247	420	239	305	210	8.2353	2.6243	2.8493	2.3802	Noun	368	0.88249	3.9161	1	22	4	7	1	high	high1	1	10	1	2	11	12	13	14	
2751	2750	cart	9805	461	325	449	321	9.0392	2.6646	3.8746	2.5132	Noun	427	0.93435	3.9565	1	34	4	14	1	high	high1	1	10	1	2	11	12	13	14	
9237	9236	jazz	34700	608	305	406	252	11.9216	2.7846	3.6361	2.4857	Noun	593	0.97694	4.0765	1	6.67	4	0	1	high	high1	1	10	1	2	11	12	13	14	
10342	10341	lump	38216	181	149	177	147	3.549	2.2601	1.7763	2.1761	Noun	156	0.86188	3.5519	1	13.67	4	8	1	low	low1	3	30	1	2	31	32	33	34	
2979	2978	challenger	10520	77	50	54	41	1.5098	1.8921	0.59609	1.7076	Noun	77	1	3.1839	3	42.44	10	2	1	low	low3	4	40	1	2	41	42	43	44	
3627	3626	commitment	12855	550	438	533	429	10.7843	2.7412	5.2217	2.6425	Noun	550	1	4.033	3	76.56	10	0	1	high	high3	2	20	1	2	21	22	23	24	
3987	3986	cough	14565	448	334	387	295	8.7843	2.6522	3.9819	2.525	Noun	258	0.57461	3.9441	1	34.75	5	5	1	high	high1	1	10	1	2	11	12	13	14	
3031	3030	charity	10705	841	538	787	522	16.4902	2.9253	6.4139	2.7316	Noun	840	1	4.2171	3	77.5	7	1	1	high	high3	2	20	1	2	21	22	23	24	
9082	9081	internship	33907	152	74	148	74	2.9804	2.1847	0.88221	1.8751	Noun	150	1	3.4765	3	60.22	10	0	1	low	low3	4	40	1	2	41	42	43	44	
490	489	announcer	2331	574	201	217	75	11.2549	2.7597	2.3963	2.3054	Noun	529	0.92321	4.0515	3	41.63	9	2	1	high	high3	2	20	1	2	21	22	23	24	
6674	6673	flick	24817	257	137	150	122	5.0392	2.4116	1.6333	2.1399	Noun	121	0.47082	3.7035	1	37	5	4	1	high	high1	1	10	1	2	11	12	13	14	
18167	18166	translator	67375	115	77	106	71	2.2549	2.0645	0.91798	1.8921	Noun	114	1	3.3563	3	49.78	10	0	1	low	low3	4	40	1	2	41	42	43	44	
18313	18312	trough	67916	72	58	70	56	1.4118	1.8633	0.69146	1.7709	Noun	72	1	3.1552	1	36	6	1	1	low	low1	3	30	1	2	31	32	33	34	
13724	13723	probation	50315	299	180	284	172	5.8627	2.4771	2.1459	2.2577	Noun	299	1	3.769	3	122.38	9	0	1	high	high3	2	20	1	2	21	22	23	24	
8631	8630	hump	31509	225	162	197	156	4.4118	2.3541	1.9313	2.2122	Noun	127	0.56696	3.6459	1	16	4	8	1	low	low1	3	30	1	2	31	32	33	34	
13551	13550	pox	49579	75	54	74	53	1.4706	1.8808	0.64378	1.7404	Noun	76	1	3.1726	1	4.5	3	8	1	low	low1	3	30	1	2	31	32	33	34	
6088	6087	existence	22827	596	475	588	473	11.6863	2.776	5.6629	2.6776	Noun	596	1	4.0678	3	57.38	9	0	1	high	high3	2	20	1	2	21	22	23	24	
9834	9833	lease	36706	320	201	315	200	6.2745	2.5065	2.3963	2.3054	Noun	288	0.8972	3.7983	1	51.25	5	5	1	high	high1	1	10	1	2	11	12	13	14	
6180	6179	face	23275	14747	5610	14152	5529	289.1569	4.1687	66.8813	3.749	Noun	11894	0.80719	5.4606	1	19	4	11	1	high	high1	1	10	1	2	11	12	13	14	
653	652	arch	2944	188	117	107	85	3.6863	2.2765	1.3948	2.0719	Noun	138	0.73404	3.5683	1	7.33	4	1	1	low	low1	3	30	1	2	31	32	33	34	
218	217	aisle	1378	379	284	343	263	7.4314	2.5798	3.3858	2.4548	Noun	379	1	3.8716	1	17.5	5	0	1	high	high1	1	10	1	2	11	12	13	14	
18709	18708	veal	70911	181	105	138	93	3.549	2.2601	1.2518	2.0253	Noun	176	0.97238	3.5519	1	30.67	4	11	1	low	low1	3	30	1	2	31	32	33	34	
15603	15602	selection	57692	232	201	225	196	4.549	2.3674	2.3963	2.3054	Noun	232	1	3.6592	3	112.25	9	0	1	high	high3	2	20	1	2	21	22	23	24	
15579	15578	sedative	57570	130	112	122	107	2.549	2.1173	1.3352	2.0531	Noun	123	0.94615	3.4091	3	78.43	8	0	1	low	low3	4	40	1	2	41	42	43	44	
17161	17160	suggestion	63607	622	519	617	517	12.1961	2.7945	6.1874	2.716	Noun	622	1	4.0863	3	119.89	10	0	1	high	high3	2	20	1	2	21	22	23	24	
112	111	advisor	941	225	145	198	132	4.4118	2.3541	1.7287	2.1644	Noun	224	0.99556	3.6459	3	21.5	7	1	1	low	low3	4	40	1	2	41	42	43	44	
15739	15738	shade	58176	304	252	283	244	5.9608	2.4843	3.0043	2.4031	Noun	295	0.97039	3.7761	1	35.25	5	8	1	high	high1	1	10	1	2	11	12	13	14	
18397	18396	turf	68203	218	176	205	164	4.2745	2.3404	2.0982	2.248	Noun	212	0.97248	3.6323	1	14	4	3	1	low	low1	3	30	1	2	31	32	33	34	
5153	5152	document	19289	515	319	496	305	10.098	2.7126	3.8031	2.5051	Noun	439	0.85243	4.0045	3	45	8	0	1	high	high3	2	20	1	2	21	22	23	24	
16656	16655	spur	61741	73	57	66	53	1.4314	1.8692	0.67954	1.7634	Noun	62	0.84932	3.1611	1	8.33	4	4	1	low	low1	3	30	1	2	31	32	33	34	
12951	12950	pharmacy	47683	175	130	148	115	3.4314	2.2455	1.5498	2.1173	Noun	166	0.94857	3.5373	3	32.14	8	0	1	low	low3	4	40	1	2	41	42	43	44	
11130	11129	misfortune	40941	136	117	128	116	2.6667	2.1367	1.3948	2.0719	Noun	136	1	3.4286	3	33.56	10	0	1	low	low3	4	40	1	2	41	42	43	44	
10672	10671	mash	39326	224	150	68	60	4.3922	2.3522	1.7883	2.179	Noun	123	0.54911	3.644	1	30.33	4	15	1	low	low1	3	30	1	2	31	32	33	34	
15190	15189	saliva	56242	135	92	122	86	2.6471	2.1335	1.0968	1.9685	Noun	135	1	3.4254	3	39	6	0	1	low	low3	4	40	1	2	41	42	43	44	
1898	1897	boost	7245	230	194	207	181	4.5098	2.3636	2.3128	2.29	Noun	120	0.52402	3.6554	1	40	5	2	1	high	high1	1	10	1	2	11	12	13	14	
7005	7004	fright	26019	141	113	131	111	2.7647	2.1523	1.3472	2.0569	Noun	141	1	3.4441	1	38.8	6	4	1	low	low1	3	30	1	2	31	32	33	34	
17437	17436	tad	64730	238	148	138	126	4.6667	2.3784	1.7644	2.1732	Noun	238	1	3.6702	1	9	3	20	1	high	high1	1	10	1	2	11	12	13	14	
15658	15657	sentiment	57882	162	148	154	143	3.1765	2.2122	1.7644	2.1732	Noun	162	1	3.504	3	70.25	9	0	1	low	low3	4	40	1	2	41	42	43	44	
13712	13711	privacy	50272	774	618	749	604	15.1765	2.8893	7.3677	2.7917	Noun	773	1	4.1811	3	44.67	7	1	1	high	high3	2	20	1	2	21	22	23	24	
4252	4251	cruise	15465	626	395	506	323	12.2745	2.7973	4.7091	2.5977	Noun	489	0.78115	4.0891	1	44.2	6	1	1	high	high1	1	10	1	2	11	12	13	14	
6867	6866	forgery	25482	100	67	90	61	1.9608	2.0043	0.79876	1.8325	Noun	100	1	3.2962	3	105.33	7	0	1	low	low3	4	40	1	2	41	42	43	44	
13332	13331	poisoning	48885	302	226	298	224	5.9216	2.4814	2.6943	2.356	Noun	213	0.7053	3.7733	3	204.25	9	0	1	high	high3	2	20	1	2	21	22	23	24	
14775	14774	revolver	54888	141	101	140	101	2.7647	2.1523	1.2041	2.0086	Noun	144	1	3.4441	3	82.43	8	2	1	low	low3	4	40	1	2	41	42	43	44	
2023	2022	brain	7600	3928	1994	3710	1950	77.0196	3.5943	23.7721	3.2999	Noun	3887	0.99057	4.8861	1	42	5	5	1	high	high1	1	10	1	2	11	12	13	14	
14530	14529	rejection	53628	168	125	151	122	3.2941	2.2279	1.4902	2.1004	Noun	168	1	3.5197	3	122.38	9	1	1	low	low3	4	40	1	2	41	42	43	44	
15062	15061	rug	55846	531	354	495	346	10.4118	2.7259	4.2203	2.5502	Noun	531	1	4.0177	1	8	3	16	1	high	high1	1	10	1	2	11	12	13	14	
14564	14563	remedy	53808	118	107	115	104	2.3137	2.0755	1.2756	2.0334	Noun	74	0.62712	3.3674	3	41.4	6	0	1	low	low3	4	40	1	2	41	42	43	44	
17506	17505	tap	64988	752	480	653	440	14.7451	2.8768	5.7225	2.6821	Noun	392	0.52197	4.1686	1	9	3	18	1	high	high1	1	10	1	2	11	12	13	14	
13373	13372	pollution	48995	97	77	85	69	1.902	1.9912	0.91798	1.8921	Noun	97	1	3.2831	3	108	9	0	1	low	low3	4	40	1	2	41	42	43	44	
13541	13540	poverty	49554	221	166	204	153	4.3333	2.3464	1.979	2.2227	Noun	221	1	3.6382	3	47	7	0	1	low	low3	4	40	1	2	41	42	43	44	
15453	15452	scout	57133	657	411	362	216	12.8824	2.8182	4.8999	2.6149	Noun	517	0.78811	4.1101	1	19.75	5	6	1	high	high1	1	10	1	2	11	12	13	14	
4761	4760	depth	17432	421	261	382	245	8.2549	2.6253	3.1116	2.4183	Noun	422	1	3.9171	1	20.5	5	1	1	high	high1	1	10	1	2	11	12	13	14	
18224	18223	trend	67604	106	79	84	76	2.0784	2.0294	0.94182	1.9031	Noun	87	0.83654	3.3212	1	33	5	1	1	low	low1	3	30	1	2	31	32	33	34	
9724	9723	lark	36384	83	54	61	45	1.6275	1.9243	0.64378	1.7404	Noun	69	0.83133	3.2161	1	36	4	9	1	low	low1	3	30	1	2	31	32	33	34	
19226	19225	whiff	72666	127	112	123	109	2.4902	2.1072	1.3352	2.0531	Noun	117	0.936	3.399	1	21.25	5	0	1	low	low1	3	30	1	2	31	32	33	34	
18362	18361	tug	68097	140	79	82	69	2.7451	2.1492	0.94182	1.9031	Noun	85	0.61151	3.4411	1	6.5	3	12	1	low	low1	3	30	1	2	31	32	33	34	
1330	1329	beach	5178	2888	1291	2180	1025	56.6275	3.4607	15.391	3.1113	Noun	2859	0.9903	4.7526	1	55	5	7	1	high	high1	1	10	1	2	11	12	13	14	
16819	16818	stealth	62252	142	78	80	53	2.7843	2.1553	0.9299	1.8976	Noun	142	1	3.4472	1	47.5	7	0	1	low	low1	3	30	1	2	31	32	33	34	
17706	17705	test	65690	4288	2095	4126	2053	84.0784	3.6324	24.9762	3.3214	Noun	3269	0.76272	4.9242	1	23.33	4	12	1	high	high1	1	10	1	2	11	12	13	14	
17517	17516	tar	65016	160	100	132	87	3.1373	2.2068	1.1922	2.0043	Noun	134	0.8535	3.4987	1	8.5	3	16	1	low	low1	3	30	1	2	31	32	33	34	
11865	11864	noon	43656	924	703	848	673	18.1176	2.9661	8.381	2.8476	Noun	922	1	4.258	1	25.67	4	7	1	high	high1	1	10	1	2	11	12	13	14	
13606	13605	pregnancy	49836	334	220	322	213	6.549	2.525	2.6228	2.3444	Noun	334	1	3.8169	3	51.38	9	0	1	high	high3	2	20	1	2	21	22	23	24	
7257	7256	gel	26916	83	67	80	65	1.6275	1.9243	0.79876	1.8325	Noun	77	0.92771	3.2161	1	3.5	3	6	1	low	low1	3	30	1	2	31	32	33	34	
14236	14235	ramp	52145	147	101	139	98	2.8824	2.1703	1.2041	2.0086	Noun	147	1	3.4621	1	22	4	8	1	low	low1	3	30	1	2	31	32	33	34	
18793	18792	vet	71174	296	193	288	189	5.8039	2.4728	2.3009	2.2878	Noun	278	0.93919	3.7646	1	7	3	13	1	high	high1	1	10	1	2	11	12	13	14	
3039	3038	chart	10735	483	339	464	331	9.4706	2.6848	4.0415	2.5315	Noun	439	0.9089	3.9767	1	42	5	4	1	high	high1	1	10	1	2	11	12	13	14	
2283	2282	bulletin	8383	183	148	163	137	3.5882	2.2648	1.7644	2.1732	Noun	183	1	3.5567	3	40.71	8	0	1	low	low3	4	40	1	2	41	42	43	44	
14798	14797	rhyme	54988	225	160	225	160	4.4118	2.3541	1.9075	2.2068	Noun	141	0.62946	3.6459	1	5.25	5	1	1	low	low1	3	30	1	2	31	32	33	34	
735	734	arsenal	3226	102	82	95	75	2	2.0128	0.97759	1.9191	Noun	96	0.94118	3.3047	3	37.17	7	0	1	low	low3	4	40	1	2	41	42	43	44	
10833	10832	melody	39895	337	139	174	114	6.6078	2.5289	1.6571	2.1461	Noun	337	0.9941	3.8208	3	30.8	6	0	1	high	high3	2	20	1	2	21	22	23	24	
16510	16509	spawn	61144	93	56	68	54	1.8235	1.9731	0.66762	1.7559	Noun	58	0.63043	3.265	1	23.75	5	0	1	low	low1	3	30	1	2	31	32	33	34	
13380	13379	polygraph	49030	81	40	72	37	1.5882	1.9138	0.47687	1.6128	Noun	73	0.90123	3.2056	3	28.25	9	0	1	low	low3	4	40	1	2	41	42	43	44	
16149	16148	slab	59634	94	66	72	63	1.8431	1.9777	0.78684	1.8261	Noun	94	1	3.2696	1	17	4	8	1	low	low1	3	30	1	2	31	32	33	34	
11710	11709	nerve	42973	1171	834	1152	824	22.9608	3.0689	9.9428	2.9217	Noun	1159	0.994	4.3608	1	24.5	5	3	1	high	high1	1	10	1	2	11	12	13	14	
6394	6393	fern	23953	163	28	22	14	3.1961	2.2148	0.33381	1.4624	Noun	116	0.71605	3.5067	1	16.67	4	1	1	low	low1	3	30	1	2	31	32	33	34	
8677	8676	hydrogen	31687	136	79	122	73	2.6667	2.1367	0.94182	1.9031	Noun	136	1	3.4286	3	24	8	0	1	low	low3	4	40	1	2	41	42	43	44	
2788	2787	casino	9898	1039	325	889	281	20.3725	3.017	3.8746	2.5132	Noun	954	0.91819	4.3089	3	88.2	6	1	1	high	high3	2	20	1	2	21	22	23	24	
14942	14941	rogue	55444	190	114	123	103	3.7255	2.281	1.3591	2.0607	Noun	175	0.92105	3.5729	1	17.75	5	1	1	low	low1	3	30	1	2	31	32	33	34	
1402	1401	beep	5405	332	209	252	178	6.5098	2.5224	2.4917	2.3222	Noun	198	0.60366	3.8143	1	27.33	4	11	1	high	high1	1	10	1	2	11	12	13	14	
9414	9413	karate	35333	386	138	304	115	7.5686	2.5877	1.6452	2.143	Noun	380	0.99738	3.8795	3	54	6	0	1	high	high3	2	20	1	2	21	22	23	24	
8408	8407	holiday	30757	1086	617	897	534	21.2941	3.0362	7.3557	2.791	Noun	1045	0.96225	4.3281	3	35	7	0	1	high	high3	2	20	1	2	21	22	23	24	
5793	5792	enema	21547	72	52	65	50	1.4118	1.8633	0.61993	1.7243	Noun	72	1	3.1552	3	9.75	5	1	1	low	low3	4	40	1	2	41	42	43	44	
3676	3675	component	13070	81	65	78	63	1.5882	1.9138	0.77492	1.8195	Noun	81	1	3.2056	3	98	9	0	1	low	low3	4	40	1	2	41	42	43	44	
18820	18819	victory	71270	1094	636	871	577	21.451	3.0394	7.5823	2.8041	Noun	1072	0.97989	4.3312	3	48.17	7	1	1	high	high3	2	20	1	2	21	22	23	24	
9003	9002	inquiry	33460	178	134	177	133	3.4902	2.2529	1.5975	2.1303	Noun	178	1	3.5447	3	37.17	7	1	1	low	low3	4	40	1	2	41	42	43	44	
18988	18987	wage	71782	159	142	158	141	3.1176	2.2041	1.6929	2.1553	Noun	126	0.79245	3.496	1	20.67	4	11	1	low	low1	3	30	1	2	31	32	33	34	
9815	9814	leadership	36647	249	197	232	187	4.8824	2.3979	2.3486	2.2967	Noun	249	1	3.6898	3	32.33	10	1	1	high	high3	2	20	1	2	21	22	23	24	
6663	6662	flea	24755	169	110	133	102	3.3137	2.2304	1.3114	2.0453	Noun	139	0.82738	3.5223	1	12.67	4	5	1	low	low1	3	30	1	2	31	32	33	34	
809	808	assistance	3501	558	447	532	429	10.9412	2.7474	5.329	2.6513	Noun	557	1	4.0392	3	47.44	10	0	1	high	high3	2	20	1	2	21	22	23	24	
7620	7619	grasp	28194	233	202	223	199	4.5686	2.3692	2.4082	2.3075	Noun	122	0.52361	3.661	1	42	5	1	1	high	high1	1	10	1	2	11	12	13	14	
12316	12315	overdose	45388	136	100	115	90	2.6667	2.1367	1.1922	2.0043	Noun	112	0.82353	3.4286	3	37.57	8	1	1	low	low3	4	40	1	2	41	42	43	44	
9037	9036	instructor	33644	240	165	235	163	4.7059	2.382	1.9671	2.2201	Noun	240	1	3.6739	3	49.11	10	0	1	high	high3	2	20	1	2	21	22	23	24	
17102	17101	subpoena	63370	113	87	109	83	2.2157	2.0569	1.0372	1.9445	Noun	71	0.63393	3.3487	3	30.71	8	0	1	low	low3	4	40	1	2	41	42	43	44	
9836	9835	leash	36711	219	165	215	162	4.2941	2.3424	1.9671	2.2201	Noun	213	0.97706	3.6343	1	44	5	3	1	low	low1	3	30	1	2	31	32	33	34	
264	263	alias	1536	208	155	143	112	4.0784	2.3201	1.8479	2.1931	Noun	162	0.77143	3.612	3	21.25	5	1	1	low	low3	4	40	1	2	41	42	43	44	
4717	4716	denial	17229	268	199	224	173	5.2549	2.4298	2.3724	2.301	Noun	268	1	3.7216	3	58.6	6	3	1	high	high3	2	20	1	2	21	22	23	24	
9088	9087	interview	33991	1505	815	1470	799	29.5098	3.1778	9.7163	2.9117	Noun	1193	0.79427	4.4697	3	84.13	9	0	1	high	high3	2	20	1	2	21	22	23	24	
12646	12645	paste	46591	87	71	81	65	1.7059	1.9445	0.84645	1.8573	Noun	66	0.75862	3.2363	1	41	5	8	1	low	low1	3	30	1	2	31	32	33	34	
15040	15039	royalty	55766	200	133	154	120	3.9216	2.3032	1.5856	2.1271	Noun	200	1	3.595	3	28.33	7	2	1	low	low3	4	40	1	2	41	42	43	44	
12629	12628	passenger	46557	549	286	443	267	10.7647	2.7404	3.4096	2.4579	Noun	548	1	4.0322	3	59	9	0	1	high	high3	2	20	1	2	21	22	23	24	
470	469	animal	2264	2320	1372	2086	1281	45.4902	3.3657	16.3567	3.1377	Noun	2312	0.99741	4.6575	3	31.8	6	0	1	high	high3	2	20	1	2	21	22	23	24	
5205	5204	donation	19466	179	137	173	134	3.5098	2.2553	1.6333	2.1399	Noun	179	1	3.5471	3	103	8	0	1	low	low3	4	40	1	2	41	42	43	44	
4480	4479	dane	16172	158	48	0	0	3.098	2.2014	0.57225	1.6902	Noun	158	1	3.4932	1	33.33	4	18	1	low	low1	3	30	1	2	31	32	33	34	
10500	10499	mall	38766	964	426	855	398	18.902	2.9845	5.0787	2.6304	Noun	965	1	4.2764	1	38	4	15	1	high	high1	1	10	1	2	11	12	13	14	
16675	16674	squat	61808	160	133	146	125	3.1373	2.2068	1.5856	2.1271	Noun	74	0.4625	3.4987	1	7.25	5	2	1	low	low1	3	30	1	2	31	32	33	34	
5892	5891	equation	22047	178	127	173	124	3.4902	2.2529	1.5141	2.1072	Noun	177	1	3.5447	3	83.43	8	0	1	low	low3	4	40	1	2	41	42	43	44	
11628	11627	narrator	42594	529	164	113	70	10.3725	2.7243	1.9552	2.2175	Noun	520	0.99426	4.0161	3	61.29	8	0	1	high	high3	2	20	1	2	21	22	23	24	
4131	4130	creator	15071	142	95	110	67	2.7843	2.1553	1.1326	1.9823	Noun	142	1	3.4472	3	59.5	7	0	1	low	low3	4	40	1	2	41	42	43	44	
6332	6331	feat	23776	78	70	76	69	1.5294	1.8976	0.83453	1.8513	Noun	78	1	3.1895	1	31.67	4	12	1	low	low1	3	30	1	2	31	32	33	34	
5879	5878	episode	21998	627	462	446	316	12.2941	2.798	5.5079	2.6656	Noun	624	1	4.0898	3	23.17	7	0	1	high	high3	2	20	1	2	21	22	23	24	
9867	9866	legacy	36798	256	193	245	188	5.0196	2.4099	2.3009	2.2878	Noun	256	1	3.7018	3	20.4	6	0	1	high	high3	2	20	1	2	21	22	23	24	
4892	4891	diaphragm	17987	105	69	97	66	2.0588	2.0253	0.8226	1.8451	Noun	105	1	3.3171	3	32.63	9	0	1	low	low3	4	40	1	2	41	42	43	44	
3826	3825	contrary	13943	454	409	411	371	8.902	2.658	4.876	2.6128	Noun	333	0.73348	3.9498	3	88.57	8	0	1	high	high3	2	20	1	2	21	22	23	24	
8938	8937	informant	33209	213	96	204	94	4.1765	2.3304	1.1445	1.9868	Noun	213	1	3.6222	3	65.63	9	0	1	low	low3	4	40	1	2	41	42	43	44	
16858	16857	stern	62408	327	154	140	106	6.4118	2.5159	1.836	2.1903	Noun	199	0.60856	3.8077	1	33	5	1	1	high	high1	1	10	1	2	11	12	13	14	
17005	17004	stride	62957	107	68	75	67	2.098	2.0334	0.81068	1.8388	Noun	76	0.7037	3.3253	1	53	6	5	1	low	low1	3	30	1	2	31	32	33	34	
19392	19391	womb	73371	177	141	168	136	3.4706	2.2504	1.681	2.1523	Noun	176	0.99435	3.5423	1	12.67	4	3	1	low	low1	3	30	1	2	31	32	33	34	
16099	16098	sketch	59475	252	159	242	154	4.9412	2.4031	1.8956	2.2041	Noun	200	0.79365	3.695	1	16.2	6	0	1	high	high1	1	10	1	2	11	12	13	14	
1767	1766	boar	6846	111	60	93	55	2.1765	2.0492	0.71531	1.7853	Noun	111	1	3.3411	1	26.33	4	5	1	low	low1	3	30	1	2	31	32	33	34	
3287	3286	clarity	11761	107	97	106	96	2.098	2.0334	1.1564	1.9912	Noun	107	1	3.3253	3	81.67	7	2	1	low	low3	4	40	1	2	41	42	43	44	
18192	18191	tray	67522	410	281	353	268	8.0392	2.6138	3.35	2.4502	Noun	410	0.99757	3.9057	1	17.33	4	7	1	high	high1	1	10	1	2	11	12	13	14	
7554	7553	governor	27987	1369	401	744	295	26.8431	3.1367	4.7806	2.6042	Noun	1342	0.97956	4.4286	3	42	8	0	1	high	high3	2	20	1	2	21	22	23	24	
93	92	admission	798	181	164	167	153	3.549	2.2601	1.9552	2.2175	Noun	181	1	3.5519	3	71	9	0	1	low	low3	4	40	1	2	41	42	43	44	
2096	2095	brew	7831	128	91	119	85	2.5098	2.1106	1.0849	1.9638	Noun	83	0.64844	3.4024	1	13	4	6	1	low	low1	3	30	1	2	31	32	33	34	
16674	16673	squash	61801	223	162	201	150	4.3725	2.3502	1.9313	2.2122	Noun	130	0.58296	3.6421	1	19.2	6	0	1	low	low1	3	30	1	2	31	32	33	34	
2744	2743	carrier	9780	326	160	282	151	6.3922	2.5145	1.9075	2.2068	Noun	326	1	3.8064	3	151.5	7	4	1	high	high3	2	20	1	2	21	22	23	24	
18007	18006	tooth	66814	692	401	621	380	13.5686	2.8407	4.7806	2.6042	Noun	691	1	4.1326	1	37	5	1	1	high	high1	1	10	1	2	11	12	13	14	
15100	15099	ruse	55955	85	72	85	72	1.6667	1.9345	0.85837	1.8633	Noun	85	1	3.2263	1	20.67	4	9	1	low	low1	3	30	1	2	31	32	33	34	
887	886	attorney	3775	2060	930	1592	820	40.3922	3.3141	11.0873	2.9689	Noun	2046	0.99708	4.6059	3	36.86	8	0	1	high	high3	2	20	1	2	21	22	23	24	
851	850	atmosphere	3663	493	362	483	356	9.6667	2.6937	4.3157	2.5599	Noun	493	1	3.9856	3	20.56	10	0	1	high	high3	2	20	1	2	21	22	23	24	
7944	7943	ham	29228	591	335	473	286	11.5882	2.7723	3.9938	2.5263	Noun	565	0.95601	4.0642	1	8	3	17	1	high	high1	1	10	1	2	11	12	13	14	
7135	7134	gallery	26540	434	239	385	223	8.5098	2.6385	2.8493	2.3802	Noun	434	1	3.9303	3	118.67	7	0	1	high	high3	2	20	1	2	21	22	23	24	
5660	5659	election	20919	560	271	530	264	10.9804	2.749	3.2308	2.4346	Noun	559	1	4.0408	3	84.86	8	3	1	high	high3	2	20	1	2	21	22	23	24	
4996	4995	direction	18361	1228	979	1208	967	24.0784	3.0896	11.6714	2.9912	Noun	1230	1	4.3814	3	121.25	9	0	1	high	high3	2	20	1	2	21	22	23	24	
9627	9626	lad	36112	736	339	675	316	14.4314	2.8675	4.0415	2.5315	Noun	726	1	4.1593	1	10	3	20	1	high	high1	1	10	1	2	11	12	13	14	
12314	12313	overcoat	45360	74	55	65	51	1.451	1.8751	0.6557	1.7482	Noun	73	0.98649	3.1669	3	34.71	8	0	1	low	low3	4	40	1	2	41	42	43	44	
157	156	agony	1226	191	171	176	159	3.7451	2.2833	2.0386	2.2355	Noun	191	1	3.5751	3	19	5	0	1	low	low3	4	40	1	2	41	42	43	44	
13300	13299	pneumonia	48803	257	184	239	178	5.0392	2.4116	2.1936	2.2672	Noun	256	1	3.7035	3	11.38	9	1	1	high	high3	2	20	1	2	21	22	23	24	
1269	1268	basketball	5023	1091	420	1014	402	21.3922	3.0382	5.0072	2.6243	Noun	1086	0.99908	4.3301	3	11.56	10	0	1	high	high3	2	20	1	2	21	22	23	24	
5440	5439	duct	20156	160	110	143	106	3.1373	2.2068	1.3114	2.0453	Noun	121	0.76582	3.4987	1	13	4	3	1	low	low1	3	30	1	2	31	32	33	34	
12881	12880	perk	47368	72	63	58	55	1.4118	1.8633	0.75107	1.8062	Noun	46	0.63014	3.1552	1	18	4	7	1	low	low1	3	30	1	2	31	32	33	34	
16453	16452	soup	60945	1285	763	1189	722	25.1961	3.1092	9.0963	2.8831	Noun	1283	1	4.4011	1	16.33	4	4	1	high	high1	1	10	1	2	11	12	13	14	
11205	11204	modeling	41206	185	107	165	101	3.6275	2.2695	1.2756	2.0334	Noun	138	0.74595	3.5613	3	289.71	8	0	1	low	low3	4	40	1	2	41	42	43	44	
18715	18714	vegetable	70931	291	238	273	228	5.7059	2.4654	2.8374	2.3784	Noun	291	1	3.7572	3	45.13	9	0	1	high	high3	2	20	1	2	21	22	23	24	
12118	12117	opening	44619	1960	1360	1839	1297	38.4314	3.2925	16.2136	3.1339	Noun	1017	0.51914	4.5843	3	268.83	7	0	1	high	high3	2	20	1	2	21	22	23	24	
14105	14104	quid	51755	161	75	146	67	3.1569	2.2095	0.89413	1.8808	Noun	161	1	3.5013	1	8.33	4	3	1	low	low1	3	30	1	2	31	32	33	34	
7413	7412	glimpse	27490	171	162	171	162	3.3529	2.2355	1.9313	2.2122	Noun	162	0.94737	3.5274	1	30.83	7	0	1	low	low1	3	30	1	2	31	32	33	34	
8512	8511	horn	31092	1075	586	801	484	21.0784	3.0318	6.9862	2.7686	Noun	1039	0.96922	4.3236	1	26.33	4	6	1	high	high1	1	10	1	2	11	12	13	14	
16219	16218	slop	59932	94	72	85	68	1.8431	1.9777	0.85837	1.8633	Noun	64	0.68085	3.2696	1	18.67	4	11	1	low	low1	3	30	1	2	31	32	33	34	
552	551	anytime	2591	1248	1031	805	709	24.4706	3.0966	12.2914	3.0137	Noun	1246	1	4.3884	3	45.17	7	0	1	high	high3	2	20	1	2	21	22	23	24	
14200	14199	rail	52049	233	176	215	162	4.5686	2.3692	2.0982	2.248	Noun	231	0.99142	3.661	1	26.33	4	12	1	high	high1	1	10	1	2	11	12	13	14	
19285	19284	wife	72957	17795	4811	17592	4781	348.9216	4.2503	57.3557	3.6823	Noun	17782	0.99994	5.5422	1	12	4	9	1	high	high1	1	10	1	2	11	12	13	14	
2316	2315	bungalow	8481	84	48	63	43	1.6471	1.9294	0.57225	1.6902	Noun	84	1	3.2213	3	26.43	8	0	1	low	low3	4	40	1	2	41	42	43	44	
13319	13318	poetry	48851	682	389	616	361	13.3725	2.8344	4.6376	2.5911	Noun	679	1	4.1263	3	28.4	6	0	1	high	high3	2	20	1	2	21	22	23	24	
8213	8212	helium	30071	73	48	58	43	1.4314	1.8692	0.57225	1.6902	Noun	73	1	3.1611	3	34.4	6	0	1	low	low3	4	40	1	2	41	42	43	44	
