numid|f	X|f	Word|s	Unnamed|f	FREQcount|f	Cdcount|f	FREQlow|f	Cdlow|f	SUBLTLWF|f	Lg10WF|f	SUBTLCD|f	Lg10CD|f	Dom_PoS_SUBTLEX|s	Freq_dom_PoS_SUBTLEX|f	Percentage_dom_PoS|f	Zipfvalue|f	cmu_sylls|f	BF_TP|f	LEN_L|f	N|f	Zipfvalue_incl|f	Zipfvalue_cat|s	cond_name|s	cond_code|f	trigger_code|f	len|f	corr_resp|f	fix_code|f	word_code|f	delay_code|f	audioresp_code|f	
19294	19293	wilderness	72996	201	145	174	137	3.9412	2.3054	1.7287	2.1644	Noun	196	0.97512	3.5972	3	49.22	10	0	1	low	low3	4	40	1	2	41	42	43	44	
17062	17061	stump	63131	125	80	92	75	2.451	2.1004	0.95374	1.9085	Noun	104	0.832	3.3922	1	29.5	5	3	1	low	low1	3	30	1	2	31	32	33	34	
19490	19489	writ	73703	88	61	85	59	1.7255	1.9494	0.72723	1.7924	Noun	75	0.85227	3.2412	1	13.33	4	3	1	low	low1	3	30	1	2	31	32	33	34	
15106	15105	rust	55972	127	101	112	93	2.4902	2.1072	1.2041	2.0086	Noun	77	0.6063	3.399	1	27	4	12	1	low	low1	3	30	1	2	31	32	33	34	
2944	2943	century	10375	1063	727	950	663	20.8431	3.0269	8.6671	2.8621	Noun	1065	1	4.3188	3	54.33	7	0	1	high	high3	2	20	1	2	21	22	23	24	
17268	17267	surge	64043	94	70	91	68	1.8431	1.9777	0.83453	1.8513	Noun	87	0.92553	3.2696	1	28.25	5	2	1	low	low1	3	30	1	2	31	32	33	34	
11094	11093	mint	40797	277	204	201	159	5.4314	2.444	2.432	2.3118	Noun	169	0.62593	3.7359	1	32.67	4	10	1	high	high1	1	10	1	2	11	12	13	14	
3027	3026	chariot	10696	103	73	100	72	2.0196	2.017	0.87029	1.8692	Noun	102	1	3.3089	3	67.5	7	0	1	low	low3	4	40	1	2	41	42	43	44	
16356	16355	sock	60575	458	302	383	276	8.9804	2.6618	3.6004	2.4814	Noun	336	0.73362	3.9536	1	27.33	4	12	1	high	high1	1	10	1	2	11	12	13	14	
10329	10328	lullaby	38182	88	66	67	56	1.7255	1.9494	0.78684	1.8261	Noun	88	1	3.2412	3	38	7	0	1	low	low3	4	40	1	2	41	42	43	44	
3376	3375	clone	12039	128	56	118	51	2.5098	2.1106	0.66762	1.7559	Noun	71	0.55469	3.4024	1	40.25	5	4	1	low	low1	3	30	1	2	31	32	33	34	
4108	4107	crash	14977	1461	892	1336	840	28.6471	3.1649	10.6342	2.9509	Noun	871	0.59617	4.4568	1	48.75	5	5	1	high	high1	1	10	1	2	11	12	13	14	
10415	10414	magazine	38507	1693	857	1498	786	33.1961	3.2289	10.217	2.9335	Noun	1690	0.99882	4.5207	3	143.71	8	0	1	high	high3	2	20	1	2	21	22	23	24	
15798	15797	sheet	58402	592	464	579	459	11.6078	2.7731	5.5317	2.6675	Noun	590	1	4.0649	1	38.25	5	5	1	high	high1	1	10	1	2	11	12	13	14	
17834	17833	thumb	66200	603	404	559	388	11.8235	2.781	4.8164	2.6075	Noun	591	0.9801	4.0729	1	14.75	5	1	1	high	high1	1	10	1	2	11	12	13	14	
16609	16608	spook	61584	140	106	128	101	2.7451	2.1492	1.2637	2.0294	Noun	69	0.49286	3.4411	1	26	5	4	1	low	low1	3	30	1	2	31	32	33	34	
14124	14123	quiz	51844	252	155	226	144	4.9412	2.4031	1.8479	2.1931	Noun	231	0.92032	3.695	1	4.33	4	3	1	high	high1	1	10	1	2	11	12	13	14	
6261	6260	fantasy	23533	828	557	777	527	16.2353	2.9186	6.6404	2.7466	Noun	812	0.99877	4.2104	3	48.17	7	0	1	high	high3	2	20	1	2	21	22	23	24	
3301	3300	clause	11808	143	99	122	89	2.8039	2.1584	1.1803	2	Noun	130	0.90909	3.4502	1	40	6	0	1	low	low1	3	30	1	2	31	32	33	34	
10600	10599	mare	39115	148	85	113	65	2.902	2.1732	1.0134	1.9345	Noun	110	0.7483	3.465	1	43.67	4	22	1	low	low1	3	30	1	2	31	32	33	34	
1344	1343	beam	5212	445	232	398	204	8.7255	2.6493	2.7659	2.3674	Noun	308	0.69213	3.9412	1	34	4	8	1	high	high1	1	10	1	2	11	12	13	14	
7078	7077	fur	26341	422	285	393	271	8.2745	2.6263	3.3977	2.4564	Noun	416	0.98578	3.9182	1	3	3	7	1	high	high1	1	10	1	2	11	12	13	14	
18296	18295	troll	67858	138	54	107	48	2.7059	2.143	0.64378	1.7404	Noun	135	0.99265	3.4348	1	37.75	5	2	1	low	low1	3	30	1	2	31	32	33	34	
8769	8768	imagery	32147	74	62	72	62	1.451	1.8751	0.73915	1.7993	Noun	74	1	3.1669	3	84.5	7	0	1	low	low3	4	40	1	2	41	42	43	44	
5311	5310	draft	19781	371	300	351	287	7.2745	2.5705	3.5765	2.4786	Noun	303	0.81892	3.8624	1	33.75	5	3	1	high	high1	1	10	1	2	11	12	13	14	
16188	16187	sleigh	59805	167	71	158	66	3.2745	2.2253	0.84645	1.8573	Noun	145	0.87879	3.5171	1	19.8	6	0	1	low	low1	3	30	1	2	31	32	33	34	
15458	15457	scrap	57162	223	170	196	160	4.3725	2.3502	2.0267	2.233	Noun	169	0.75785	3.6421	1	15.5	5	2	1	low	low1	3	30	1	2	31	32	33	34	
13034	13033	pier	48013	334	213	235	166	6.549	2.525	2.5393	2.3304	Noun	334	0.99701	3.8169	1	17	4	5	1	high	high1	1	10	1	2	11	12	13	14	
13138	13137	pit	48343	674	450	602	419	13.2157	2.8293	5.3648	2.6542	Noun	649	0.96721	4.1211	1	8	3	18	1	high	high1	1	10	1	2	11	12	13	14	
11067	11066	minimum	40748	415	363	378	333	8.1373	2.6191	4.3276	2.5611	Noun	225	0.54217	3.9109	3	34.33	7	0	1	high	high3	2	20	1	2	21	22	23	24	
3633	3632	commodore	12869	184	29	6	4	3.6078	2.2672	0.34573	1.4771	Noun	184	1	3.559	3	65	9	0	1	low	low3	4	40	1	2	41	42	43	44	
13175	13174	plaid	48442	82	72	76	67	1.6078	1.9191	0.85837	1.8633	Noun	82	1	3.2109	1	35.5	5	2	1	low	low1	3	30	1	2	31	32	33	34	
18699	18698	vase	70874	196	121	191	119	3.8431	2.2945	1.4425	2.0864	Noun	196	0.99492	3.5863	1	20.67	4	6	1	low	low1	3	30	1	2	31	32	33	34	
11966	11965	oak	44025	286	187	189	129	5.6078	2.4579	2.2294	2.2742	Noun	269	0.93728	3.7497	1	3	3	4	1	high	high1	1	10	1	2	11	12	13	14	
12660	12659	patch	46630	888	521	586	431	17.4118	2.9489	6.2113	2.7177	Noun	593	0.66779	4.2407	1	46.5	5	7	1	high	high1	1	10	1	2	11	12	13	14	
13053	13052	pike	48074	234	79	41	37	4.5882	2.3711	0.94182	1.9031	Noun	182	0.77778	3.6629	1	15.67	4	8	1	high	high1	1	10	1	2	11	12	13	14	
6830	6829	fore	25359	135	96	78	60	2.6471	2.1335	1.1445	1.9868	Noun	61	0.45185	3.4254	1	32.33	4	15	1	low	low1	3	30	1	2	31	32	33	34	
13943	13942	pun	51222	94	85	82	75	1.8431	1.9777	1.0134	1.9345	Noun	86	0.92473	3.2696	1	7.5	3	16	1	low	low1	3	30	1	2	31	32	33	34	
13838	13837	protection	50783	1197	854	1073	798	23.4706	3.0785	10.1812	2.932	Noun	1196	0.99916	4.3703	3	145.78	10	1	1	high	high3	2	20	1	2	21	22	23	24	
4817	4816	detection	17693	85	67	76	63	1.6667	1.9345	0.79876	1.8325	Noun	85	1	3.2263	3	126.13	9	3	1	low	low3	4	40	1	2	41	42	43	44	
7045	7044	fudge	26202	185	122	148	102	3.6275	2.2695	1.4545	2.0899	Noun	168	0.90323	3.5613	1	22.25	5	3	1	low	low1	3	30	1	2	31	32	33	34	
12483	12482	pang	46097	81	31	15	13	1.5882	1.9138	0.36958	1.5051	Noun	57	0.7037	3.2056	1	35.67	4	13	1	low	low1	3	30	1	2	31	32	33	34	
18497	18496	ultrasound	68557	125	75	111	71	2.451	2.1004	0.89413	1.8808	Noun	111	0.888	3.3922	3	18	10	0	1	low	low3	4	40	1	2	41	42	43	44	
9102	9101	intrusion	34098	127	108	126	108	2.4902	2.1072	1.2876	2.0374	Noun	128	1	3.399	3	95.5	9	0	1	low	low3	4	40	1	2	41	42	43	44	
9059	9058	intention	33754	559	456	558	456	10.9608	2.7482	5.4363	2.6599	Noun	558	1	4.04	3	137.25	9	1	1	high	high3	2	20	1	2	21	22	23	24	
391	390	amp	1977	93	73	73	60	1.8235	1.9731	0.87029	1.8692	Noun	92	1	3.265	1	1.5	3	1	1	low	low1	3	30	1	2	31	32	33	34	
16070	16069	site	59378	980	601	965	595	19.2157	2.9917	7.165	2.7796	Noun	972	0.99285	4.2835	1	21	4	10	1	high	high1	1	10	1	2	11	12	13	14	
5019	5018	discipline	18510	462	335	419	315	9.0588	2.6656	3.9938	2.5263	Noun	462	1	3.9574	3	105.89	10	0	1	high	high3	2	20	1	2	21	22	23	24	
11527	11526	museum	42259	942	459	705	356	18.4706	2.9745	5.4721	2.6628	Noun	942	1	4.2663	3	22.6	6	0	1	high	high3	2	20	1	2	21	22	23	24	
9180	9179	itch	34458	213	155	211	154	4.1765	2.3304	1.8479	2.1931	Noun	145	0.68075	3.6222	1	4.33	4	1	1	low	low1	3	30	1	2	31	32	33	34	
531	530	antidote	2497	221	82	213	81	4.3333	2.3464	0.97759	1.9191	Noun	222	1	3.6382	3	44	8	0	1	low	low3	4	40	1	2	41	42	43	44	
1157	1156	bane	4674	94	34	24	22	1.8431	1.9777	0.40534	1.5441	Noun	88	0.93617	3.2696	1	36.67	4	18	1	low	low1	3	30	1	2	31	32	33	34	
10590	10589	marathon	39078	228	130	185	114	4.4706	2.3598	1.5498	2.1173	Noun	228	1	3.6517	3	71.29	8	0	1	high	high3	2	20	1	2	21	22	23	24	
7896	7895	habitat	29005	114	74	90	65	2.2353	2.0607	0.88221	1.8751	Noun	114	1	3.3525	3	28.5	7	0	1	low	low3	4	40	1	2	41	42	43	44	
14511	14510	register	53440	561	423	543	409	11	2.7497	5.0429	2.6274	Noun	359	0.64107	4.0416	3	117.29	8	0	1	high	high3	2	20	1	2	21	22	23	24	
6134	6133	extension	23083	275	221	254	208	5.3922	2.4409	2.6347	2.3464	Noun	275	1	3.7327	3	89.38	9	0	1	high	high3	2	20	1	2	21	22	23	24	
727	726	arrival	3199	422	354	410	345	8.2745	2.6263	4.2203	2.5502	Noun	422	1	3.9182	3	35.17	7	0	1	high	high3	2	20	1	2	21	22	23	24	
18339	18338	trunk	67993	1010	561	985	553	19.8039	3.0048	6.6881	2.7497	Noun	1010	0.99901	4.2966	1	33.5	5	2	1	high	high1	1	10	1	2	11	12	13	14	
17687	17686	term	65601	890	693	879	685	17.451	2.9499	8.2618	2.8414	Noun	842	0.94713	4.2417	1	16	4	3	1	high	high1	1	10	1	2	11	12	13	14	
8322	8321	hike	30478	333	252	276	228	6.5294	2.5237	3.0043	2.4031	Noun	232	0.6988	3.8156	1	13.33	4	8	1	high	high1	1	10	1	2	11	12	13	14	
9289	9288	jinx	34903	204	105	112	90	4	2.3118	1.2518	2.0253	Noun	109	0.53431	3.6036	1	18	4	0	1	low	low1	3	30	1	2	31	32	33	34	
18352	18351	tub	68050	647	461	634	454	12.6863	2.8116	5.4959	2.6646	Noun	647	0.99846	4.1034	1	5	3	9	1	high	high1	1	10	1	2	11	12	13	14	
4948	4947	dime	18223	615	473	604	466	12.0588	2.7896	5.639	2.6758	Noun	609	0.99673	4.0814	1	15.67	4	9	1	high	high1	1	10	1	2	11	12	13	14	
11331	11330	moor	41611	101	23	82	14	1.9804	2.0086	0.2742	1.3802	Noun	105	0.97222	3.3004	1	26.33	4	6	1	low	low1	3	30	1	2	31	32	33	34	
5523	5522	dynasty	20417	130	83	57	46	2.549	2.1173	0.98951	1.9243	Noun	129	1	3.4091	3	23.33	7	0	1	low	low3	4	40	1	2	41	42	43	44	
18556	18555	universe	69592	1289	703	1184	682	25.2745	3.1106	8.381	2.8476	Noun	1269	0.98448	4.4024	3	48.43	8	0	1	high	high3	2	20	1	2	21	22	23	24	
11987	11986	objective	44089	359	270	348	266	7.0392	2.5563	3.2189	2.433	Noun	229	0.63611	3.8481	3	73.38	9	0	1	high	high3	2	20	1	2	21	22	23	24	
16484	16483	spade	61046	118	57	55	38	2.3137	2.0755	0.67954	1.7634	Noun	92	0.78632	3.3674	1	28.5	5	5	1	low	low1	3	30	1	2	31	32	33	34	
16967	16966	strap	62830	263	217	221	190	5.1569	2.4216	2.587	2.3385	Noun	190	0.72243	3.7134	1	26.25	5	4	1	high	high1	1	10	1	2	11	12	13	14	
3243	3242	cinema	11533	198	135	163	111	3.8824	2.2989	1.6094	2.1335	Noun	197	0.99495	3.5907	3	26	6	0	1	low	low3	4	40	1	2	41	42	43	44	
8188	8187	hedge	29985	79	58	73	54	1.549	1.9031	0.69146	1.7709	Noun	66	0.83544	3.1949	1	23.5	5	3	1	low	low1	3	30	1	2	31	32	33	34	
15807	15806	shelf	58420	355	274	345	269	6.9608	2.5514	3.2666	2.4393	Noun	353	1	3.8433	1	27.5	5	2	1	high	high1	1	10	1	2	11	12	13	14	
18129	18128	tradition	67176	697	524	676	513	13.6667	2.8439	6.247	2.7202	Noun	699	1	4.1357	3	112.88	9	0	1	high	high3	2	20	1	2	21	22	23	24	
13592	13591	predator	49744	134	102	122	94	2.6275	2.1303	1.216	2.0128	Noun	132	1	3.4222	3	65.57	8	0	1	low	low3	4	40	1	2	41	42	43	44	
2674	2673	caravan	9532	74	45	68	42	1.451	1.8751	0.53648	1.6628	Noun	74	1	3.1669	3	64.33	7	0	1	low	low3	4	40	1	2	41	42	43	44	
7008	7007	fringe	26040	85	69	71	63	1.6667	1.9345	0.8226	1.8451	Noun	85	1	3.2263	1	52	6	2	1	low	low1	3	30	1	2	31	32	33	34	
17654	17653	temptation	65479	216	178	188	163	4.2353	2.3365	2.1221	2.2529	Noun	216	1	3.6283	3	134.44	10	0	1	low	low3	4	40	1	2	41	42	43	44	
4726	4725	dent	17272	180	125	131	112	3.5294	2.2577	1.4902	2.1004	Noun	149	0.82778	3.5495	1	24	4	14	1	low	low1	3	30	1	2	31	32	33	34	
3597	3596	comedy	12735	602	322	541	303	11.8039	2.7803	3.8388	2.5092	Noun	598	0.99667	4.0722	3	38.8	6	1	1	high	high3	2	20	1	2	21	22	23	24	
4493	4492	dart	16251	98	71	91	66	1.9216	1.9956	0.84645	1.8573	Noun	84	0.85714	3.2875	1	33	4	12	1	low	low1	3	30	1	2	31	32	33	34	
9972	9971	liberty	37109	849	539	502	392	16.6471	2.9294	6.4258	2.7324	Noun	832	0.97998	4.2213	3	38.33	7	0	1	high	high3	2	20	1	2	21	22	23	24	
14824	14823	ridicule	55073	100	84	97	84	1.9608	2.0043	1.0014	1.9294	Noun	58	0.58	3.2962	3	34.86	8	0	1	low	low3	4	40	1	2	41	42	43	44	
12191	12190	ore	44813	84	43	83	42	1.6471	1.9294	0.51264	1.6435	Noun	81	1	3.2213	1	3	3	7	1	low	low1	3	30	1	2	31	32	33	34	
748	747	article	3264	998	553	953	531	19.5686	2.9996	6.5928	2.7435	Noun	995	1	4.2914	3	40.83	7	0	1	high	high3	2	20	1	2	21	22	23	24	
17493	17492	tank	64942	1306	674	1122	643	25.6078	3.1163	8.0353	2.8293	Noun	1256	0.96319	4.4081	1	30.33	4	12	1	high	high1	1	10	1	2	11	12	13	14	
5117	5116	diversion	19156	158	133	151	130	3.098	2.2014	1.5856	2.1271	Noun	158	1	3.4932	3	105.5	9	0	1	low	low3	4	40	1	2	41	42	43	44	
10520	10519	manager	38831	2038	1055	1814	1005	39.9608	3.3094	12.5775	3.0237	Noun	2012	0.99211	4.6013	3	107.83	7	2	1	high	high3	2	20	1	2	21	22	23	24	
15636	15635	senator	57796	1691	305	594	165	33.1569	3.2284	3.6361	2.4857	Noun	1679	0.99703	4.5202	3	50.17	7	0	1	high	high3	2	20	1	2	21	22	23	24	
15989	15988	sigh	59081	173	131	163	125	3.3922	2.2405	1.5618	2.1206	Noun	129	0.74566	3.5324	1	10.33	4	3	1	low	low1	3	30	1	2	31	32	33	34	
19487	19486	wrist	73695	527	370	515	363	10.3333	2.7226	4.4111	2.5694	Noun	526	1	4.0145	1	35.75	5	4	1	high	high1	1	10	1	2	11	12	13	14	
802	801	assessment	3470	158	132	155	129	3.098	2.2014	1.5737	2.1239	Noun	158	1	3.4932	3	43.44	10	0	1	low	low3	4	40	1	2	41	42	43	44	
18705	18704	vat	70894	76	57	69	52	1.4902	1.8865	0.67954	1.7634	Noun	75	1	3.1783	1	8	3	15	1	low	low1	3	30	1	2	31	32	33	34	
13359	13358	politics	48963	845	529	763	500	16.5686	2.9274	6.3066	2.7243	Noun	844	1	4.2192	3	83.71	8	1	1	high	high3	2	20	1	2	21	22	23	24	
5079	5078	disrespect	18942	267	224	262	219	5.2353	2.4281	2.6705	2.3522	Noun	190	0.71161	3.72	3	46.11	10	0	1	high	high3	2	20	1	2	21	22	23	24	
16225	16224	sloth	59952	74	24	26	18	1.451	1.8751	0.28612	1.3979	Noun	74	1	3.1669	1	40	5	3	1	low	low1	3	30	1	2	31	32	33	34	
8885	8884	indictment	32901	126	87	124	86	2.4706	2.1038	1.0372	1.9445	Noun	126	1	3.3956	3	70.22	10	0	1	low	low3	4	40	1	2	41	42	43	44	
4896	4895	diary	17996	458	235	398	213	8.9804	2.6618	2.8016	2.3729	Noun	437	0.94384	3.9536	3	34.75	5	0	1	high	high3	2	20	1	2	21	22	23	24	
1661	1660	bleep	6499	136	53	129	51	2.6667	2.1367	0.63186	1.7324	Noun	126	0.93333	3.4286	1	27.5	5	2	1	low	low1	3	30	1	2	31	32	33	34	
3942	3941	correction	14398	163	134	74	64	3.1961	2.2148	1.5975	2.1303	Noun	163	1	3.5067	3	155.89	10	0	1	low	low3	4	40	1	2	41	42	43	44	
12984	12983	photograph	47830	579	407	566	400	11.3529	2.7634	4.8522	2.6107	Noun	464	0.80277	4.0553	3	18.78	10	1	1	high	high3	2	20	1	2	21	22	23	24	
15938	15937	shrimp	58860	444	246	384	215	8.7059	2.6484	2.9328	2.3927	Noun	444	1	3.9402	1	38.4	6	0	1	high	high1	1	10	1	2	11	12	13	14	
9293	9292	job	34925	21063	5983	20853	5957	413	4.3235	71.3281	3.777	Noun	21043	0.99995	5.6154	1	7	3	14	1	high	high1	1	10	1	2	11	12	13	14	
10217	10216	log	37754	610	397	555	370	11.9608	2.786	4.733	2.5999	Noun	534	0.87685	4.0779	1	7.5	3	16	1	high	high1	1	10	1	2	11	12	13	14	
9122	9121	investment	34188	497	373	485	362	9.7451	2.6972	4.4468	2.5729	Noun	497	1	3.9891	3	65	10	0	1	high	high3	2	20	1	2	21	22	23	24	
10980	10979	midst	40480	175	157	167	156	3.4314	2.2455	1.8717	2.1987	Noun	174	1	3.5373	1	22.5	5	1	1	low	low1	3	30	1	2	31	32	33	34	
14181	14180	radius	51995	224	194	222	193	4.3922	2.3522	2.3128	2.29	Noun	224	1	3.644	3	35.4	6	1	1	low	low3	4	40	1	2	41	42	43	44	
18555	18554	unity	69585	138	86	104	72	2.7059	2.143	1.0253	1.9395	Noun	137	0.98561	3.4348	3	27	5	3	1	low	low3	4	40	1	2	41	42	43	44	
8680	8679	hyena	31714	72	37	64	35	1.4118	1.8633	0.44111	1.5798	Noun	70	0.97222	3.1552	3	8	5	0	1	low	low3	4	40	1	2	41	42	43	44	
364	363	amendment	1884	209	115	83	52	4.098	2.3222	1.371	2.0645	Noun	209	1	3.6141	3	44.88	9	0	1	low	low3	4	40	1	2	41	42	43	44	
16135	16134	skull	59593	750	503	691	484	14.7059	2.8756	5.9967	2.7024	Noun	747	0.99733	4.1675	1	13.25	5	1	1	high	high1	1	10	1	2	11	12	13	14	
2051	2050	bravery	7691	147	118	135	111	2.8824	2.1703	1.4068	2.0755	Noun	147	1	3.4621	3	109.33	7	1	1	low	low3	4	40	1	2	41	42	43	44	
9616	9615	lace	36068	189	136	144	117	3.7059	2.2788	1.6214	2.1367	Noun	174	0.92063	3.5706	1	23.33	4	13	1	low	low1	3	30	1	2	31	32	33	34	
12149	12148	optimist	44707	78	73	77	72	1.5294	1.8976	0.87029	1.8692	Noun	78	1	3.1895	3	50.29	8	1	1	low	low3	4	40	1	2	41	42	43	44	
17362	17361	sword	64449	1335	462	1245	436	26.1765	3.1258	5.5079	2.6656	Noun	1335	1	4.4176	1	20	5	3	1	high	high1	1	10	1	2	11	12	13	14	
17775	17774	thigh	65969	191	152	177	146	3.7451	2.2833	1.8121	2.1847	Noun	191	1	3.5751	1	21.5	5	0	1	low	low1	3	30	1	2	31	32	33	34	
9906	9905	lens	36918	238	177	229	172	4.6667	2.3784	2.1102	2.2504	Noun	238	1	3.6702	1	27	4	13	1	high	high1	1	10	1	2	11	12	13	14	
10800	10799	medicine	39769	1744	1000	1552	941	34.1961	3.2418	11.9218	3.0004	Noun	1731	1	4.5336	3	158.43	8	0	1	high	high3	2	20	1	2	21	22	23	24	
14329	14328	reaction	52475	830	653	803	638	16.2745	2.9196	7.7849	2.8156	Noun	831	1	4.2114	3	125.86	8	0	1	high	high3	2	20	1	2	21	22	23	24	
4943	4942	dilemma	18203	133	114	123	107	2.6078	2.1271	1.3591	2.0607	Noun	134	1	3.4189	3	27.5	7	0	1	low	low3	4	40	1	2	41	42	43	44	
11944	11943	nun	43944	355	175	331	163	6.9608	2.5514	2.0863	2.2455	Noun	354	1	3.8433	1	6	3	10	1	high	high1	1	10	1	2	11	12	13	14	
13811	13810	prophecy	50658	321	118	307	114	6.2941	2.5079	1.4068	2.0755	Noun	319	0.99687	3.7997	3	56.57	8	1	1	high	high3	2	20	1	2	21	22	23	24	
2493	2492	cage	8959	1034	564	810	481	20.2745	3.0149	6.7239	2.752	Noun	952	0.91981	4.3068	1	18	4	13	1	high	high1	1	10	1	2	11	12	13	14	
3657	3656	compassion	12966	319	265	292	249	6.2549	2.5051	3.1593	2.4249	Noun	319	1	3.797	3	111.22	10	0	1	high	high3	2	20	1	2	21	22	23	24	
13292	13291	plunge	48759	114	101	108	96	2.2353	2.0607	1.2041	2.0086	Noun	61	0.53509	3.3525	1	33.2	6	0	1	low	low1	3	30	1	2	31	32	33	34	
277	276	allegiance	1596	159	128	133	106	3.1176	2.2041	1.526	2.1106	Noun	161	1	3.496	3	36.33	10	0	1	low	low3	4	40	1	2	41	42	43	44	
18026	18025	torch	66889	254	196	220	176	4.9804	2.4065	2.3367	2.2945	Noun	252	0.99213	3.6984	1	40.75	5	2	1	high	high1	1	10	1	2	11	12	13	14	
14038	14037	pyramid	51482	204	99	186	90	4	2.3118	1.1803	2	Noun	203	0.9951	3.6036	3	17.83	7	0	1	low	low3	4	40	1	2	41	42	43	44	
11353	11352	morgue	41679	440	269	420	258	8.6275	2.6444	3.207	2.4314	Noun	440	1	3.9363	1	38.4	6	0	1	high	high1	1	10	1	2	11	12	13	14	
6113	6112	explorer	23003	97	63	58	45	1.902	1.9912	0.75107	1.8062	Noun	97	1	3.2831	3	83.43	8	2	1	low	low3	4	40	1	2	41	42	43	44	
11336	11335	moose	41623	282	126	152	88	5.5294	2.4518	1.5021	2.1038	Noun	275	0.97518	3.7436	1	44.25	5	4	1	high	high1	1	10	1	2	11	12	13	14	
289	288	allergy	1618	86	66	81	65	1.6863	1.9395	0.78684	1.8261	Noun	84	1	3.2314	3	27.83	7	0	1	low	low3	4	40	1	2	41	42	43	44	
8389	8388	hog	30701	261	194	234	179	5.1176	2.4183	2.3128	2.29	Noun	205	0.78846	3.7101	1	7	3	14	1	high	high1	1	10	1	2	11	12	13	14	
19237	19236	whirl	72722	89	72	85	70	1.7451	1.9542	0.85837	1.8633	Noun	74	0.83146	3.2461	1	23.25	5	1	1	low	low1	3	30	1	2	31	32	33	34	
6330	6329	feast	23771	342	236	304	209	6.7059	2.5353	2.8135	2.3747	Noun	312	0.90962	3.8271	1	45.5	5	3	1	high	high1	1	10	1	2	11	12	13	14	
2988	2987	champion	10558	1067	511	961	486	20.9216	3.0286	6.092	2.7093	Noun	953	0.89149	4.3204	3	62.43	8	0	1	high	high3	2	20	1	2	21	22	23	24	
12683	12682	patio	46685	133	108	125	103	2.6078	2.1271	1.2876	2.0374	Noun	132	0.99248	3.4189	3	30	5	1	1	low	low3	4	40	1	2	41	42	43	44	
17894	17893	tin	66443	441	269	270	220	8.6471	2.6454	3.207	2.4314	Noun	410	0.94253	3.9373	1	8	3	17	1	high	high1	1	10	1	2	11	12	13	14	
10505	10504	malt	38788	84	66	73	61	1.6471	1.9294	0.78684	1.8261	Noun	84	1	3.2213	1	29.67	4	7	1	low	low1	3	30	1	2	31	32	33	34	
3410	3409	cluck	12127	73	39	55	32	1.4314	1.8692	0.46495	1.6021	Noun	35	0.47945	3.1611	1	33.5	5	6	1	low	low1	3	30	1	2	31	32	33	34	
12609	12608	particle	46498	91	55	84	52	1.7843	1.9638	0.6557	1.7482	Noun	91	1	3.2556	3	71.29	8	0	1	low	low3	4	40	1	2	41	42	43	44	
6128	6127	expression	23043	651	549	649	547	12.7647	2.8142	6.5451	2.7404	Noun	650	1	4.1061	3	98.67	10	0	1	high	high3	2	20	1	2	21	22	23	24	
6325	6324	fax	23741	357	230	320	214	7	2.5539	2.742	2.3636	Noun	195	0.54775	3.8457	1	5	3	12	1	high	high1	1	10	1	2	11	12	13	14	
14491	14490	refugee	53365	98	73	93	71	1.9216	1.9956	0.87029	1.8692	Noun	98	1	3.2875	3	57	7	1	1	low	low3	4	40	1	2	41	42	43	44	
694	693	ark	3101	199	82	46	42	3.902	2.301	0.97759	1.9191	Noun	186	0.93467	3.5929	1	3	3	5	1	low	low1	3	30	1	2	31	32	33	34	
7432	7431	gloss	27566	74	65	74	65	1.451	1.8751	0.77492	1.8195	Noun	64	0.85333	3.1669	1	29.5	5	4	1	low	low1	3	30	1	2	31	32	33	34	
17618	17617	telegraph	65360	167	104	121	78	3.2745	2.2253	1.2399	2.0212	Noun	160	0.95808	3.5171	3	33.25	9	0	1	low	low3	4	40	1	2	41	42	43	44	
14935	14934	rod	55417	547	265	304	207	10.7255	2.7388	3.1593	2.4249	Noun	537	0.98172	4.0306	1	7	3	14	1	high	high1	1	10	1	2	11	12	13	14	
515	514	antenna	2425	122	81	113	78	2.3922	2.0899	0.96567	1.9138	Noun	122	1	3.3817	3	27	7	0	1	low	low3	4	40	1	2	41	42	43	44	
16837	16836	stench	62329	113	91	101	90	2.2157	2.0569	1.0849	1.9638	Noun	113	1	3.3487	1	46.8	6	0	1	low	low1	3	30	1	2	31	32	33	34	
13276	13275	plow	48710	96	73	87	67	1.8824	1.9868	0.87029	1.8692	Noun	59	0.61458	3.2786	1	15.33	4	9	1	low	low1	3	30	1	2	31	32	33	34	
3713	3712	conclusion	13241	465	404	455	397	9.1176	2.6684	4.8164	2.6075	Noun	464	1	3.9602	3	110	10	0	1	high	high3	2	20	1	2	21	22	23	24	
15648	15647	sensation	57833	249	205	239	203	4.8824	2.3979	2.444	2.3139	Noun	249	1	3.6898	3	115.38	9	0	1	high	high3	2	20	1	2	21	22	23	24	
3533	3532	collection	12552	926	669	892	655	18.1569	2.9671	7.9757	2.8261	Noun	926	1	4.2589	3	149	10	0	1	high	high3	2	20	1	2	21	22	23	24	
13279	13278	ploy	48718	78	68	76	66	1.5294	1.8976	0.81068	1.8388	Noun	78	1	3.1895	1	12	4	4	1	low	low1	3	30	1	2	31	32	33	34	
4218	4217	crop	15332	248	178	232	173	4.8627	2.3962	2.1221	2.2529	Noun	233	0.94332	3.688	1	13	4	5	1	high	high1	1	10	1	2	11	12	13	14	
12994	12993	physician	47886	313	235	293	222	6.1373	2.4969	2.8016	2.3729	Noun	313	1	3.7888	3	26.88	9	0	1	high	high3	2	20	1	2	21	22	23	24	
6027	6026	example	22610	1527	1184	1508	1168	29.9412	3.1841	14.1154	3.0737	Noun	907	0.59281	4.476	3	39.17	7	0	1	high	high3	2	20	1	2	21	22	23	24	
16577	16576	spine	61407	293	241	288	237	5.7451	2.4683	2.8732	2.3838	Noun	291	1	3.7602	1	43.75	5	9	1	high	high1	1	10	1	2	11	12	13	14	
7416	7415	glitch	27507	103	77	102	76	2.0196	2.017	0.91798	1.8921	Noun	98	0.95146	3.3089	1	31.2	6	0	1	low	low1	3	30	1	2	31	32	33	34	
3469	3468	coconut	12316	234	140	170	116	4.5882	2.3711	1.6691	2.1492	Noun	234	1	3.6629	3	46.67	7	0	1	high	high3	2	20	1	2	21	22	23	24	
6584	6583	fist	24499	375	293	328	280	7.3529	2.5752	3.4931	2.4683	Noun	366	0.976	3.867	1	24.33	4	6	1	high	high1	1	10	1	2	11	12	13	14	
16202	16201	sling	59862	117	103	104	92	2.2941	2.0719	1.2279	2.017	Noun	88	0.75214	3.3637	1	47.75	5	8	1	low	low1	3	30	1	2	31	32	33	34	
10288	10287	lottery	37987	344	166	300	160	6.7451	2.5378	1.979	2.2227	Noun	344	1	3.8297	3	108	7	1	1	high	high3	2	20	1	2	21	22	23	24	
12116	12115	opener	44616	173	103	170	103	3.3922	2.2405	1.2279	2.017	Noun	173	1	3.5324	3	107.6	6	1	1	low	low3	4	40	1	2	41	42	43	44	
5608	5607	editor	20693	633	330	592	311	12.4118	2.8021	3.9342	2.5198	Noun	626	0.99365	4.0939	3	23.4	6	0	1	high	high3	2	20	1	2	21	22	23	24	
12458	12457	palm	46011	675	435	344	274	13.2353	2.8299	5.186	2.6395	Noun	675	1	4.1218	1	24.67	4	5	1	high	high1	1	10	1	2	11	12	13	14	
17272	17271	surgery	64048	1651	768	1514	749	32.3725	3.218	9.1559	2.8859	Noun	1648	1	4.5098	3	104.5	7	0	1	high	high3	2	20	1	2	21	22	23	24	
16514	16513	spear	61161	232	108	173	98	4.549	2.3674	1.2876	2.0374	Noun	161	0.69397	3.6592	1	33.25	5	4	1	high	high1	1	10	1	2	11	12	13	14	
5032	5031	discretion	18601	187	161	173	153	3.6667	2.2742	1.9194	2.2095	Noun	188	1	3.566	3	131.44	10	0	1	low	low3	4	40	1	2	41	42	43	44	
13809	13808	property	50655	1698	1104	1636	1074	33.2941	3.2302	13.1617	3.0434	Noun	1694	1	4.522	3	80	8	1	1	high	high3	2	20	1	2	21	22	23	24	
5776	5775	encryption	21456	83	55	80	53	1.6275	1.9243	0.6557	1.7482	Noun	83	1	3.2161	3	107.22	10	0	1	low	low3	4	40	1	2	41	42	43	44	
17149	17148	suede	63552	92	53	88	51	1.8039	1.9685	0.63186	1.7324	Noun	92	1	3.2603	1	16.75	5	1	1	low	low1	3	30	1	2	31	32	33	34	
18521	18520	underpants	69070	150	102	130	92	2.9412	2.179	1.216	2.0128	Noun	143	0.95333	3.4708	3	70.44	10	0	1	low	low3	4	40	1	2	41	42	43	44	
16785	16784	stash	62163	257	206	244	201	5.0392	2.4116	2.4559	2.316	Noun	167	0.64981	3.7035	1	40.75	5	2	1	high	high1	1	10	1	2	11	12	13	14	
1512	1511	bicycle	5975	337	239	316	228	6.6078	2.5289	2.8493	2.3802	Noun	334	0.99405	3.8208	3	32.17	7	0	1	high	high3	2	20	1	2	21	22	23	24	
3279	3278	clan	11716	209	125	154	106	4.098	2.3222	1.4902	2.1004	Noun	207	0.99519	3.6141	1	18	4	7	1	low	low1	3	30	1	2	31	32	33	34	
15414	15413	scientist	57024	621	397	601	390	12.1765	2.7938	4.733	2.5999	Noun	617	0.99516	4.0856	3	85.63	9	0	1	high	high3	2	20	1	2	21	22	23	24	
3626	3625	commission	12848	703	435	478	344	13.7843	2.8476	5.186	2.6395	Noun	679	0.96724	4.1394	3	111.44	10	0	1	high	high3	2	20	1	2	21	22	23	24	
5591	5590	ecstasy	20638	162	120	115	90	3.1765	2.2122	1.4306	2.0828	Noun	162	1	3.504	3	33.67	7	0	1	low	low3	4	40	1	2	41	42	43	44	
16224	16223	slot	59950	280	204	267	198	5.4902	2.4487	2.432	2.3118	Noun	270	0.97473	3.7405	1	21	4	15	1	high	high1	1	10	1	2	11	12	13	14	
13638	13637	president	50006	7174	1551	3077	1103	140.6667	3.8558	18.4907	3.1909	Noun	5724	0.79944	5.1477	3	70.25	9	0	1	high	high3	2	20	1	2	21	22	23	24	
7242	7241	gaze	26869	129	103	110	90	2.5294	2.1139	1.2279	2.017	Noun	126	0.97674	3.4058	1	12.67	4	10	1	low	low1	3	30	1	2	31	32	33	34	
18134	18133	tragedy	67194	723	566	672	537	14.1765	2.8597	6.7477	2.7536	Noun	723	0.99862	4.1516	3	47.67	7	0	1	high	high3	2	20	1	2	21	22	23	24	
13719	13718	prize	50294	1142	735	977	634	22.3922	3.058	8.7625	2.8669	Noun	1116	0.97809	4.3499	1	29.25	5	3	1	high	high1	1	10	1	2	11	12	13	14	
2614	2613	canopy	9353	86	50	83	49	1.6863	1.9395	0.59609	1.7076	Noun	86	1	3.2314	3	46.8	6	0	1	low	low3	4	40	1	2	41	42	43	44	
15715	15714	settlement	58083	322	216	314	213	6.3137	2.5092	2.5751	2.3365	Noun	322	1	3.801	3	48.56	10	0	1	high	high3	2	20	1	2	21	22	23	24	
2518	2517	calf	9040	151	108	132	100	2.9608	2.1818	1.2876	2.0374	Noun	150	0.99338	3.4737	1	22.33	4	3	1	low	low1	3	30	1	2	31	32	33	34	
1313	1312	battleship	5128	87	64	70	56	1.7059	1.9445	0.76299	1.8129	Noun	87	1	3.2363	3	29	10	0	1	low	low3	4	40	1	2	41	42	43	44	
1193	1192	barbecue	4787	456	272	408	256	8.9412	2.6599	3.2427	2.4362	Noun	366	0.80617	3.9518	3	40.29	8	0	1	high	high3	2	20	1	2	21	22	23	24	
15114	15113	rye	56007	212	140	154	106	4.1569	2.3284	1.6691	2.1492	Noun	156	0.73585	3.6202	1	3.5	3	7	1	low	low1	3	30	1	2	31	32	33	34	
15203	15202	salvation	56304	256	217	187	164	5.0196	2.4099	2.587	2.3385	Noun	255	1	3.7018	3	106.88	9	0	1	high	high3	2	20	1	2	21	22	23	24	
6948	6947	fraud	25831	512	342	492	332	10.0392	2.7101	4.0773	2.5353	Noun	512	1	4.002	1	27.75	5	0	1	high	high1	1	10	1	2	11	12	13	14	
13477	13476	position	49340	3676	2191	3613	2171	72.0784	3.5655	26.1206	3.3408	Noun	3602	0.9804	4.8573	3	92.29	8	1	1	high	high3	2	20	1	2	21	22	23	24	
5805	5804	engineer	21603	596	326	485	303	11.6863	2.776	3.8865	2.5145	Noun	562	0.95254	4.0678	3	66.14	8	0	1	high	high3	2	20	1	2	21	22	23	24	
12862	12861	perfection	47266	275	218	239	198	5.3922	2.4409	2.599	2.3404	Noun	274	0.99636	3.7327	3	128.22	10	0	1	high	high3	2	20	1	2	21	22	23	24	
10176	10175	lobe	37658	95	69	93	68	1.8627	1.9823	0.8226	1.8451	Noun	95	1	3.2741	1	16.67	4	7	1	low	low1	3	30	1	2	31	32	33	34	
13817	13816	proportion	50676	139	127	138	127	2.7255	2.1461	1.5141	2.1072	Noun	133	0.96377	3.438	3	134.67	10	0	1	low	low3	4	40	1	2	41	42	43	44	
16464	16463	souvenir	60996	240	202	221	186	4.7059	2.382	2.4082	2.3075	Noun	239	1	3.6739	3	38.86	8	0	1	high	high3	2	20	1	2	21	22	23	24	
16681	16680	squid	61853	141	75	112	65	2.7647	2.1523	0.89413	1.8808	Noun	141	0.99296	3.4441	1	9.25	5	1	1	low	low1	3	30	1	2	31	32	33	34	
8508	8507	horizon	31083	228	157	198	143	4.4706	2.3598	1.8717	2.1987	Noun	228	1	3.6517	3	47.33	7	0	1	high	high3	2	20	1	2	21	22	23	24	
