numid|f	X|f	Word|s	Unnamed|f	FREQcount|f	Cdcount|f	FREQlow|f	Cdlow|f	SUBLTLWF|f	Lg10WF|f	SUBTLCD|f	Lg10CD|f	Dom_PoS_SUBTLEX|s	Freq_dom_PoS_SUBTLEX|f	Percentage_dom_PoS|f	Zipfvalue|f	cmu_sylls|f	BF_TP|f	LEN_L|f	N|f	Zipfvalue_incl|f	Zipfvalue_cat|s	cond_name|s	cond_code|f	trigger_code|f	len|f	corr_resp|f	fix_code|f	word_code|f	delay_code|f	audioresp_code|f	
6078	6077	exhaustion	22791	82	73	78	70	1.6078	1.9191	0.87029	1.8692	Noun	82	1	3.2109	3	110.78	10	0	1	low	low3	4	40	1	2	41	42	43	44	
2976	2975	chalk	10509	183	143	151	118	3.5882	2.2648	1.7048	2.1584	Noun	183	1	3.5567	1	29.5	5	0	1	low	low1	3	30	1	2	31	32	33	34	
17320	17319	sweat	64277	1115	863	1056	831	21.8627	3.0477	10.2885	2.9365	Noun	625	0.56155	4.3395	1	25.25	5	3	1	high	high1	1	10	1	2	11	12	13	14	
9027	9026	inspector	33567	1124	290	465	190	22.0392	3.0512	3.4573	2.4639	Noun	1133	1	4.343	3	55.5	9	0	1	high	high3	2	20	1	2	21	22	23	24	
17065	17064	stun	63137	96	67	83	61	1.8824	1.9868	0.79876	1.8325	Noun	61	0.63542	3.2786	1	6.67	4	4	1	low	low1	3	30	1	2	31	32	33	34	
16139	16138	sky	59605	2285	1233	2023	1178	44.8039	3.3591	14.6996	3.0913	Noun	2275	0.99781	4.6509	1	1.5	3	6	1	high	high1	1	10	1	2	11	12	13	14	
17616	17615	telegram	65358	471	235	414	216	9.2353	2.6739	2.8016	2.3729	Noun	467	1	3.9658	3	27	8	0	1	high	high3	2	20	1	2	21	22	23	24	
17288	17287	survival	64121	515	421	463	388	10.098	2.7126	5.0191	2.6253	Noun	515	1	4.0045	3	46.14	8	0	1	high	high3	2	20	1	2	21	22	23	24	
9035	9034	institute	33626	166	123	140	112	3.2549	2.2227	1.4664	2.0934	Noun	158	0.95758	3.5146	3	79.38	9	0	1	low	low3	4	40	1	2	41	42	43	44	
14291	14290	raspberry	52304	96	71	75	57	1.8824	1.9868	0.84645	1.8573	Noun	93	0.97895	3.2786	3	35.38	9	0	1	low	low3	4	40	1	2	41	42	43	44	
16820	16819	steam	62258	686	408	606	393	13.451	2.837	4.8641	2.6117	Noun	665	0.9708	4.1288	1	35.75	5	3	1	high	high1	1	10	1	2	11	12	13	14	
17188	17187	summary	63688	85	69	79	65	1.6667	1.9345	0.8226	1.8451	Noun	85	1	3.2263	3	52.67	7	1	1	low	low3	4	40	1	2	41	42	43	44	
13282	13281	plug	48728	531	396	449	358	10.4118	2.7259	4.721	2.5988	Noun	290	0.54717	4.0177	1	11.67	4	3	1	high	high1	1	10	1	2	11	12	13	14	
18396	18395	turbulence	68196	99	71	88	65	1.9412	2	0.84645	1.8573	Noun	99	1	3.2918	3	38.67	10	0	1	low	low3	4	40	1	2	41	42	43	44	
10188	10187	location	37695	1263	823	1213	799	24.7647	3.1017	9.8116	2.9159	Noun	1258	1	4.3936	3	87.43	8	1	1	high	high3	2	20	1	2	21	22	23	24	
8209	8208	heist	30048	160	100	142	92	3.1373	2.2068	1.1922	2.0043	Noun	154	0.96855	3.4987	1	24.25	5	1	1	low	low1	3	30	1	2	31	32	33	34	
8966	8965	injection	33356	211	148	206	146	4.1373	2.3263	1.7644	2.1732	Noun	211	1	3.6182	3	115.75	9	1	1	low	low3	4	40	1	2	41	42	43	44	
1225	1224	baroness	4904	134	30	41	14	2.6275	2.1303	0.35765	1.4914	Noun	127	0.96212	3.4222	3	104	8	0	1	low	low3	4	40	1	2	41	42	43	44	
10681	10680	masquerade	39348	82	45	58	44	1.6078	1.9191	0.53648	1.6628	Noun	51	0.62963	3.2109	3	31.67	10	0	1	low	low3	4	40	1	2	41	42	43	44	
677	676	arena	3024	185	116	154	95	3.6275	2.2695	1.3829	2.0682	Noun	156	0.84324	3.5613	3	21.5	5	0	1	low	low3	4	40	1	2	41	42	43	44	
1395	1394	beef	5383	1005	643	895	598	19.7059	3.0026	7.6657	2.8089	Noun	994	0.99004	4.2944	1	25.67	4	6	1	high	high1	1	10	1	2	11	12	13	14	
19286	19285	wig	72962	426	246	412	241	8.3529	2.6304	2.9328	2.3927	Noun	413	0.96948	3.9223	1	5.5	3	11	1	high	high1	1	10	1	2	11	12	13	14	
10362	10361	lust	38290	284	211	255	195	5.5686	2.4548	2.5155	2.3263	Noun	277	0.96181	3.7467	1	24.33	4	12	1	high	high1	1	10	1	2	11	12	13	14	
8096	8095	hay	29739	325	200	252	184	6.3725	2.5132	2.3844	2.3032	Noun	252	0.77778	3.8051	1	10.5	3	20	1	high	high1	1	10	1	2	11	12	13	14	
904	903	audition	3835	705	307	696	305	13.8235	2.8488	3.66	2.4886	Noun	502	0.71307	4.1406	3	85.71	8	1	1	high	high3	2	20	1	2	21	22	23	24	
875	874	attendance	3740	135	113	118	99	2.6471	2.1335	1.3472	2.0569	Noun	135	1	3.4254	3	46.67	10	0	1	low	low3	4	40	1	2	41	42	43	44	
18033	18032	tornado	66909	130	76	106	66	2.549	2.1173	0.90606	1.8865	Noun	120	0.92308	3.4091	3	37.17	7	0	1	low	low3	4	40	1	2	41	42	43	44	
5386	5385	drone	20009	144	54	133	53	2.8235	2.1614	0.64378	1.7404	Noun	120	0.83333	3.4532	1	41	5	3	1	low	low1	3	30	1	2	31	32	33	34	
815	814	assumption	3526	170	151	166	150	3.3333	2.233	1.8002	2.1818	Noun	170	1	3.5248	3	105.67	10	0	1	low	low3	4	40	1	2	41	42	43	44	
1420	1419	behaviour	5491	1142	861	1125	850	22.3922	3.058	10.2647	2.9355	Noun	1134	0.99912	4.3499	3	31	8	0	1	high	high3	2	20	1	2	21	22	23	24	
13880	13879	prune	50923	75	62	62	52	1.4706	1.8808	0.73915	1.7993	Noun	41	0.54667	3.1726	1	30.5	5	2	1	low	low1	3	30	1	2	31	32	33	34	
3654	3653	company	12944	7507	3283	6473	3073	147.1961	3.8755	39.1392	3.5164	Noun	7493	0.99987	5.1674	3	61	7	0	1	high	high3	2	20	1	2	21	22	23	24	
16411	16410	song	60785	4778	1946	4447	1867	93.6863	3.6793	23.1998	3.2894	Noun	4735	0.9935	4.9712	1	27.33	4	8	1	high	high1	1	10	1	2	11	12	13	14	
2173	2172	bronze	8068	143	99	90	68	2.8039	2.1584	1.1803	2	Noun	142	0.99301	3.4502	1	35.4	6	0	1	low	low1	3	30	1	2	31	32	33	34	
19159	19158	wedge	72347	119	97	107	90	2.3333	2.0792	1.1564	1.9912	Noun	91	0.76471	3.371	1	21.5	5	3	1	low	low1	3	30	1	2	31	32	33	34	
5743	5742	empire	21306	646	370	323	208	12.6667	2.8109	4.4111	2.5694	Noun	553	0.85471	4.1027	3	24.6	6	2	1	high	high3	2	20	1	2	21	22	23	24	
6763	6762	foe	25136	94	76	91	75	1.8431	1.9777	0.90606	1.8865	Noun	92	1	3.2696	1	5.5	3	11	1	low	low1	3	30	1	2	31	32	33	34	
10742	10741	maverick	39554	134	32	24	22	2.6275	2.1303	0.3815	1.5185	Noun	120	0.89552	3.4222	3	75.14	8	0	1	low	low3	4	40	1	2	41	42	43	44	
12880	12879	perjury	47367	115	70	105	69	2.2549	2.0645	0.83453	1.8513	Noun	114	1	3.3563	3	48.67	7	0	1	low	low3	4	40	1	2	41	42	43	44	
14666	14665	reservoir	54333	95	64	77	55	1.8627	1.9823	0.76299	1.8129	Noun	95	1	3.2741	3	70.38	9	0	1	low	low3	4	40	1	2	41	42	43	44	
