numid|f	X|f	Word|s	Unnamed|f	FREQcount|f	Cdcount|f	FREQlow|f	Cdlow|f	SUBLTLWF|f	Lg10WF|f	SUBTLCD|f	Lg10CD|f	Dom_PoS_SUBTLEX|s	Freq_dom_PoS_SUBTLEX|f	Percentage_dom_PoS|f	Zipfvalue|f	cmu_sylls|f	BF_TP|f	LEN_L|f	N|f	Zipfvalue_incl|f	Zipfvalue_cat|s	cond_name|s	cond_code|f	trigger_code|f	len|f	corr_resp|f	fix_code|f	word_code|f	delay_code|f	audioresp_code|f	
663	662	architect	2984	334	169	311	161	6.549	2.525	2.0148	2.2304	Noun	331	0.99399	3.8169	3	24.13	9	0	1	high	high3	2	20	1	2	21	22	23	24	
9778	9777	lavender	36552	104	64	65	44	2.0392	2.0212	0.76299	1.8129	Noun	94	0.90385	3.313	3	75.71	8	0	1	low	low3	4	40	1	2	41	42	43	44	
12297	12296	outsider	45239	121	97	117	93	2.3725	2.0864	1.1564	1.9912	Noun	121	1	3.3782	3	60.43	8	0	1	low	low3	4	40	1	2	41	42	43	44	
8810	8809	importance	32437	390	334	390	334	7.6471	2.5922	3.9819	2.525	Noun	391	1	3.884	3	49.56	10	0	1	high	high3	2	20	1	2	21	22	23	24	
13916	13915	puff	51117	227	168	174	144	4.451	2.3579	2.0029	2.2279	Noun	187	0.82379	3.6498	1	11.33	4	6	1	low	low1	3	30	1	2	31	32	33	34	
16540	16539	speed	61268	2104	1260	1824	1153	41.2549	3.3233	15.0215	3.1007	Noun	1675	0.798	4.6151	1	73.25	5	3	1	high	high1	1	10	1	2	11	12	13	14	
4339	4338	cure	15770	1063	627	1033	616	20.8431	3.0269	7.475	2.798	Noun	587	0.55221	4.3188	1	27.67	4	11	1	high	high1	1	10	1	2	11	12	13	14	
1286	1285	batch	5065	212	188	208	186	4.1569	2.3284	2.2413	2.2765	Noun	210	0.99057	3.6202	1	45	5	9	1	low	low1	3	30	1	2	31	32	33	34	
7185	7184	gardener	26684	214	141	208	135	4.1961	2.3324	1.681	2.1523	Noun	214	1	3.6243	3	91.14	8	0	1	low	low3	4	40	1	2	41	42	43	44	
2891	2890	cavity	10203	152	123	147	120	2.9804	2.1847	1.4664	2.0934	Noun	152	1	3.4765	3	53	6	0	1	low	low3	4	40	1	2	41	42	43	44	
686	685	argument	3064	867	702	857	698	17	2.9385	8.3691	2.847	Noun	867	1	4.2304	3	40	8	0	1	high	high3	2	20	1	2	21	22	23	24	
13939	13938	pump	51213	645	458	550	412	12.6471	2.8102	5.4602	2.6618	Noun	376	0.58567	4.1021	1	16.67	4	9	1	high	high1	1	10	1	2	11	12	13	14	
10839	10838	membership	39914	165	133	159	129	3.2353	2.2201	1.5856	2.1271	Noun	165	1	3.5119	3	30.44	10	0	1	low	low3	4	40	1	2	41	42	43	44	
15249	15248	sanity	56446	139	127	132	123	2.7255	2.1461	1.5141	2.1072	Noun	139	1	3.438	3	59.4	6	1	1	low	low3	4	40	1	2	41	42	43	44	
145	144	aggression	1183	143	109	134	105	2.8039	2.1584	1.2995	2.0414	Noun	143	1	3.4502	3	88.22	10	0	1	low	low3	4	40	1	2	41	42	43	44	
8201	8200	height	30029	476	396	446	377	9.3333	2.6785	4.721	2.5988	Noun	472	1	3.9704	1	24.6	6	1	1	high	high1	1	10	1	2	11	12	13	14	
12331	12330	overload	45495	91	70	84	66	1.7843	1.9638	0.83453	1.8513	Noun	59	0.64835	3.2556	3	35.57	8	1	1	low	low3	4	40	1	2	41	42	43	44	
4912	4911	dictator	18050	108	72	98	72	2.1176	2.0374	0.85837	1.8633	Noun	108	1	3.3293	3	50.14	8	0	1	low	low3	4	40	1	2	41	42	43	44	
19463	19462	wound	73604	1353	937	1316	926	26.5294	3.1316	11.1707	2.9722	Noun	866	0.64101	4.4235	1	33.5	5	8	1	high	high1	1	10	1	2	11	12	13	14	
11610	11609	nap	42539	645	487	626	481	12.6471	2.8102	5.8059	2.6884	Noun	611	0.94876	4.1021	1	7	3	13	1	high	high1	1	10	1	2	11	12	13	14	
8049	8048	harmony	29544	419	202	194	159	8.2157	2.6232	2.4082	2.3075	Noun	414	0.98807	3.9151	3	65.5	7	0	1	high	high3	2	20	1	2	21	22	23	24	
12141	12140	oppression	44690	76	63	75	63	1.4902	1.8865	0.75107	1.8062	Noun	76	1	3.1783	3	92.11	10	0	1	low	low3	4	40	1	2	41	42	43	44	
16638	16637	spree	61675	109	83	98	80	2.1373	2.0414	0.98951	1.9243	Noun	101	0.93519	3.3332	1	31.5	5	1	1	low	low1	3	30	1	2	31	32	33	34	
4759	4758	depression	17407	406	304	308	244	7.9608	2.6096	3.6242	2.4843	Noun	404	0.99753	3.9014	3	106.78	10	1	1	high	high3	2	20	1	2	21	22	23	24	
5345	5344	dread	19877	128	104	110	98	2.5098	2.1106	1.2399	2.0212	Noun	67	0.53175	3.4024	1	35	5	3	1	low	low1	3	30	1	2	31	32	33	34	
743	742	artery	3249	271	181	266	177	5.3137	2.4346	2.1578	2.2601	Noun	271	1	3.7264	3	48.6	6	0	1	high	high3	2	20	1	2	21	22	23	24	
18278	18277	trip	67775	4202	2366	4055	2343	82.3922	3.6236	28.207	3.3742	Noun	4125	0.98355	4.9154	1	14	4	5	1	high	high1	1	10	1	2	11	12	13	14	
17785	17784	thirst	66012	190	152	185	150	3.7255	2.281	1.8121	2.1847	Noun	167	0.87895	3.5729	1	36.2	6	0	1	low	low1	3	30	1	2	31	32	33	34	
10551	10550	manicure	38923	101	90	98	88	1.9804	2.0086	1.073	1.959	Noun	101	1	3.3004	3	50.14	8	0	1	low	low3	4	40	1	2	41	42	43	44	
2725	2724	carnival	9712	363	177	306	150	7.1176	2.5611	2.1102	2.2504	Noun	286	0.78788	3.8529	3	60.29	8	0	1	high	high3	2	20	1	2	21	22	23	24	
10046	10045	lime	37309	168	123	143	109	3.2941	2.2279	1.4664	2.0934	Noun	168	1	3.5197	1	18.67	4	12	1	low	low1	3	30	1	2	31	32	33	34	
3305	3304	claw	11819	223	137	163	123	4.3725	2.3502	1.6333	2.1399	Noun	156	0.69955	3.6421	1	13.33	4	6	1	low	low1	3	30	1	2	31	32	33	34	
2177	2176	brook	8083	104	70	70	48	2.0392	2.0212	0.83453	1.8513	Noun	61	0.59223	3.313	1	35.25	5	3	1	low	low1	3	30	1	2	31	32	33	34	
7674	7673	grief	28394	552	450	533	434	10.8235	2.7427	5.3648	2.6542	Noun	553	1	4.0346	1	38	5	1	1	high	high1	1	10	1	2	11	12	13	14	
1743	1742	blueberry	6761	131	88	91	65	2.5686	2.1206	1.0491	1.9494	Noun	125	0.9542	3.4124	3	33.25	9	0	1	low	low3	4	40	1	2	41	42	43	44	
6849	6848	forensics	25412	192	147	124	97	3.7647	2.2856	1.7525	2.1703	Noun	174	0.91099	3.5774	3	64.63	9	0	1	low	low3	4	40	1	2	41	42	43	44	
17722	17721	text	65747	267	199	251	186	5.2353	2.4281	2.3724	2.301	Noun	267	1	3.72	1	7.67	4	4	1	high	high1	1	10	1	2	11	12	13	14	
8652	8651	hurricane	31591	447	178	370	151	8.7647	2.6513	2.1221	2.2529	Noun	445	1	3.9431	3	48.38	9	0	1	high	high3	2	20	1	2	21	22	23	24	
19335	19334	wink	73144	180	119	136	110	3.5294	2.2577	1.4187	2.0792	Noun	103	0.56906	3.5495	1	32	4	11	1	low	low1	3	30	1	2	31	32	33	34	
19380	19379	woe	73330	119	86	76	56	2.3333	2.0792	1.0253	1.9395	Noun	117	1	3.371	1	6	3	11	1	low	low1	3	30	1	2	31	32	33	34	
9292	9291	jive	34919	86	64	77	58	1.6863	1.9395	0.76299	1.8129	Noun	59	0.68605	3.2314	1	10	4	5	1	low	low1	3	30	1	2	31	32	33	34	
15442	15441	scorpion	57105	136	55	86	39	2.6667	2.1367	0.6557	1.7482	Noun	136	1	3.4286	3	52.43	8	0	1	low	low3	4	40	1	2	41	42	43	44	
1092	1091	bale	4528	104	23	71	18	2.0392	2.0212	0.2742	1.3802	Noun	87	0.83654	3.313	1	33	4	21	1	low	low1	3	30	1	2	31	32	33	34	
303	302	allowance	1659	265	191	256	189	5.1961	2.4249	2.2771	2.2833	Noun	265	0.99624	3.7167	3	39.75	9	0	1	high	high3	2	20	1	2	21	22	23	24	
18707	18706	vault	70901	614	237	588	231	12.0392	2.7889	2.8255	2.3766	Noun	595	0.97064	4.0807	1	14.25	5	1	1	high	high1	1	10	1	2	11	12	13	14	
12344	12343	overtime	45657	318	261	306	251	6.2353	2.5038	3.1116	2.4183	Noun	178	0.55975	3.7956	3	75.43	8	0	1	high	high3	2	20	1	2	21	22	23	24	
2212	2211	brute	8187	162	133	142	119	3.1765	2.2122	1.5856	2.1271	Noun	162	1	3.504	1	29.25	5	0	1	low	low1	3	30	1	2	31	32	33	34	
9738	9737	latch	36436	98	73	80	63	1.9216	1.9956	0.87029	1.8692	Noun	56	0.56566	3.2875	1	42.25	5	7	1	low	low1	3	30	1	2	31	32	33	34	
14674	14673	resident	54363	374	242	285	207	7.3333	2.574	2.8851	2.3856	Noun	252	0.6738	3.8659	3	84	8	0	1	high	high3	2	20	1	2	21	22	23	24	
9321	9320	journalist	35038	311	185	287	176	6.098	2.4942	2.2055	2.2695	Noun	310	0.99678	3.786	3	41	10	1	1	high	high3	2	20	1	2	21	22	23	24	
3213	3212	chum	11447	156	94	132	91	3.0588	2.1959	1.1206	1.9777	Noun	151	0.96795	3.4877	1	10.33	4	2	1	low	low1	3	30	1	2	31	32	33	34	
19066	19065	warmth	72028	227	199	218	192	4.451	2.3579	2.3724	2.301	Noun	223	0.98673	3.6498	1	45.8	6	0	1	low	low1	3	30	1	2	31	32	33	34	
14258	14257	rank	52210	433	325	416	314	8.4902	2.6375	3.8746	2.5132	Noun	376	0.86836	3.9293	1	32.33	4	13	1	high	high1	1	10	1	2	11	12	13	14	
10103	10102	lip	37436	548	434	517	418	10.7451	2.7396	5.1741	2.6385	Noun	538	0.98716	4.0314	1	7.5	3	15	1	high	high1	1	10	1	2	11	12	13	14	
2085	2084	breed	7805	323	248	300	244	6.3333	2.5105	2.9566	2.3962	Noun	174	0.5387	3.8024	1	77.25	5	5	1	high	high1	1	10	1	2	11	12	13	14	
1342	1341	beak	5204	107	88	100	85	2.098	2.0334	1.0491	1.9494	Noun	108	1	3.3253	1	30.67	4	11	1	low	low1	3	30	1	2	31	32	33	34	
7235	7234	gauze	26843	73	56	63	51	1.4314	1.8692	0.66762	1.7559	Noun	54	0.73973	3.1611	1	14.25	5	2	1	low	low1	3	30	1	2	31	32	33	34	
8455	8454	honesty	30924	368	298	317	267	7.2157	2.567	3.5527	2.4757	Noun	365	0.99455	3.8589	3	44	7	0	1	high	high3	2	20	1	2	21	22	23	24	
10346	10345	lunatic	38229	433	345	414	335	8.4902	2.6375	4.113	2.5391	Noun	368	0.84988	3.9293	3	42.83	7	0	1	high	high3	2	20	1	2	21	22	23	24	
15387	15386	schmuck	56947	234	168	194	145	4.5882	2.3711	2.0029	2.2279	Noun	150	0.64103	3.6629	1	18	7	0	1	high	high1	1	10	1	2	11	12	13	14	
18806	18805	vibration	71221	80	57	77	56	1.5686	1.9085	0.67954	1.7634	Noun	80	1	3.2003	3	107.63	9	0	1	low	low3	4	40	1	2	41	42	43	44	
2105	2104	brick	7853	519	255	365	232	10.1765	2.716	3.0401	2.4082	Noun	494	0.95183	4.0078	1	43.5	5	5	1	high	high1	1	10	1	2	11	12	13	14	
19472	19471	wrath	73636	199	148	163	130	3.902	2.301	1.7644	2.1732	Noun	199	1	3.5929	1	40.5	5	0	1	low	low1	3	30	1	2	31	32	33	34	
14505	14504	regiment	53427	247	111	211	95	4.8431	2.3945	1.3233	2.0492	Noun	244	0.98785	3.6863	3	72.43	8	0	1	high	high3	2	20	1	2	21	22	23	24	
15587	15586	seed	57600	386	278	371	272	7.5686	2.5877	3.3143	2.4456	Noun	360	0.93506	3.8795	1	33.67	4	18	1	high	high1	1	10	1	2	11	12	13	14	
2643	2642	capital	9421	648	491	574	443	12.7059	2.8122	5.8536	2.692	Noun	637	0.98151	4.1041	3	51	7	0	1	high	high3	2	20	1	2	21	22	23	24	
10369	10368	luxury	38324	307	272	298	267	6.0196	2.4886	3.2427	2.4362	Noun	203	0.6634	3.7804	3	20	6	0	1	high	high3	2	20	1	2	21	22	23	24	
5774	5773	encounter	21435	284	251	276	246	5.5686	2.4548	2.9924	2.4014	Noun	187	0.65845	3.7467	3	79.88	9	0	1	high	high3	2	20	1	2	21	22	23	24	
8068	8067	haste	29628	106	79	103	77	2.0784	2.0294	0.94182	1.9031	Noun	96	0.88889	3.3212	1	37	5	6	1	low	low1	3	30	1	2	31	32	33	34	
8975	8974	ink	33377	382	276	360	267	7.4902	2.5832	3.2904	2.4425	Noun	375	0.98425	3.875	1	1.5	3	2	1	high	high1	1	10	1	2	11	12	13	14	
12923	12922	petition	47605	215	131	208	126	4.2157	2.3345	1.5618	2.1206	Noun	194	0.87783	3.6263	3	99.29	8	0	1	low	low3	4	40	1	2	41	42	43	44	
9731	9730	lasagna	36403	183	94	144	80	3.5882	2.2648	1.1206	1.9777	Noun	175	0.95628	3.5567	3	24.83	7	0	1	low	low3	4	40	1	2	41	42	43	44	
5747	5746	employee	21320	590	429	553	415	11.5686	2.7716	5.1144	2.6335	Noun	588	0.9983	4.0634	3	25.43	8	2	1	high	high3	2	20	1	2	21	22	23	24	
8565	8564	hound	31260	257	167	197	134	5.0392	2.4116	1.9909	2.2253	Noun	235	0.92885	3.7035	1	38	5	7	1	high	high1	1	10	1	2	11	12	13	14	
1201	1200	barbershop	4802	108	58	89	48	2.1176	2.0374	0.69146	1.7709	Noun	104	0.96296	3.3293	3	31.78	10	0	1	low	low3	4	40	1	2	41	42	43	44	
14367	14366	rebellion	52669	130	106	115	95	2.549	2.1173	1.2637	2.0294	Noun	129	1	3.4091	3	102.5	9	0	1	low	low3	4	40	1	2	41	42	43	44	
11280	11279	monk	41444	376	150	239	124	7.3725	2.5763	1.7883	2.179	Noun	243	0.64628	3.8682	1	24.33	4	3	1	high	high1	1	10	1	2	11	12	13	14	
3089	3088	chef	10901	606	322	467	282	11.8824	2.7832	3.8388	2.5092	Noun	603	0.99669	4.075	1	9.33	4	1	1	high	high1	1	10	1	2	11	12	13	14	
4839	4838	deuce	17772	146	84	82	62	2.8627	2.1673	1.0014	1.9294	Noun	92	0.63014	3.4592	1	20.5	5	0	1	low	low1	3	30	1	2	31	32	33	34	
14331	14330	reactor	52485	204	66	170	58	4	2.3118	0.78684	1.8261	Noun	198	0.97537	3.6036	3	72.5	7	0	1	low	low3	4	40	1	2	41	42	43	44	
14523	14522	rehearsal	53511	635	351	605	343	12.451	2.8035	4.1845	2.5465	Noun	632	0.99685	4.0953	3	56.13	9	0	1	high	high3	2	20	1	2	21	22	23	24	
12751	12750	peak	46859	303	215	245	181	5.9412	2.4829	2.5632	2.3345	Noun	275	0.90759	3.7747	1	28.33	4	11	1	high	high1	1	10	1	2	11	12	13	14	
9999	9998	lieutenant	37177	5306	886	758	349	104.0392	3.7248	10.5627	2.9479	Noun	5275	0.99698	5.0167	3	39.78	10	0	1	high	high3	2	20	1	2	21	22	23	24	
11471	11470	mud	42007	756	506	674	471	14.8235	2.8791	6.0324	2.705	Noun	755	1	4.1709	1	3.5	3	8	1	high	high1	1	10	1	2	11	12	13	14	
18723	18722	veil	70950	151	108	146	104	2.9608	2.1818	1.2876	2.0374	Noun	144	0.95364	3.4737	1	11.67	4	2	1	low	low1	3	30	1	2	31	32	33	34	
19024	19023	wallpaper	71912	171	122	164	120	3.3529	2.2355	1.4545	2.0899	Noun	171	1	3.5274	3	38.75	9	0	1	low	low3	4	40	1	2	41	42	43	44	
2704	2703	caretaker	9637	125	65	86	59	2.451	2.1004	0.77492	1.8195	Noun	127	1	3.3922	3	60.25	9	0	1	low	low3	4	40	1	2	41	42	43	44	
11318	11317	monument	41552	117	97	93	76	2.2941	2.0719	1.1564	1.9912	Noun	117	1	3.3637	3	59.14	8	0	1	low	low3	4	40	1	2	41	42	43	44	
9100	9099	intruder	34094	186	122	145	106	3.6471	2.2718	1.4545	2.0899	Noun	186	1	3.5637	3	73	8	2	1	low	low3	4	40	1	2	41	42	43	44	
14190	14189	rag	52014	244	184	236	178	4.7843	2.3892	2.1936	2.2672	Noun	242	0.98776	3.681	1	10	3	20	1	high	high1	1	10	1	2	11	12	13	14	
2964	2963	chain	10480	1082	739	1021	708	21.2157	3.0346	8.8102	2.8692	Noun	1020	0.94183	4.3265	1	33.75	5	1	1	high	high1	1	10	1	2	11	12	13	14	
12003	12002	obstacle	44176	132	107	131	107	2.5882	2.1239	1.2756	2.0334	Noun	132	1	3.4157	3	44.57	8	0	1	low	low3	4	40	1	2	41	42	43	44	
4764	4763	deputy	17443	798	373	432	241	15.6471	2.9025	4.4468	2.5729	Noun	792	0.99373	4.1944	3	38	6	0	1	high	high3	2	20	1	2	21	22	23	24	
10960	10959	microwave	40424	199	165	188	160	3.902	2.301	1.9671	2.2201	Noun	200	1	3.5929	3	29.88	9	0	1	low	low3	4	40	1	2	41	42	43	44	
7100	7099	fuzz	26424	95	71	88	66	1.8627	1.9823	0.84645	1.8573	Noun	95	1	3.2741	1	6	4	2	1	low	low1	3	30	1	2	31	32	33	34	
16220	16219	slope	59933	150	120	125	104	2.9412	2.179	1.4306	2.0828	Noun	147	0.98	3.4708	1	32.25	5	3	1	low	low1	3	30	1	2	31	32	33	34	
12585	12584	parliament	46415	114	61	34	21	2.2353	2.0607	0.72723	1.7924	Noun	114	1	3.3525	3	49.78	10	0	1	low	low3	4	40	1	2	41	42	43	44	
15157	15156	sage	56148	89	63	57	49	1.7451	1.9542	0.75107	1.8062	Noun	77	0.875	3.2461	1	17	4	12	1	low	low1	3	30	1	2	31	32	33	34	
4750	4749	deposit	17375	551	373	524	360	10.8039	2.7419	4.4468	2.5729	Noun	432	0.78403	4.0338	3	34.67	7	0	1	high	high3	2	20	1	2	21	22	23	24	
13725	13724	probe	50319	225	134	209	127	4.4118	2.3541	1.5975	2.1303	Noun	166	0.73778	3.6459	1	28	5	3	1	low	low1	3	30	1	2	31	32	33	34	
4991	4990	diplomat	18335	109	79	99	77	2.1373	2.0414	0.94182	1.9031	Noun	109	1	3.3332	3	33.86	8	1	1	low	low3	4	40	1	2	41	42	43	44	
4596	4595	decency	16578	236	198	224	193	4.6275	2.3747	2.3605	2.2989	Noun	235	0.99576	3.6666	3	49.67	7	0	1	high	high3	2	20	1	2	21	22	23	24	
6513	6512	financing	24307	85	72	82	69	1.6667	1.9345	0.85837	1.8633	Noun	51	0.60714	3.2263	3	194.5	9	0	1	low	low3	4	40	1	2	41	42	43	44	
3722	3721	condition	13296	1936	1375	1891	1360	37.9608	3.2871	16.3925	3.1386	Noun	1911	0.98913	4.579	3	142	9	0	1	high	high3	2	20	1	2	21	22	23	24	
13362	13361	poll	48968	127	79	112	70	2.4902	2.1072	0.94182	1.9031	Noun	129	0.99231	3.399	1	37.67	4	13	1	low	low1	3	30	1	2	31	32	33	34	
6634	6633	flash	24656	783	578	609	502	15.3529	2.8943	6.8908	2.7627	Noun	444	0.56705	4.1862	1	42.5	5	5	1	high	high1	1	10	1	2	11	12	13	14	
10269	10268	loot	37927	181	136	168	128	3.549	2.2601	1.6214	2.1367	Noun	143	0.79006	3.5519	1	35	4	16	1	low	low1	3	30	1	2	31	32	33	34	
9026	9025	inspection	33565	300	211	280	202	5.8824	2.4786	2.5155	2.3263	Noun	300	1	3.7704	3	141.44	10	0	1	high	high3	2	20	1	2	21	22	23	24	
14380	14379	receiver	52756	151	105	141	100	2.9608	2.1818	1.2518	2.0253	Noun	151	1	3.4737	3	85.57	8	3	1	low	low3	4	40	1	2	41	42	43	44	
8933	8932	influence	33194	754	599	747	598	14.7843	2.8779	7.1412	2.7782	Noun	587	0.77955	4.1698	3	62.88	9	0	1	high	high3	2	20	1	2	21	22	23	24	
14898	14897	road	55319	5709	2766	5043	2567	111.9412	3.7566	32.9757	3.442	Noun	5690	0.9979	5.0485	1	22	4	8	1	high	high1	1	10	1	2	11	12	13	14	
13196	13195	plant	48489	1408	831	1338	795	27.6078	3.1489	9.907	2.9201	Noun	1036	0.73527	4.4407	1	43.5	5	5	1	high	high1	1	10	1	2	11	12	13	14	
15368	15367	scenery	56872	193	161	187	157	3.7843	2.2878	1.9194	2.2095	Noun	193	1	3.5796	3	88.83	7	0	1	low	low3	4	40	1	2	41	42	43	44	
4604	4603	decision	16614	2808	1810	2797	1807	55.0588	3.4486	21.5784	3.2579	Noun	2803	1	4.7404	3	82.86	8	1	1	high	high3	2	20	1	2	21	22	23	24	
6140	6139	extortion	23127	131	112	111	96	2.5686	2.1206	1.3352	2.0531	Noun	131	1	3.4124	3	108.38	9	0	1	low	low3	4	40	1	2	41	42	43	44	
13694	13693	principle	50230	395	316	383	309	7.7451	2.5977	3.7673	2.5011	Noun	395	1	3.8895	3	48.88	9	0	1	high	high3	2	20	1	2	21	22	23	24	
9821	9820	league	36660	950	607	576	391	18.6275	2.9782	7.2365	2.7839	Noun	936	0.9863	4.27	1	38.2	6	0	1	high	high1	1	10	1	2	11	12	13	14	
8689	8688	hype	31734	83	61	79	59	1.6275	1.9243	0.72723	1.7924	Noun	83	1	3.2161	1	6.67	4	2	1	low	low1	3	30	1	2	31	32	33	34	
3386	3385	clot	12064	92	61	91	60	1.8039	1.9685	0.72723	1.7924	Noun	77	0.83696	3.2603	1	18	4	6	1	low	low1	3	30	1	2	31	32	33	34	
10549	10548	maniac	38914	479	351	434	339	9.3922	2.6812	4.1845	2.5465	Noun	460	0.96436	3.9731	3	48.2	6	0	1	high	high3	2	20	1	2	21	22	23	24	
4574	4573	debt	16505	725	489	720	487	14.2157	2.8609	5.8298	2.6902	Noun	724	0.99862	4.1528	1	7.67	4	2	1	high	high1	1	10	1	2	11	12	13	14	
10060	10059	limp	37337	187	152	183	149	3.6667	2.2742	1.8121	2.1847	Noun	109	0.57979	3.566	1	18	4	6	1	low	low1	3	30	1	2	31	32	33	34	
6550	6549	fireplace	24407	259	189	253	186	5.0784	2.415	2.2532	2.2788	Noun	258	1	3.7068	3	36.63	9	0	1	high	high3	2	20	1	2	21	22	23	24	
16635	16634	spray	61660	492	342	459	320	9.6471	2.6928	4.0773	2.5353	Noun	320	0.65041	3.9847	1	23.25	5	2	1	high	high1	1	10	1	2	11	12	13	14	
9038	9037	instrument	33647	413	313	410	311	8.098	2.617	3.7315	2.4969	Noun	413	1	3.9088	3	70.56	10	0	1	high	high3	2	20	1	2	21	22	23	24	
14066	14065	quarantine	51613	227	91	202	87	4.451	2.3579	1.0849	1.9638	Noun	195	0.85903	3.6498	3	126	10	0	1	low	low3	4	40	1	2	41	42	43	44	
5520	5519	dynamite	20406	515	279	420	250	10.098	2.7126	3.3262	2.4472	Noun	471	0.91634	4.0045	3	47.86	8	0	1	high	high3	2	20	1	2	21	22	23	24	
7577	7576	graffiti	28055	103	57	64	49	2.0196	2.017	0.67954	1.7634	Noun	103	1	3.3089	3	48	8	0	1	low	low3	4	40	1	2	41	42	43	44	
15011	15010	rouge	55670	165	100	51	45	3.2353	2.2201	1.1922	2.0043	Noun	110	0.66265	3.5119	1	37	5	4	1	low	low1	3	30	1	2	31	32	33	34	
13732	13731	procedure	50335	823	581	809	573	16.1373	2.9159	6.9266	2.7649	Noun	822	1	4.2078	3	44.88	9	0	1	high	high3	2	20	1	2	21	22	23	24	
2046	2045	brat	7678	317	228	299	219	6.2157	2.5024	2.7182	2.3598	Noun	317	1	3.7943	1	20	4	8	1	high	high1	1	10	1	2	11	12	13	14	
2137	2136	brink	7947	127	110	112	102	2.4902	2.1072	1.3114	2.0453	Noun	123	0.9685	3.399	1	52.25	5	7	1	low	low1	3	30	1	2	31	32	33	34	
5035	5034	discussion	18617	619	543	608	537	12.1373	2.7924	6.4735	2.7356	Noun	618	1	4.0842	3	101.89	10	0	1	high	high3	2	20	1	2	21	22	23	24	
6049	6048	excitement	22674	628	523	602	508	12.3137	2.7987	6.2351	2.7193	Noun	622	0.99361	4.0905	3	56.67	10	0	1	high	high3	2	20	1	2	21	22	23	24	
14641	14640	republic	54202	286	165	71	49	5.6078	2.4579	1.9671	2.2201	Noun	285	0.9965	3.7497	3	58.29	8	0	1	high	high3	2	20	1	2	21	22	23	24	
14052	14051	quake	51575	82	48	47	35	1.6078	1.9191	0.57225	1.6902	Noun	81	0.9878	3.2109	1	16.25	5	0	1	low	low1	3	30	1	2	31	32	33	34	
14407	14406	recorder	52953	252	178	232	169	4.9412	2.4031	2.1221	2.2529	Noun	252	1	3.695	3	99	8	1	1	high	high3	2	20	1	2	21	22	23	24	
18156	18155	trance	67253	268	92	81	65	5.2549	2.4298	1.0968	1.9685	Noun	268	1	3.7216	1	57.8	6	1	1	high	high1	1	10	1	2	11	12	13	14	
15339	15338	scam	56758	313	225	308	224	6.1373	2.4969	2.6824	2.3541	Noun	277	0.88782	3.7888	1	8	4	8	1	high	high1	1	10	1	2	11	12	13	14	
1679	1678	bliss	6576	160	119	121	99	3.1373	2.2068	1.4187	2.0792	Noun	146	0.9125	3.4987	1	30	5	2	1	low	low1	3	30	1	2	31	32	33	34	
9195	9194	jade	34553	259	69	98	43	5.0784	2.415	0.8226	1.8451	Noun	259	1	3.7068	1	13.67	4	4	1	high	high1	1	10	1	2	11	12	13	14	
6192	6191	fact	23309	8801	4369	8649	4339	172.5686	3.9446	52.0863	3.6405	Noun	7423	0.84324	5.2364	1	16	4	5	1	high	high1	1	10	1	2	11	12	13	14	
5377	5376	drip	19974	261	168	228	165	5.1176	2.4183	2.0029	2.2279	Noun	177	0.67816	3.7101	1	13.33	4	3	1	high	high1	1	10	1	2	11	12	13	14	
18905	18904	visitor	71487	446	372	429	363	8.7451	2.6503	4.4349	2.5717	Noun	445	1	3.9421	3	34.5	7	0	1	high	high3	2	20	1	2	21	22	23	24	
11015	11014	militia	40569	115	47	101	44	2.2549	2.0645	0.56032	1.6812	Noun	115	1	3.3563	3	35.17	7	0	1	low	low3	4	40	1	2	41	42	43	44	
5514	5513	dye	20394	197	139	186	133	3.8627	2.2967	1.6571	2.1461	Noun	188	0.95431	3.5885	1	3.5	3	8	1	low	low1	3	30	1	2	31	32	33	34	
5459	5458	duke	20200	1277	311	206	77	25.0392	3.1065	3.7077	2.4942	Noun	1231	0.96473	4.3984	1	15	4	4	1	high	high1	1	10	1	2	11	12	13	14	
15082	15081	rump	55907	72	64	68	62	1.4118	1.8633	0.76299	1.8129	Noun	72	1	3.1552	1	16.33	4	8	1	low	low1	3	30	1	2	31	32	33	34	
15623	15622	seminar	57763	217	132	212	129	4.2549	2.3385	1.5737	2.1239	Noun	217	1	3.6303	3	38.83	7	1	1	low	low3	4	40	1	2	41	42	43	44	
13350	13349	policy	48933	1378	847	1351	836	27.0196	3.1396	10.0978	2.9284	Noun	1380	1	4.4314	3	40.2	6	2	1	high	high3	2	20	1	2	21	22	23	24	
3500	3499	coil	12447	82	61	82	61	1.6078	1.9191	0.72723	1.7924	Noun	75	0.91463	3.2109	1	21.67	4	7	1	low	low1	3	30	1	2	31	32	33	34	
5976	5975	etiquette	22370	96	85	94	85	1.8824	1.9868	1.0134	1.9345	Noun	98	1	3.2786	3	25.13	9	0	1	low	low3	4	40	1	2	41	42	43	44	
3146	3145	chill	11088	828	540	559	412	16.2353	2.9186	6.4378	2.7332	Noun	428	0.51816	4.2104	1	40	5	1	1	high	high1	1	10	1	2	11	12	13	14	
2794	2793	casserole	9914	85	64	83	63	1.6667	1.9345	0.76299	1.8129	Noun	85	1	3.2263	3	62.5	9	0	1	low	low3	4	40	1	2	41	42	43	44	
3747	3746	confidence	13380	993	751	960	738	19.4706	2.9974	8.9533	2.8762	Noun	994	1	4.2892	3	80.78	10	0	1	high	high3	2	20	1	2	21	22	23	24	
16166	16165	slate	59705	165	128	145	117	3.2353	2.2201	1.526	2.1106	Noun	165	0.98802	3.5119	1	43.5	5	6	1	low	low1	3	30	1	2	31	32	33	34	
13455	13454	port	49258	741	382	544	312	14.5294	2.8704	4.5541	2.5832	Noun	659	0.88814	4.1622	1	28.33	4	12	1	high	high1	1	10	1	2	11	12	13	14	
3002	3001	chant	10610	116	82	108	77	2.2745	2.0682	0.97759	1.9191	Noun	62	0.52991	3.36	1	42	5	1	1	low	low1	3	30	1	2	31	32	33	34	
2479	2478	cadillac	8931	292	170	11	6	5.7255	2.4669	2.0267	2.233	Noun	146	0.50345	3.7587	3	35.29	8	0	1	high	high3	2	20	1	2	21	22	23	24	
3339	3338	clientele	11925	80	71	77	70	1.5686	1.9085	0.84645	1.8573	Noun	80	1	3.2003	3	50.13	9	0	1	low	low3	4	40	1	2	41	42	43	44	
1840	1839	bone	7102	1329	855	1221	819	26.0588	3.1239	10.1931	2.9325	Noun	1288	0.97061	4.4157	1	30.33	4	15	1	high	high1	1	10	1	2	11	12	13	14	
14913	14912	roar	55348	205	143	180	131	4.0196	2.3139	1.7048	2.1584	Noun	105	0.5122	3.6057	1	25	4	6	1	low	low1	3	30	1	2	31	32	33	34	
1414	1413	beginner	5460	99	82	76	65	1.9412	2	0.97759	1.9191	Noun	98	1	3.2918	3	66.29	8	0	1	low	low3	4	40	1	2	41	42	43	44	
9503	9502	kin	35631	218	167	185	155	4.2745	2.3404	1.9909	2.2253	Noun	216	0.99083	3.6323	1	7.5	3	14	1	low	low1	3	30	1	2	31	32	33	34	
17410	17409	tab	64645	294	232	258	211	5.7647	2.4698	2.7659	2.3674	Noun	279	0.94898	3.7617	1	6	3	11	1	high	high1	1	10	1	2	11	12	13	14	
7978	7977	handicap	29303	139	105	124	101	2.7255	2.1461	1.2518	2.0253	Noun	139	1	3.438	3	49	8	0	1	low	low3	4	40	1	2	41	42	43	44	
3675	3674	compliment	13062	523	461	512	451	10.2549	2.7193	5.4959	2.6646	Noun	411	0.78585	4.0112	3	81.67	10	1	1	high	high3	2	20	1	2	21	22	23	24	
14294	14293	rate	52324	1271	943	1250	934	24.9216	3.1045	11.2423	2.975	Noun	1198	0.94704	4.3963	1	26.67	4	16	1	high	high1	1	10	1	2	11	12	13	14	
3095	3094	chemistry	10918	442	299	400	282	8.6667	2.6464	3.5646	2.4771	Noun	441	1	3.9382	3	37.25	9	0	1	high	high3	2	20	1	2	21	22	23	24	
15425	15424	scoop	57060	289	210	245	195	5.6667	2.4624	2.5036	2.3243	Noun	183	0.63322	3.7542	1	21	5	4	1	high	high1	1	10	1	2	11	12	13	14	
4377	4376	customer	15883	775	578	727	550	15.1961	2.8899	6.8908	2.7627	Noun	770	0.99741	4.1817	3	60	8	0	1	high	high3	2	20	1	2	21	22	23	24	
12435	12434	pair	45926	1900	1357	1851	1341	37.2549	3.279	16.1779	3.1329	Noun	1877	0.98841	4.5708	1	24.67	4	7	1	high	high1	1	10	1	2	11	12	13	14	
13908	13907	publishing	51087	194	134	161	115	3.8039	2.29	1.5975	2.1303	Noun	134	0.69072	3.5819	3	130	10	0	1	low	low3	4	40	1	2	41	42	43	44	
876	875	attendant	3741	158	119	139	108	3.098	2.2014	1.4187	2.0792	Noun	150	0.94937	3.4932	3	59	9	0	1	low	low3	4	40	1	2	41	42	43	44	
9681	9680	landlady	36274	106	77	104	75	2.0784	2.0294	0.91798	1.8921	Noun	106	1	3.3212	3	48.14	8	0	1	low	low3	4	40	1	2	41	42	43	44	
19475	19474	wreck	73648	697	518	677	506	13.6667	2.8439	6.1755	2.7152	Noun	506	0.72806	4.1357	1	29	5	2	1	high	high1	1	10	1	2	11	12	13	14	
19451	19450	worm	73544	516	271	430	260	10.1176	2.7135	3.2308	2.4346	Noun	471	0.91456	4.0053	1	21	4	9	1	high	high1	1	10	1	2	11	12	13	14	
16742	16741	stance	62056	96	73	93	73	1.8824	1.9868	0.87029	1.8692	Noun	95	1	3.2786	1	55	6	1	1	low	low1	3	30	1	2	31	32	33	34	
19070	19069	warp	72037	280	68	204	61	5.4902	2.4487	0.81068	1.8388	Noun	163	0.59058	3.7405	1	32.33	4	10	1	high	high1	1	10	1	2	11	12	13	14	
933	932	autograph	3966	416	273	406	271	8.1569	2.6201	3.2546	2.4378	Noun	371	0.89183	3.912	3	24.38	9	0	1	high	high3	2	20	1	2	21	22	23	24	
17297	17296	suspension	64151	222	152	212	148	4.3529	2.3483	1.8121	2.1847	Noun	222	1	3.6401	3	91.22	10	0	1	low	low3	4	40	1	2	41	42	43	44	
5014	5013	disc	18488	131	77	122	73	2.5686	2.1206	0.91798	1.8921	Noun	129	1	3.4124	1	13	4	2	1	low	low1	3	30	1	2	31	32	33	34	
5954	5953	estimate	22303	243	201	233	192	4.7647	2.3874	2.3963	2.3054	Noun	150	0.62241	3.6792	3	44.57	8	0	1	high	high3	2	20	1	2	21	22	23	24	
12157	12156	oracle	44730	114	37	31	21	2.2353	2.0607	0.44111	1.5798	Noun	114	1	3.3525	3	66.2	6	0	1	low	low3	4	40	1	2	41	42	43	44	
2343	2342	burglary	8570	182	105	151	97	3.5686	2.2625	1.2518	2.0253	Noun	175	1	3.5543	3	47.14	8	1	1	low	low3	4	40	1	2	41	42	43	44	
9567	9566	knob	35844	125	99	118	95	2.451	2.1004	1.1803	2	Noun	124	0.992	3.3922	1	5.33	4	3	1	low	low1	3	30	1	2	31	32	33	34	
4046	4045	covenant	14761	341	53	15	14	6.6863	2.534	0.63186	1.7324	Noun	336	0.98534	3.8259	3	82.29	8	0	1	high	high3	2	20	1	2	21	22	23	24	
16941	16940	storm	62718	1574	826	1329	755	30.8627	3.1973	9.8474	2.9175	Noun	1480	0.94148	4.4891	1	33.75	5	3	1	high	high1	1	10	1	2	11	12	13	14	
5751	5750	employment	21325	272	234	252	219	5.3333	2.4362	2.7897	2.3711	Noun	271	1	3.728	3	45	10	0	1	high	high3	2	20	1	2	21	22	23	24	
7670	7669	grid	28386	282	190	267	183	5.5294	2.4518	2.2651	2.281	Noun	282	1	3.7436	1	14.67	4	5	1	high	high1	1	10	1	2	11	12	13	14	
8362	8361	hitch	30613	208	170	168	152	4.0784	2.3201	2.0267	2.233	Noun	97	0.46635	3.612	1	31.75	5	6	1	low	low1	3	30	1	2	31	32	33	34	
6457	6456	fiend	24156	143	110	136	105	2.8039	2.1584	1.3114	2.0453	Noun	140	0.97902	3.4502	1	22	5	1	1	low	low1	3	30	1	2	31	32	33	34	
9531	9530	kit	35731	900	424	473	354	17.6471	2.9547	5.0548	2.6284	Noun	897	0.99778	4.2466	1	7	3	12	1	high	high1	1	10	1	2	11	12	13	14	
13580	13579	precedent	49687	127	103	126	102	2.4902	2.1072	1.2279	2.017	Noun	127	1	3.399	3	70.63	9	0	1	low	low3	4	40	1	2	41	42	43	44	
9992	9991	lid	37154	251	219	247	217	4.9216	2.4014	2.6109	2.3424	Noun	250	1	3.6932	1	6.5	3	13	1	high	high1	1	10	1	2	11	12	13	14	
3944	3943	corridor	14422	284	207	266	198	5.5686	2.4548	2.4678	2.3181	Noun	283	1	3.7467	3	69.86	8	0	1	high	high3	2	20	1	2	21	22	23	24	
9547	9546	knack	35781	127	103	126	103	2.4902	2.1072	1.2279	2.017	Noun	127	1	3.399	1	25.5	5	2	1	low	low1	3	30	1	2	31	32	33	34	
16699	16698	stadium	61951	312	184	185	122	6.1176	2.4955	2.1936	2.2672	Noun	312	1	3.7874	3	55.5	7	0	1	high	high3	2	20	1	2	21	22	23	24	
13990	13989	purity	51347	121	99	109	91	2.3725	2.0864	1.1803	2	Noun	121	1	3.3782	3	61.6	6	2	1	low	low3	4	40	1	2	41	42	43	44	
9240	9239	jealousy	34708	293	229	238	194	5.7451	2.4683	2.7301	2.3617	Noun	292	0.99659	3.7602	3	32.57	8	0	1	high	high3	2	20	1	2	21	22	23	24	
