numid|f	X|f	Word|s	Unnamed|f	FREQcount|f	Cdcount|f	FREQlow|f	Cdlow|f	SUBLTLWF|f	Lg10WF|f	SUBTLCD|f	Lg10CD|f	Dom_PoS_SUBTLEX|s	Freq_dom_PoS_SUBTLEX|f	Percentage_dom_PoS|f	Zipfvalue|f	cmu_sylls|f	BF_TP|f	LEN_L|f	N|f	Zipfvalue_incl|f	Zipfvalue_cat|s	cond_name|s	cond_code|f	trigger_code|f	len|f	corr_resp|f	fix_code|f	word_code|f	delay_code|f	audioresp_code|f	
19451	19450	worm	73544	516	271	430	260	10.1176	2.7135	3.2308	2.4346	Noun	471	0.91456	4.0053	1	21	4	9	1	high	high1	1	10	1	2	11	12	13	14	
15339	15338	scam	56758	313	225	308	224	6.1373	2.4969	2.6824	2.3541	Noun	277	0.88782	3.7888	1	8	4	8	1	high	high1	1	10	1	2	11	12	13	14	
3002	3001	chant	10610	116	82	108	77	2.2745	2.0682	0.97759	1.9191	Noun	62	0.52991	3.36	1	42	5	1	1	low	low1	3	30	1	2	31	32	33	34	
5345	5344	dread	19877	128	104	110	98	2.5098	2.1106	1.2399	2.0212	Noun	67	0.53175	3.4024	1	35	5	3	1	low	low1	3	30	1	2	31	32	33	34	
3213	3212	chum	11447	156	94	132	91	3.0588	2.1959	1.1206	1.9777	Noun	151	0.96795	3.4877	1	10.33	4	2	1	low	low1	3	30	1	2	31	32	33	34	
5954	5953	estimate	22303	243	201	233	192	4.7647	2.3874	2.3963	2.3054	Noun	150	0.62241	3.6792	3	44.57	8	0	1	high	high3	2	20	1	2	21	22	23	24	
13725	13724	probe	50319	225	134	209	127	4.4118	2.3541	1.5975	2.1303	Noun	166	0.73778	3.6459	1	28	5	3	1	low	low1	3	30	1	2	31	32	33	34	
16638	16637	spree	61675	109	83	98	80	2.1373	2.0414	0.98951	1.9243	Noun	101	0.93519	3.3332	1	31.5	5	1	1	low	low1	3	30	1	2	31	32	33	34	
5377	5376	drip	19974	261	168	228	165	5.1176	2.4183	2.0029	2.2279	Noun	177	0.67816	3.7101	1	13.33	4	3	1	high	high1	1	10	1	2	11	12	13	14	
5976	5975	etiquette	22370	96	85	94	85	1.8824	1.9868	1.0134	1.9345	Noun	98	1	3.2786	3	25.13	9	0	1	low	low3	4	40	1	2	41	42	43	44	
14898	14897	road	55319	5709	2766	5043	2567	111.9412	3.7566	32.9757	3.442	Noun	5690	0.9979	5.0485	1	22	4	8	1	high	high1	1	10	1	2	11	12	13	14	
10960	10959	microwave	40424	199	165	188	160	3.902	2.301	1.9671	2.2201	Noun	200	1	3.5929	3	29.88	9	0	1	low	low3	4	40	1	2	41	42	43	44	
16540	16539	speed	61268	2104	1260	1824	1153	41.2549	3.3233	15.0215	3.1007	Noun	1675	0.798	4.6151	1	73.25	5	3	1	high	high1	1	10	1	2	11	12	13	14	
16699	16698	stadium	61951	312	184	185	122	6.1176	2.4955	2.1936	2.2672	Noun	312	1	3.7874	3	55.5	7	0	1	high	high3	2	20	1	2	21	22	23	24	
1840	1839	bone	7102	1329	855	1221	819	26.0588	3.1239	10.1931	2.9325	Noun	1288	0.97061	4.4157	1	30.33	4	15	1	high	high1	1	10	1	2	11	12	13	14	
5520	5519	dynamite	20406	515	279	420	250	10.098	2.7126	3.3262	2.4472	Noun	471	0.91634	4.0045	3	47.86	8	0	1	high	high3	2	20	1	2	21	22	23	24	
10839	10838	membership	39914	165	133	159	129	3.2353	2.2201	1.5856	2.1271	Noun	165	1	3.5119	3	30.44	10	0	1	low	low3	4	40	1	2	41	42	43	44	
17785	17784	thirst	66012	190	152	185	150	3.7255	2.281	1.8121	2.1847	Noun	167	0.87895	3.5729	1	36.2	6	0	1	low	low1	3	30	1	2	31	32	33	34	
19472	19471	wrath	73636	199	148	163	130	3.902	2.301	1.7644	2.1732	Noun	199	1	3.5929	1	40.5	5	0	1	low	low1	3	30	1	2	31	32	33	34	
2479	2478	cadillac	8931	292	170	11	6	5.7255	2.4669	2.0267	2.233	Noun	146	0.50345	3.7587	3	35.29	8	0	1	high	high3	2	20	1	2	21	22	23	24	
16742	16741	stance	62056	96	73	93	73	1.8824	1.9868	0.87029	1.8692	Noun	95	1	3.2786	1	55	6	1	1	low	low1	3	30	1	2	31	32	33	34	
4377	4376	customer	15883	775	578	727	550	15.1961	2.8899	6.8908	2.7627	Noun	770	0.99741	4.1817	3	60	8	0	1	high	high3	2	20	1	2	21	22	23	24	
2964	2963	chain	10480	1082	739	1021	708	21.2157	3.0346	8.8102	2.8692	Noun	1020	0.94183	4.3265	1	33.75	5	1	1	high	high1	1	10	1	2	11	12	13	14	
2643	2642	capital	9421	648	491	574	443	12.7059	2.8122	5.8536	2.692	Noun	637	0.98151	4.1041	3	51	7	0	1	high	high3	2	20	1	2	21	22	23	24	
14407	14406	recorder	52953	252	178	232	169	4.9412	2.4031	2.1221	2.2529	Noun	252	1	3.695	3	99	8	1	1	high	high3	2	20	1	2	21	22	23	24	
3747	3746	confidence	13380	993	751	960	738	19.4706	2.9974	8.9533	2.8762	Noun	994	1	4.2892	3	80.78	10	0	1	high	high3	2	20	1	2	21	22	23	24	
2891	2890	cavity	10203	152	123	147	120	2.9804	2.1847	1.4664	2.0934	Noun	152	1	3.4765	3	53	6	0	1	low	low3	4	40	1	2	41	42	43	44	
145	144	aggression	1183	143	109	134	105	2.8039	2.1584	1.2995	2.0414	Noun	143	1	3.4502	3	88.22	10	0	1	low	low3	4	40	1	2	41	42	43	44	
7674	7673	grief	28394	552	450	533	434	10.8235	2.7427	5.3648	2.6542	Noun	553	1	4.0346	1	38	5	1	1	high	high1	1	10	1	2	11	12	13	14	
8201	8200	height	30029	476	396	446	377	9.3333	2.6785	4.721	2.5988	Noun	472	1	3.9704	1	24.6	6	1	1	high	high1	1	10	1	2	11	12	13	14	
11471	11470	mud	42007	756	506	674	471	14.8235	2.8791	6.0324	2.705	Noun	755	1	4.1709	1	3.5	3	8	1	high	high1	1	10	1	2	11	12	13	14	
5514	5513	dye	20394	197	139	186	133	3.8627	2.2967	1.6571	2.1461	Noun	188	0.95431	3.5885	1	3.5	3	8	1	low	low1	3	30	1	2	31	32	33	34	
13939	13938	pump	51213	645	458	550	412	12.6471	2.8102	5.4602	2.6618	Noun	376	0.58567	4.1021	1	16.67	4	9	1	high	high1	1	10	1	2	11	12	13	14	
4839	4838	deuce	17772	146	84	82	62	2.8627	2.1673	1.0014	1.9294	Noun	92	0.63014	3.4592	1	20.5	5	0	1	low	low1	3	30	1	2	31	32	33	34	
1414	1413	beginner	5460	99	82	76	65	1.9412	2	0.97759	1.9191	Noun	98	1	3.2918	3	66.29	8	0	1	low	low3	4	40	1	2	41	42	43	44	
8652	8651	hurricane	31591	447	178	370	151	8.7647	2.6513	2.1221	2.2529	Noun	445	1	3.9431	3	48.38	9	0	1	high	high3	2	20	1	2	21	22	23	24	
11610	11609	nap	42539	645	487	626	481	12.6471	2.8102	5.8059	2.6884	Noun	611	0.94876	4.1021	1	7	3	13	1	high	high1	1	10	1	2	11	12	13	14	
7185	7184	gardener	26684	214	141	208	135	4.1961	2.3324	1.681	2.1523	Noun	214	1	3.6243	3	91.14	8	0	1	low	low3	4	40	1	2	41	42	43	44	
19475	19474	wreck	73648	697	518	677	506	13.6667	2.8439	6.1755	2.7152	Noun	506	0.72806	4.1357	1	29	5	2	1	high	high1	1	10	1	2	11	12	13	14	
10346	10345	lunatic	38229	433	345	414	335	8.4902	2.6375	4.113	2.5391	Noun	368	0.84988	3.9293	3	42.83	7	0	1	high	high3	2	20	1	2	21	22	23	24	
