numid|f	X|f	Word|s	Unnamed|f	FREQcount|f	Cdcount|f	FREQlow|f	Cdlow|f	SUBLTLWF|f	Lg10WF|f	SUBTLCD|f	Lg10CD|f	Dom_PoS_SUBTLEX|s	Freq_dom_PoS_SUBTLEX|f	Percentage_dom_PoS|f	Zipfvalue|f	cmu_sylls|f	BF_TP|f	LEN_L|f	N|f	Zipfvalue_incl|f	Zipfvalue_cat|s	cond_name|s	cond_code|f	trigger_code|f	len|f	corr_resp|f	fix_code|f	word_code|f	delay_code|f	audioresp_code|f	
6625	6624	flap	24641	135	105	112	94	2.6471	2.1335	1.2518	2.0253	Noun	82	0.60741	3.4254	1	18.67	4	10	1	low	low1	3	30	1	2	31	32	33	34	
7522	7521	goon	27877	116	64	67	55	2.2745	2.0682	0.76299	1.8129	Noun	99	0.86087	3.36	1	26	4	7	1	low	low1	3	30	1	2	31	32	33	34	
8262	8261	heritage	30268	129	105	98	82	2.5294	2.1139	1.2518	2.0253	Noun	129	1	3.4058	3	55.86	8	0	1	low	low3	4	40	1	2	41	42	43	44	
6574	6573	fisherman	24468	221	145	186	126	4.3333	2.3464	1.7287	2.1644	Noun	220	1	3.6382	3	51.63	9	1	1	low	low3	4	40	1	2	41	42	43	44	
14579	14578	rendezvous	53899	312	223	291	209	6.1176	2.4955	2.6586	2.3502	Noun	240	0.76923	3.7874	3	56.11	10	0	1	high	high3	2	20	1	2	21	22	23	24	
7301	7300	gentleman	27027	2135	1254	2030	1212	41.8627	3.3296	14.9499	3.0986	Noun	2126	1	4.6214	3	28.38	9	1	1	high	high3	2	20	1	2	21	22	23	24	
15109	15108	rut	55994	78	44	74	42	1.5294	1.8976	0.52456	1.6532	Noun	73	0.9359	3.1895	1	8	3	17	1	low	low1	3	30	1	2	31	32	33	34	
17664	17663	tenderness	65521	129	96	116	87	2.5294	2.1139	1.1445	1.9868	Noun	129	1	3.4058	3	57.89	10	0	1	low	low3	4	40	1	2	41	42	43	44	
16201	16200	slime	59848	141	106	126	101	2.7647	2.1523	1.2637	2.0294	Noun	127	0.90071	3.4441	1	27.25	5	3	1	low	low1	3	30	1	2	31	32	33	34	
8785	8784	immigrant	32213	79	61	79	61	1.549	1.9031	0.72723	1.7924	Noun	60	0.75949	3.1949	3	51.75	9	0	1	low	low3	4	40	1	2	41	42	43	44	
13650	13649	pretender	50077	94	37	54	35	1.8431	1.9777	0.44111	1.5798	Noun	91	0.96809	3.2696	3	79.13	9	1	1	low	low3	4	40	1	2	41	42	43	44	
14525	14524	reign	53534	159	134	143	128	3.1176	2.2041	1.5975	2.1303	Noun	116	0.725	3.496	1	16.25	5	2	1	low	low1	3	30	1	2	31	32	33	34	
4128	4127	creation	15062	310	247	282	234	6.0784	2.4928	2.9447	2.3945	Noun	310	1	3.7846	3	118.57	8	0	1	high	high3	2	20	1	2	21	22	23	24	
880	879	attention	3749	5032	3000	3854	2620	98.6667	3.7018	35.7654	3.4773	Noun	5016	1	4.9937	3	112	9	0	1	high	high3	2	20	1	2	21	22	23	24	
10519	10518	management	38829	594	423	506	382	11.6471	2.7745	5.0429	2.6274	Noun	591	0.99831	4.0664	3	49.11	10	0	1	high	high3	2	20	1	2	21	22	23	24	
18940	18939	volcano	71619	170	108	161	101	3.3333	2.233	1.2876	2.0374	Noun	169	1	3.5248	3	26.83	7	0	1	low	low3	4	40	1	2	41	42	43	44	
554	553	aorta	2598	78	50	75	48	1.5294	1.8976	0.59609	1.7076	Noun	77	0.98718	3.1895	3	23	5	0	1	low	low3	4	40	1	2	41	42	43	44	
597	596	appetite	2746	456	389	450	384	8.9412	2.6599	4.6376	2.5911	Noun	456	1	3.9518	3	87.29	8	0	1	high	high3	2	20	1	2	21	22	23	24	
6611	6610	flake	24598	89	68	84	65	1.7451	1.9542	0.81068	1.8388	Noun	67	0.75281	3.2461	1	35.75	5	4	1	low	low1	3	30	1	2	31	32	33	34	
8487	8486	hoop	31020	137	93	120	87	2.6863	2.1399	1.1087	1.9731	Noun	121	0.88971	3.4317	1	30.33	4	6	1	low	low1	3	30	1	2	31	32	33	34	
4949	4948	dimension	18224	236	133	226	133	4.6275	2.3747	1.5856	2.1271	Noun	234	1	3.6666	3	89.13	9	0	1	high	high3	2	20	1	2	21	22	23	24	
13484	13483	possession	49359	680	522	630	493	13.3333	2.8331	6.2232	2.7185	Noun	593	0.87592	4.125	3	88.67	10	0	1	high	high3	2	20	1	2	21	22	23	24	
16593	16592	spleen	61492	131	91	113	84	2.5686	2.1206	1.0849	1.9638	Noun	131	1	3.4124	1	40.2	6	0	1	low	low1	3	30	1	2	31	32	33	34	
7758	7757	grunt	28658	113	87	104	84	2.2157	2.0569	1.0372	1.9445	Noun	62	0.54867	3.3487	1	36.75	5	3	1	low	low1	3	30	1	2	31	32	33	34	
16429	16428	sorcerer	60862	87	39	75	36	1.7059	1.9445	0.46495	1.6021	Noun	79	0.90805	3.2363	3	99.71	8	0	1	low	low3	4	40	1	2	41	42	43	44	
7808	7807	guilt	28765	760	574	706	552	14.902	2.8814	6.8431	2.7597	Noun	762	1	4.1732	1	25.25	5	4	1	high	high1	1	10	1	2	11	12	13	14	
7130	7129	gall	26526	101	82	92	77	1.9804	2.0086	0.97759	1.9191	Noun	87	0.86139	3.3004	1	34.67	4	14	1	low	low1	3	30	1	2	31	32	33	34	
11105	11104	miracle	40822	1359	871	1258	827	26.6471	3.1335	10.3839	2.9405	Noun	1354	0.99779	4.4254	3	48	7	0	1	high	high3	2	20	1	2	21	22	23	24	
17602	17601	teen	65311	209	131	126	93	4.098	2.3222	1.5618	2.1206	Noun	204	0.97608	3.6141	1	27	4	7	1	low	low1	3	30	1	2	31	32	33	34	
5009	5008	disaster	18462	881	684	848	664	17.2745	2.9455	8.1545	2.8357	Noun	876	0.99772	4.2373	3	100.14	8	0	1	high	high3	2	20	1	2	21	22	23	24	
14047	14046	quad	51533	79	53	53	43	1.549	1.9031	0.63186	1.7324	Noun	77	0.98718	3.1949	1	7	4	2	1	low	low1	3	30	1	2	31	32	33	34	
3837	3836	convention	14018	629	331	509	265	12.3333	2.7993	3.9461	2.5211	Noun	626	0.99523	4.0912	3	159	10	2	1	high	high3	2	20	1	2	21	22	23	24	
17830	17829	thud	66187	99	72	68	52	1.9412	2	0.85837	1.8633	Noun	80	0.81633	3.2918	1	8.67	4	2	1	low	low1	3	30	1	2	31	32	33	34	
17772	17771	thief	65964	1238	704	1143	670	24.2745	3.0931	8.3929	2.8482	Noun	1236	1	4.3849	1	26	5	1	1	high	high1	1	10	1	2	11	12	13	14	
15148	15147	safari	56119	106	70	83	61	2.0784	2.0294	0.83453	1.8513	Noun	104	1	3.3212	3	23.4	6	0	1	low	low3	4	40	1	2	41	42	43	44	
557	556	apartment	2610	4235	1774	4152	1755	83.0392	3.627	21.1493	3.2492	Noun	4230	1	4.9188	3	52.63	9	0	1	high	high3	2	20	1	2	21	22	23	24	
9957	9956	liaison	37071	139	106	130	100	2.7255	2.1461	1.2637	2.0294	Noun	139	1	3.438	3	32.5	7	0	1	low	low3	4	40	1	2	41	42	43	44	
12864	12863	performer	47288	123	100	121	99	2.4118	2.0934	1.1922	2.0043	Noun	123	1	3.3853	3	49.38	9	1	1	low	low3	4	40	1	2	41	42	43	44	
2549	2548	camouflage	9174	94	77	76	64	1.8431	1.9777	0.91798	1.8921	Noun	64	0.68817	3.2696	3	17.56	10	0	1	low	low3	4	40	1	2	41	42	43	44	
6504	6503	finale	24288	125	87	115	78	2.451	2.1004	1.0372	1.9445	Noun	124	1	3.3922	3	73.2	6	1	1	low	low3	4	40	1	2	41	42	43	44	
