numid|f	X|f	Word|s	Unnamed|f	FREQcount|f	Cdcount|f	FREQlow|f	Cdlow|f	SUBLTLWF|f	Lg10WF|f	SUBTLCD|f	Lg10CD|f	Dom_PoS_SUBTLEX|s	Freq_dom_PoS_SUBTLEX|f	Percentage_dom_PoS|f	Zipfvalue|f	cmu_sylls|f	BF_TP|f	LEN_L|f	N|f	Zipfvalue_incl|f	Zipfvalue_cat|s	cond_name|s	cond_code|f	trigger_code|f	len|f	corr_resp|f	fix_code|f	word_code|f	delay_code|f	audioresp_code|f	
5805	5804	engineer	21603	596	326	485	303	11.6863	2.776	3.8865	2.5145	Noun	562	0.95254	4.0678	3	66.14	8	0	1	high	high3	2	20	1	2	21	22	23	24	
16224	16223	slot	59950	280	204	267	198	5.4902	2.4487	2.432	2.3118	Noun	270	0.97473	3.7405	1	21	4	15	1	high	high1	1	10	1	2	11	12	13	14	
10980	10979	midst	40480	175	157	167	156	3.4314	2.2455	1.8717	2.1987	Noun	174	1	3.5373	1	22.5	5	1	1	low	low1	3	30	1	2	31	32	33	34	
16837	16836	stench	62329	113	91	101	90	2.2157	2.0569	1.0849	1.9638	Noun	113	1	3.3487	1	46.8	6	0	1	low	low1	3	30	1	2	31	32	33	34	
14511	14510	register	53440	561	423	543	409	11	2.7497	5.0429	2.6274	Noun	359	0.64107	4.0416	3	117.29	8	0	1	high	high3	2	20	1	2	21	22	23	24	
14329	14328	reaction	52475	830	653	803	638	16.2745	2.9196	7.7849	2.8156	Noun	831	1	4.2114	3	125.86	8	0	1	high	high3	2	20	1	2	21	22	23	24	
15458	15457	scrap	57162	223	170	196	160	4.3725	2.3502	2.0267	2.233	Noun	169	0.75785	3.6421	1	15.5	5	2	1	low	low1	3	30	1	2	31	32	33	34	
16967	16966	strap	62830	263	217	221	190	5.1569	2.4216	2.587	2.3385	Noun	190	0.72243	3.7134	1	26.25	5	4	1	high	high1	1	10	1	2	11	12	13	14	
13292	13291	plunge	48759	114	101	108	96	2.2353	2.0607	1.2041	2.0086	Noun	61	0.53509	3.3525	1	33.2	6	0	1	low	low1	3	30	1	2	31	32	33	34	
12149	12148	optimist	44707	78	73	77	72	1.5294	1.8976	0.87029	1.8692	Noun	78	1	3.1895	3	50.29	8	1	1	low	low3	4	40	1	2	41	42	43	44	
11987	11986	objective	44089	359	270	348	266	7.0392	2.5563	3.2189	2.433	Noun	229	0.63611	3.8481	3	73.38	9	0	1	high	high3	2	20	1	2	21	22	23	24	
18026	18025	torch	66889	254	196	220	176	4.9804	2.4065	2.3367	2.2945	Noun	252	0.99213	3.6984	1	40.75	5	2	1	high	high1	1	10	1	2	11	12	13	14	
6128	6127	expression	23043	651	549	649	547	12.7647	2.8142	6.5451	2.7404	Noun	650	1	4.1061	3	98.67	10	0	1	high	high3	2	20	1	2	21	22	23	24	
9293	9292	job	34925	21063	5983	20853	5957	413	4.3235	71.3281	3.777	Noun	21043	0.99995	5.6154	1	7	3	14	1	high	high1	1	10	1	2	11	12	13	14	
7008	7007	fringe	26040	85	69	71	63	1.6667	1.9345	0.8226	1.8451	Noun	85	1	3.2263	1	52	6	2	1	low	low1	3	30	1	2	31	32	33	34	
3713	3712	conclusion	13241	465	404	455	397	9.1176	2.6684	4.8164	2.6075	Noun	464	1	3.9602	3	110	10	0	1	high	high3	2	20	1	2	21	22	23	24	
13809	13808	property	50655	1698	1104	1636	1074	33.2941	3.2302	13.1617	3.0434	Noun	1694	1	4.522	3	80	8	1	1	high	high3	2	20	1	2	21	22	23	24	
7242	7241	gaze	26869	129	103	110	90	2.5294	2.1139	1.2279	2.017	Noun	126	0.97674	3.4058	1	12.67	4	10	1	low	low1	3	30	1	2	31	32	33	34	
10217	10216	log	37754	610	397	555	370	11.9608	2.786	4.733	2.5999	Noun	534	0.87685	4.0779	1	7.5	3	16	1	high	high1	1	10	1	2	11	12	13	14	
13811	13810	prophecy	50658	321	118	307	114	6.2941	2.5079	1.4068	2.0755	Noun	319	0.99687	3.7997	3	56.57	8	1	1	high	high3	2	20	1	2	21	22	23	24	
5591	5590	ecstasy	20638	162	120	115	90	3.1765	2.2122	1.4306	2.0828	Noun	162	1	3.504	3	33.67	7	0	1	low	low3	4	40	1	2	41	42	43	44	
2944	2943	century	10375	1063	727	950	663	20.8431	3.0269	8.6671	2.8621	Noun	1065	1	4.3188	3	54.33	7	0	1	high	high3	2	20	1	2	21	22	23	24	
17149	17148	suede	63552	92	53	88	51	1.8039	1.9685	0.63186	1.7324	Noun	92	1	3.2603	1	16.75	5	1	1	low	low1	3	30	1	2	31	32	33	34	
6134	6133	extension	23083	275	221	254	208	5.3922	2.4409	2.6347	2.3464	Noun	275	1	3.7327	3	89.38	9	0	1	high	high3	2	20	1	2	21	22	23	24	
9180	9179	itch	34458	213	155	211	154	4.1765	2.3304	1.8479	2.1931	Noun	145	0.68075	3.6222	1	4.33	4	1	1	low	low1	3	30	1	2	31	32	33	34	
11944	11943	nun	43944	355	175	331	163	6.9608	2.5514	2.0863	2.2455	Noun	354	1	3.8433	1	6	3	10	1	high	high1	1	10	1	2	11	12	13	14	
17272	17271	surgery	64048	1651	768	1514	749	32.3725	3.218	9.1559	2.8859	Noun	1648	1	4.5098	3	104.5	7	0	1	high	high3	2	20	1	2	21	22	23	24	
3633	3632	commodore	12869	184	29	6	4	3.6078	2.2672	0.34573	1.4771	Noun	184	1	3.559	3	65	9	0	1	low	low3	4	40	1	2	41	42	43	44	
16202	16201	sling	59862	117	103	104	92	2.2941	2.0719	1.2279	2.017	Noun	88	0.75214	3.3637	1	47.75	5	8	1	low	low1	3	30	1	2	31	32	33	34	
18521	18520	underpants	69070	150	102	130	92	2.9412	2.179	1.216	2.0128	Noun	143	0.95333	3.4708	3	70.44	10	0	1	low	low3	4	40	1	2	41	42	43	44	
19294	19293	wilderness	72996	201	145	174	137	3.9412	2.3054	1.7287	2.1644	Noun	196	0.97512	3.5972	3	49.22	10	0	1	low	low3	4	40	1	2	41	42	43	44	
17493	17492	tank	64942	1306	674	1122	643	25.6078	3.1163	8.0353	2.8293	Noun	1256	0.96319	4.4081	1	30.33	4	12	1	high	high1	1	10	1	2	11	12	13	14	
1193	1192	barbecue	4787	456	272	408	256	8.9412	2.6599	3.2427	2.4362	Noun	366	0.80617	3.9518	3	40.29	8	0	1	high	high3	2	20	1	2	21	22	23	24	
6325	6324	fax	23741	357	230	320	214	7	2.5539	2.742	2.3636	Noun	195	0.54775	3.8457	1	5	3	12	1	high	high1	1	10	1	2	11	12	13	14	
11094	11093	mint	40797	277	204	201	159	5.4314	2.444	2.432	2.3118	Noun	169	0.62593	3.7359	1	32.67	4	10	1	high	high1	1	10	1	2	11	12	13	14	
18339	18338	trunk	67993	1010	561	985	553	19.8039	3.0048	6.6881	2.7497	Noun	1010	0.99901	4.2966	1	33.5	5	2	1	high	high1	1	10	1	2	11	12	13	14	
11331	11330	moor	41611	101	23	82	14	1.9804	2.0086	0.2742	1.3802	Noun	105	0.97222	3.3004	1	26.33	4	6	1	low	low1	3	30	1	2	31	32	33	34	
1661	1660	bleep	6499	136	53	129	51	2.6667	2.1367	0.63186	1.7324	Noun	126	0.93333	3.4286	1	27.5	5	2	1	low	low1	3	30	1	2	31	32	33	34	
8322	8321	hike	30478	333	252	276	228	6.5294	2.5237	3.0043	2.4031	Noun	232	0.6988	3.8156	1	13.33	4	8	1	high	high1	1	10	1	2	11	12	13	14	
13138	13137	pit	48343	674	450	602	419	13.2157	2.8293	5.3648	2.6542	Noun	649	0.96721	4.1211	1	8	3	18	1	high	high1	1	10	1	2	11	12	13	14	
