numid|f	X|f	Word|s	Unnamed|f	FREQcount|f	Cdcount|f	FREQlow|f	Cdlow|f	SUBLTLWF|f	Lg10WF|f	SUBTLCD|f	Lg10CD|f	Dom_PoS_SUBTLEX|s	Freq_dom_PoS_SUBTLEX|f	Percentage_dom_PoS|f	Zipfvalue|f	cmu_sylls|f	BF_TP|f	LEN_L|f	N|f	Zipfvalue_incl|f	Zipfvalue_cat|s	cond_name|s	cond_code|f	trigger_code|f	len|f	corr_resp|f	fix_code|f	word_code|f	delay_code|f	audioresp_code|f	
10683	10682	massacre	39357	202	140	155	117	3.9608	2.3075	1.6691	2.1492	Noun	163	0.815	3.5993	3	35.86	8	0	1	low	low3	4	40	1	2	41	42	43	44	
1620	1619	bitterness	6301	72	68	71	67	1.4118	1.8633	0.81068	1.8388	Noun	72	1	3.1552	3	51.33	10	0	1	low	low3	4	40	1	2	41	42	43	44	
6369	6368	fellowship	23889	150	83	127	73	2.9412	2.179	0.98951	1.9243	Noun	150	1	3.4708	3	22.44	10	0	1	low	low3	4	40	1	2	41	42	43	44	
5364	5363	drift	19952	327	255	284	236	6.4118	2.5159	3.0401	2.4082	Noun	174	0.53211	3.8077	1	31.75	5	1	1	high	high1	1	10	1	2	11	12	13	14	
17316	17315	swat	64256	196	105	21	20	3.8431	2.2945	1.2518	2.0253	Noun	87	0.44388	3.5863	1	13.67	4	9	1	low	low1	3	30	1	2	31	32	33	34	
7946	7945	hamburger	29235	397	247	340	221	7.7843	2.5999	2.9447	2.3945	Noun	380	0.96203	3.8917	3	38.75	9	0	1	high	high3	2	20	1	2	21	22	23	24	
18113	18112	tract	67153	73	56	71	54	1.4314	1.8692	0.66762	1.7559	Noun	70	0.9589	3.1611	1	41.75	5	3	1	low	low1	3	30	1	2	31	32	33	34	
3502	3501	coin	12451	497	287	475	274	9.7451	2.6972	3.4216	2.4594	Noun	472	0.9497	3.9891	1	23	4	5	1	high	high1	1	10	1	2	11	12	13	14	
3700	3699	conception	13199	106	90	87	81	2.0784	2.0294	1.073	1.959	Noun	106	1	3.3212	3	147.22	10	0	1	low	low3	4	40	1	2	41	42	43	44	
19033	19032	wand	71931	157	74	152	73	3.0784	2.1987	0.88221	1.8751	Noun	155	1	3.4905	1	34	4	9	1	low	low1	3	30	1	2	31	32	33	34	
7738	7737	grove	28588	197	101	59	40	3.8627	2.2967	1.2041	2.0086	Noun	170	0.86294	3.5885	1	39.25	5	5	1	low	low1	3	30	1	2	31	32	33	34	
381	380	ammonia	1934	76	49	60	44	1.4902	1.8865	0.58417	1.699	Noun	76	1	3.1783	3	15.83	7	0	1	low	low3	4	40	1	2	41	42	43	44	
14822	14821	ridge	55066	361	193	191	137	7.0784	2.5587	2.3009	2.2878	Noun	348	0.96667	3.8505	1	26.5	5	1	1	high	high1	1	10	1	2	11	12	13	14	
4902	4901	dice	18014	533	295	507	280	10.451	2.7275	3.5169	2.4713	Noun	533	1	4.0194	1	17.67	4	11	1	high	high1	1	10	1	2	11	12	13	14	
7211	7210	gasp	26765	88	60	82	55	1.7255	1.9494	0.71531	1.7853	Noun	45	0.50562	3.2412	1	20.67	4	3	1	low	low1	3	30	1	2	31	32	33	34	
12137	12136	opponent	44665	240	182	239	182	4.7059	2.382	2.1698	2.2625	Noun	239	1	3.6739	3	55.86	8	0	1	high	high3	2	20	1	2	21	22	23	24	
14534	14533	relation	53664	210	165	204	161	4.1176	2.3243	1.9671	2.2201	Noun	171	0.81043	3.6161	3	122.86	8	0	1	low	low3	4	40	1	2	41	42	43	44	
17008	17007	strife	62966	85	67	63	55	1.6667	1.9345	0.79876	1.8325	Noun	84	1	3.2263	1	48	6	4	1	low	low1	3	30	1	2	31	32	33	34	
4076	4075	crab	14861	352	188	241	150	6.902	2.5478	2.2413	2.2765	Noun	339	0.96307	3.8396	1	14.67	4	6	1	high	high1	1	10	1	2	11	12	13	14	
6683	6682	fling	24849	180	129	157	122	3.5294	2.2577	1.5379	2.1139	Noun	128	0.71111	3.5495	1	48	5	4	1	low	low1	3	30	1	2	31	32	33	34	
10919	10918	meteor	40250	180	68	163	62	3.5294	2.2577	0.81068	1.8388	Noun	179	0.99444	3.5495	3	34.2	6	0	1	low	low3	4	40	1	2	41	42	43	44	
357	356	ambition	1846	273	233	257	221	5.3529	2.4378	2.7778	2.3692	Noun	273	1	3.7296	3	82.29	8	0	1	high	high3	2	20	1	2	21	22	23	24	
6383	6382	fence	23922	819	552	803	544	16.0588	2.9138	6.5808	2.7427	Noun	765	0.93635	4.2056	1	28.75	5	2	1	high	high1	1	10	1	2	11	12	13	14	
15352	15351	scar	56806	432	307	385	301	8.4706	2.6365	3.66	2.4886	Noun	343	0.79582	3.9283	1	10	4	5	1	high	high1	1	10	1	2	11	12	13	14	
4858	4857	devotion	17866	211	182	205	177	4.1373	2.3263	2.1698	2.2625	Noun	211	1	3.6182	3	98.29	8	1	1	low	low3	4	40	1	2	41	42	43	44	
11643	11642	nausea	42681	110	89	93	78	2.1569	2.0453	1.061	1.9542	Noun	110	1	3.3372	3	36.8	6	0	1	low	low3	4	40	1	2	41	42	43	44	
16917	16916	stone	62638	2072	938	1158	737	40.6275	3.3166	11.1826	2.9727	Noun	1761	0.85155	4.6084	1	40	5	8	1	high	high1	1	10	1	2	11	12	13	14	
18532	18531	underworld	69160	181	123	159	114	3.549	2.2601	1.4664	2.0934	Noun	181	1	3.5519	3	47.11	10	0	1	low	low3	4	40	1	2	41	42	43	44	
4148	4147	creep	15105	573	432	531	410	11.2353	2.7589	5.1502	2.6365	Noun	369	0.64623	4.0507	1	35.75	5	3	1	high	high1	1	10	1	2	11	12	13	14	
166	165	aid	1276	709	496	613	448	13.902	2.8513	5.9132	2.6964	Noun	604	0.85311	4.1431	1	6	3	12	1	high	high1	1	10	1	2	11	12	13	14	
729	728	arrogance	3206	144	128	136	123	2.8235	2.1614	1.526	2.1106	Noun	144	1	3.4532	3	38.88	9	0	1	low	low3	4	40	1	2	41	42	43	44	
14677	14676	residue	54370	140	103	134	101	2.7451	2.1492	1.2279	2.017	Noun	140	1	3.4411	3	54	7	0	1	low	low3	4	40	1	2	41	42	43	44	
9718	9717	lard	36364	86	65	68	59	1.6863	1.9395	0.77492	1.8195	Noun	82	0.95349	3.2314	1	36	4	11	1	low	low1	3	30	1	2	31	32	33	34	
19095	19094	wasp	72107	73	43	41	23	1.4314	1.8692	0.51264	1.6435	Noun	73	1	3.1611	1	24.33	4	6	1	low	low1	3	30	1	2	31	32	33	34	
10164	10163	loaf	37623	228	162	224	159	4.4706	2.3598	1.9313	2.2122	Noun	207	0.90789	3.6517	1	20	4	4	1	high	high1	1	10	1	2	11	12	13	14	
5749	5748	employer	21322	274	206	272	204	5.3725	2.4393	2.4559	2.316	Noun	270	0.99631	3.7312	3	47.57	8	2	1	high	high3	2	20	1	2	21	22	23	24	
3732	3731	conductor	13327	155	107	122	91	3.0392	2.1931	1.2756	2.0334	Noun	155	1	3.485	3	68.88	9	0	1	low	low3	4	40	1	2	41	42	43	44	
2394	2393	buttercup	8744	121	44	37	23	2.3725	2.0864	0.52456	1.6532	Noun	116	0.96667	3.3782	3	45.38	9	0	1	low	low3	4	40	1	2	41	42	43	44	
14409	14408	recording	52955	748	371	712	353	14.6667	2.8745	4.423	2.5705	Noun	552	0.73797	4.1663	3	230.5	9	0	1	high	high3	2	20	1	2	21	22	23	24	
16447	16446	soul	60919	3925	2041	3768	1994	76.9608	3.594	24.3324	3.3101	Noun	3881	0.99056	4.8858	1	17	4	4	1	high	high1	1	10	1	2	11	12	13	14	
