numid|f	X|f	Word|s	Unnamed|f	FREQcount|f	Cdcount|f	FREQlow|f	Cdlow|f	SUBLTLWF|f	Lg10WF|f	SUBTLCD|f	Lg10CD|f	Dom_PoS_SUBTLEX|s	Freq_dom_PoS_SUBTLEX|f	Percentage_dom_PoS|f	Zipfvalue|f	cmu_sylls|f	BF_TP|f	LEN_L|f	N|f	Zipfvalue_incl|f	Zipfvalue_cat|s	cond_name|s	cond_code|f	trigger_code|f	len|f	corr_resp|f	fix_code|f	word_code|f	delay_code|f	audioresp_code|f	
12897	12896	personnel	47498	835	534	773	501	16.3725	2.9222	6.3662	2.7284	Noun	833	0.9976	4.214	3	42.5	9	0	1	high	high3	2	20	1	2	21	22	23	24	
6613	6612	flame	24610	461	323	413	301	9.0392	2.6646	3.8507	2.5105	Noun	440	0.95652	3.9565	1	36.25	5	4	1	high	high1	1	10	1	2	11	12	13	14	
8107	8106	haze	29765	77	47	43	37	1.5098	1.8921	0.56032	1.6812	Noun	64	0.83117	3.1839	1	15.67	4	10	1	low	low1	3	30	1	2	31	32	33	34	
16981	16980	streak	62865	295	213	253	202	5.7843	2.4713	2.5393	2.3304	Noun	275	0.94502	3.7631	1	45.4	6	1	1	high	high1	1	10	1	2	11	12	13	14	
15251	15250	sap	56458	178	132	171	128	3.4902	2.2529	1.5737	2.1239	Noun	162	0.90503	3.5447	1	9	3	19	1	low	low1	3	30	1	2	31	32	33	34	
1901	1900	boot	7251	568	374	484	350	11.1373	2.7551	4.4588	2.574	Noun	382	0.67135	4.0469	1	34.67	4	17	1	high	high1	1	10	1	2	11	12	13	14	
5616	5615	eel	20722	73	52	64	50	1.4314	1.8692	0.61993	1.7243	Noun	72	1	3.1611	1	1.5	3	1	1	low	low1	3	30	1	2	31	32	33	34	
15072	15071	rum	55874	382	204	280	169	7.4902	2.5832	2.432	2.3118	Noun	369	0.9685	3.875	1	6	3	12	1	high	high1	1	10	1	2	11	12	13	14	
17816	17815	throne	66149	441	232	428	229	8.6471	2.6454	2.7659	2.3674	Noun	444	1	3.9373	1	38.6	6	1	1	high	high1	1	10	1	2	11	12	13	14	
15130	15129	sack	56053	659	504	586	488	12.9216	2.8195	6.0086	2.7033	Noun	551	0.83739	4.1114	1	30	4	14	1	high	high1	1	10	1	2	11	12	13	14	
5558	5557	ease	20521	974	718	842	635	19.098	2.989	8.5598	2.8567	Noun	520	0.53443	4.2808	1	20.33	4	6	1	high	high1	1	10	1	2	11	12	13	14	
11708	11707	nerd	42966	168	99	144	92	3.2941	2.2279	1.1803	2	Noun	166	0.99401	3.5197	1	15.67	4	2	1	low	low1	3	30	1	2	31	32	33	34	
11076	11075	minister	40759	941	395	515	273	18.451	2.9741	4.7091	2.5977	Noun	891	0.94687	4.2659	3	100.29	8	1	1	high	high3	2	20	1	2	21	22	23	24	
16716	16715	stain	61987	316	242	307	237	6.1961	2.5011	2.8851	2.3856	Noun	253	0.80063	3.7929	1	37.5	5	5	1	high	high1	1	10	1	2	11	12	13	14	
7202	7201	gas	26745	3457	1607	3216	1540	67.7843	3.5388	19.1583	3.2063	Noun	3412	0.98784	4.8307	1	5	3	8	1	high	high1	1	10	1	2	11	12	13	14	
7578	7577	graft	28057	84	49	79	48	1.6471	1.9294	0.58417	1.699	Noun	71	0.84524	3.2213	1	36.5	5	3	1	low	low1	3	30	1	2	31	32	33	34	
16518	16517	specialist	61182	264	220	240	203	5.1765	2.4232	2.6228	2.3444	Noun	260	0.98485	3.7151	3	41.11	10	1	1	high	high3	2	20	1	2	21	22	23	24	
10043	10042	limb	37301	238	195	237	194	4.6667	2.3784	2.3247	2.2923	Noun	238	1	3.6702	1	15	4	3	1	high	high1	1	10	1	2	11	12	13	14	
384	383	amnesia	1939	189	112	162	99	3.7059	2.2788	1.3352	2.0531	Noun	189	1	3.5706	3	14	7	0	1	low	low3	4	40	1	2	41	42	43	44	
10119	10118	listener	37496	72	71	72	71	1.4118	1.8633	0.84645	1.8573	Noun	72	1	3.1552	3	100.43	8	1	1	low	low3	4	40	1	2	41	42	43	44	
8913	8912	infection	33109	446	296	433	294	8.7451	2.6503	3.5289	2.4728	Noun	445	1	3.9421	3	121.75	9	1	1	high	high3	2	20	1	2	21	22	23	24	
13562	13561	prank	49630	204	152	199	151	4	2.3118	1.8121	2.1847	Noun	205	1	3.6036	1	45.75	5	4	1	low	low1	3	30	1	2	31	32	33	34	
8590	8589	hub	31365	156	61	63	50	3.0588	2.1959	0.72723	1.7924	Noun	137	0.87821	3.4877	1	7	3	13	1	low	low1	3	30	1	2	31	32	33	34	
12885	12884	permission	47395	1587	1063	1382	983	31.1176	3.2009	12.6729	3.0269	Noun	1587	1	4.4927	3	92.89	10	0	1	high	high3	2	20	1	2	21	22	23	24	
3845	3844	conviction	14065	303	237	295	233	5.9412	2.4829	2.8255	2.3766	Noun	302	1	3.7747	3	157.33	10	1	1	high	high3	2	20	1	2	21	22	23	24	
6374	6373	felony	23897	285	224	262	213	5.5882	2.4564	2.6705	2.3522	Noun	272	0.96797	3.7482	3	31.8	6	1	1	high	high3	2	20	1	2	21	22	23	24	
4291	4290	cubicle	15603	131	62	123	60	2.5686	2.1206	0.73915	1.7993	Noun	130	0.99237	3.4124	3	42.33	7	1	1	low	low3	4	40	1	2	41	42	43	44	
15260	15259	sarcasm	56488	146	129	126	114	2.8627	2.1673	1.5379	2.1139	Noun	146	1	3.4592	3	49.33	7	0	1	low	low3	4	40	1	2	41	42	43	44	
3801	3800	container	13808	219	144	210	141	4.2941	2.3424	1.7167	2.1614	Noun	219	1	3.6343	3	95.75	9	1	1	low	low3	4	40	1	2	41	42	43	44	
16862	16861	stew	62427	328	212	267	199	6.4314	2.5172	2.5274	2.3284	Noun	291	0.8872	3.809	1	10.33	4	5	1	high	high1	1	10	1	2	11	12	13	14	
12504	12503	pantyhose	46147	87	61	77	55	1.7059	1.9445	0.72723	1.7924	Noun	68	0.78161	3.2363	3	33.25	9	0	1	low	low3	4	40	1	2	41	42	43	44	
16315	16314	snitch	60356	161	110	142	100	3.1569	2.2095	1.3114	2.0453	Noun	110	0.68323	3.5013	1	24.2	6	3	1	low	low1	3	30	1	2	31	32	33	34	
10534	10533	maneuver	38871	143	113	135	110	2.8039	2.1584	1.3472	2.0569	Noun	87	0.61702	3.4502	3	64.86	8	0	1	low	low3	4	40	1	2	41	42	43	44	
15735	15734	shack	58167	288	196	232	160	5.6471	2.4609	2.3367	2.2945	Noun	284	0.9827	3.7527	1	43	5	8	1	high	high1	1	10	1	2	11	12	13	14	
2845	2844	cathedral	10070	190	99	118	72	3.7255	2.281	1.1803	2	Noun	190	1	3.5729	3	37.5	9	0	1	low	low3	4	40	1	2	41	42	43	44	
16398	16397	solution	60725	807	636	788	628	15.8235	2.9074	7.5823	2.8041	Noun	808	1	4.1992	3	86.29	8	0	1	high	high3	2	20	1	2	21	22	23	24	
3226	3225	chute	11489	184	116	181	115	3.6078	2.2672	1.3829	2.0682	Noun	174	0.97207	3.559	1	27.75	5	0	1	low	low1	3	30	1	2	31	32	33	34	
10423	10422	magician	38525	390	191	372	187	7.6471	2.5922	2.2771	2.2833	Noun	382	0.99479	3.884	3	42.57	8	0	1	high	high3	2	20	1	2	21	22	23	24	
15224	15223	samurai	56351	160	70	103	51	3.1373	2.2068	0.83453	1.8513	Noun	159	1	3.4987	3	24.67	7	0	1	low	low3	4	40	1	2	41	42	43	44	
18454	18453	twin	68372	532	339	395	286	10.4314	2.7267	4.0415	2.5315	Noun	461	0.86654	4.0186	1	10.33	4	3	1	high	high1	1	10	1	2	11	12	13	14	
