numid|f	X|f	Word|s	Unnamed|f	FREQcount|f	Cdcount|f	FREQlow|f	Cdlow|f	SUBLTLWF|f	Lg10WF|f	SUBTLCD|f	Lg10CD|f	Dom_PoS_SUBTLEX|s	Freq_dom_PoS_SUBTLEX|f	Percentage_dom_PoS|f	Zipfvalue|f	cmu_sylls|f	BF_TP|f	LEN_L|f	N|f	Zipfvalue_incl|f	Zipfvalue_cat|s	
16701	16700	staff	61953	1632	987	1457	923	32	3.213	11.7668	2.9948	Noun	1603	0.98163	4.5048	1	30	5	2	1	high	
9329	9328	joy	35067	1456	923	1095	815	28.549	3.1635	11.0038	2.9657	Noun	1118	0.77317	4.4553	1	4.5	3	8	1	high	
7653	7652	greed	28316	245	192	212	173	4.8039	2.3909	2.289	2.2856	Noun	244	0.99592	3.6828	1	79.5	5	5	1	high	
5561	5560	east	20534	2527	1461	1027	721	49.549	3.4028	17.4177	3.1649	Noun	2359	0.93574	4.6946	1	26.67	4	10	1	high	
15062	15061	rug	55846	531	354	495	346	10.4118	2.7259	4.2203	2.5502	Noun	531	1	4.0177	1	8	3	16	1	high	
1402	1401	beep	5405	332	209	252	178	6.5098	2.5224	2.4917	2.3222	Noun	198	0.60366	3.8143	1	27.33	4	11	1	high	
5311	5310	draft	19781	371	300	351	287	7.2745	2.5705	3.5765	2.4786	Noun	303	0.81892	3.8624	1	33.75	5	3	1	high	
1991	1990	box	7514	4577	2353	4355	2296	89.7451	3.6607	28.052	3.3718	Noun	4388	0.95913	4.9525	1	6.5	3	11	1	high	
6797	6796	fool	25247	4556	2370	4311	2308	89.3333	3.6587	28.2546	3.3749	Noun	2789	0.61432	4.9505	1	27	4	10	1	high	
19286	19285	wig	72962	426	246	412	241	8.3529	2.6304	2.9328	2.3927	Noun	413	0.96948	3.9223	1	5.5	3	11	1	high	
16619	16618	sport	61611	1015	665	939	643	19.902	3.0069	7.928	2.8235	Noun	1015	0.99607	4.2987	1	29.25	5	5	1	high	
3308	3307	clay	11826	612	215	197	139	12	2.7875	2.5632	2.3345	Noun	432	0.70588	4.0793	1	15.67	4	7	1	high	
4517	4516	dawn	16328	1301	692	818	604	25.5098	3.1146	8.2499	2.8407	Noun	812	0.62414	4.4064	1	16.33	4	8	1	high	
15341	15340	scan	56771	480	306	423	277	9.4118	2.6821	3.6481	2.4871	Noun	282	0.5875	3.974	1	8.67	4	4	1	high	
15739	15738	shade	58176	304	252	283	244	5.9608	2.4843	3.0043	2.4031	Noun	295	0.97039	3.7761	1	35.25	5	8	1	high	
10118	10117	list	37492	4110	2176	4045	2151	80.5882	3.6139	25.9418	3.3379	Noun	3958	0.96537	4.9058	1	28	4	11	1	high	
3431	3430	coast	12204	1361	795	771	526	26.6863	3.1342	9.4778	2.9009	Noun	1355	0.99706	4.426	1	41.5	5	3	1	high	
10703	10702	match	39425	2521	1557	2416	1521	49.4314	3.4017	18.5622	3.1926	Noun	1609	0.63925	4.6936	1	45.25	5	7	1	high	
16099	16098	sketch	59475	252	159	242	154	4.9412	2.4031	1.8956	2.2041	Noun	200	0.79365	3.695	1	16.2	6	0	1	high	
11490	11489	mule	42077	358	213	323	202	7.0196	2.5551	2.5393	2.3304	Noun	357	1	3.8469	1	22	4	8	1	high	
16540	16539	speed	61268	2104	1260	1824	1153	41.2549	3.3233	15.0215	3.1007	Noun	1675	0.798	4.6151	1	73.25	5	3	1	high	
13164	13163	place	48415	30736	7279	30163	7246	602.6667	4.4877	86.7787	3.8621	Noun	28698	0.93381	5.7795	1	38.75	5	4	1	high	
16547	16546	spell	61286	1869	884	1798	855	36.6471	3.2718	10.5389	2.9469	Noun	1190	0.63704	4.5637	1	29.25	5	5	1	high	
4627	4626	deed	16749	475	273	444	267	9.3137	2.6776	3.2546	2.4378	Noun	448	1	3.9694	1	32.67	4	13	1	high	
13404	13403	pond	49098	323	207	269	182	6.3333	2.5105	2.4678	2.3181	Noun	319	0.99068	3.8024	1	27.33	4	4	1	high	
4574	4573	debt	16505	725	489	720	487	14.2157	2.8609	5.8298	2.6902	Noun	724	0.99862	4.1528	1	7.67	4	2	1	high	
7342	7341	gift	27230	3290	1877	3242	1856	64.5098	3.5173	22.3772	3.2737	Noun	3287	1	4.8092	1	10	4	5	1	high	
14190	14189	rag	52014	244	184	236	178	4.7843	2.3892	2.1936	2.2672	Noun	242	0.98776	3.681	1	10	3	20	1	high	
19400	19399	wood	73401	1377	754	1054	664	27	3.1392	8.989	2.8779	Noun	1079	0.79106	4.4311	1	26.67	4	8	1	high	
14973	14972	room	55546	22415	6251	21385	6167	439.5098	4.3506	74.5231	3.796	Noun	22338	0.99803	5.6424	1	29.33	4	9	1	high	
7526	7525	goose	27887	665	376	424	314	13.0392	2.8235	4.4826	2.5763	Noun	636	0.95928	4.1153	1	37.5	5	4	1	high	
9903	9902	length	36902	358	270	349	263	7.0196	2.5551	3.2189	2.433	Noun	337	0.94134	3.8469	1	36.2	6	0	1	high	
11953	11952	nut	43969	797	551	744	536	15.6275	2.902	6.5689	2.7419	Noun	762	0.95609	4.1938	1	6.5	3	14	1	high	
15183	15182	sale	56217	1295	915	1270	907	25.3922	3.1126	10.9084	2.9619	Noun	1288	0.9969	4.4044	1	29.67	4	17	1	high	
12971	12970	phone	47779	13756	4502	13087	4436	269.7255	4.1385	53.6719	3.6535	Noun	13225	0.96259	5.4304	1	25.5	5	3	1	high	
15066	15065	rule	55864	2455	1533	2194	1453	48.1373	3.3902	18.2761	3.1858	Noun	1777	0.72353	4.6821	1	23.33	4	5	1	high	
741	740	art	3236	3611	1601	2890	1422	70.8039	3.5577	19.0868	3.2047	Noun	3484	0.96832	4.8496	1	3	3	8	1	high	
7246	7245	gear	26883	816	559	779	553	16	2.9122	6.6643	2.7482	Noun	795	0.97546	4.2041	1	30	4	10	1	high	
17362	17361	sword	64449	1335	462	1245	436	26.1765	3.1258	5.5079	2.6656	Noun	1335	1	4.4176	1	20	5	3	1	high	
10168	10167	loan	37629	1013	580	937	555	19.8627	3.006	6.9146	2.7642	Noun	868	0.85856	4.2979	1	25.33	4	8	1	high	
8540	8539	host	31194	766	511	698	481	15.0196	2.8848	6.092	2.7093	Noun	656	0.85528	4.1766	1	28.33	4	8	1	high	
3983	3982	couch	14555	1197	792	1171	776	23.4706	3.0785	9.4421	2.8993	Noun	1184	0.99329	4.3703	1	48	5	6	1	high	
18379	18378	tune	68147	796	552	728	514	15.6078	2.9015	6.5808	2.7427	Noun	603	0.75754	4.1933	1	24	4	5	1	high	
4215	4214	crook	15319	289	196	265	186	5.6667	2.4624	2.3367	2.2945	Noun	285	1	3.7542	1	38.75	5	3	1	high	
12458	12457	palm	46011	675	435	344	274	13.2353	2.8299	5.186	2.6395	Noun	675	1	4.1218	1	24.67	4	5	1	high	
2043	2042	brass	7669	618	385	364	292	12.1176	2.7917	4.5899	2.5866	Noun	597	0.96916	4.0835	1	44.25	5	3	1	high	
11280	11279	monk	41444	376	150	239	124	7.3725	2.5763	1.7883	2.179	Noun	243	0.64628	3.8682	1	24.33	4	3	1	high	
4218	4217	crop	15332	248	178	232	173	4.8627	2.3962	2.1221	2.2529	Noun	233	0.94332	3.688	1	13	4	5	1	high	
7728	7727	group	28575	3762	2097	3033	1680	73.7647	3.5755	25	3.3218	Noun	3456	0.99827	4.8674	1	34.25	5	1	1	high	
15746	15745	shaft	58192	393	204	253	178	7.7059	2.5955	2.432	2.3118	Noun	368	0.93639	3.8873	1	28.75	5	2	1	high	
2633	2632	cap	9397	956	619	687	524	18.7451	2.9809	7.3796	2.7924	Noun	765	0.90426	4.2727	1	9.5	3	19	1	high	
19564	19563	youth	74060	858	600	747	536	16.8235	2.934	7.1531	2.7789	Noun	861	1	4.2258	1	27.75	5	2	1	high	
16195	16194	slick	59823	350	263	240	218	6.8627	2.5453	3.1354	2.4216	Noun	189	0.54155	3.8371	1	36.75	5	6	1	high	
218	217	aisle	1378	379	284	343	263	7.4314	2.5798	3.3858	2.4548	Noun	379	1	3.8716	1	17.5	5	0	1	high	
8152	8151	heap	29872	249	210	240	205	4.8824	2.3979	2.5036	2.3243	Noun	218	0.88259	3.6898	1	31.67	4	8	1	high	
12435	12434	pair	45926	1900	1357	1851	1341	37.2549	3.279	16.1779	3.1329	Noun	1877	0.98841	4.5708	1	24.67	4	7	1	high	
15511	15510	sea	57396	3052	1353	2548	1188	59.8431	3.4847	16.1302	3.1316	Noun	3058	0.99902	4.7766	1	5.5	3	10	1	high	
14292	14291	rat	52314	1663	941	1489	893	32.6078	3.2212	11.2184	2.9741	Noun	1542	0.93172	4.513	1	10.5	3	22	1	high	
17437	17436	tad	64730	238	148	138	126	4.6667	2.3784	1.7644	2.1732	Noun	238	1	3.6702	1	9	3	20	1	high	
3405	3404	club	12116	5038	2156	3698	1745	98.7843	3.7023	25.7034	3.3339	Noun	4959	0.99379	4.9942	1	11.33	4	2	1	high	
4507	4506	date	16285	7218	2987	7068	2947	141.5294	3.8585	35.6104	3.4754	Noun	6440	0.89086	5.1503	1	24.67	4	13	1	high	
17483	17482	tan	64909	439	280	318	255	8.6078	2.6435	3.3381	2.4487	Noun	251	0.57306	3.9353	1	8	3	17	1	high	
2105	2104	brick	7853	519	255	365	232	10.1765	2.716	3.0401	2.4082	Noun	494	0.95183	4.0078	1	43.5	5	5	1	high	
18084	18083	tow	67064	295	196	273	183	5.7843	2.4713	2.3367	2.2945	Noun	175	0.59322	3.7631	1	10.5	3	19	1	high	
16958	16957	strain	62800	361	291	354	287	7.0784	2.5587	3.4692	2.4654	Noun	278	0.77222	3.8505	1	50.4	6	2	1	high	
6192	6191	fact	23309	8801	4369	8649	4339	172.5686	3.9446	52.0863	3.6405	Noun	7423	0.84324	5.2364	1	16	4	5	1	high	
12032	12031	odds	44297	970	708	906	667	19.0196	2.9872	8.4406	2.8506	Noun	971	1	4.2791	1	8.67	4	1	1	high	
1704	1703	blood	6644	9492	3526	8698	3393	186.1176	3.9774	42.0362	3.5474	Noun	9460	0.99736	5.2692	1	33.25	5	4	1	high	
9821	9820	league	36660	950	607	576	391	18.6275	2.9782	7.2365	2.7839	Noun	936	0.9863	4.27	1	38.2	6	0	1	high	
17894	17893	tin	66443	441	269	270	220	8.6471	2.6454	3.207	2.4314	Noun	410	0.94253	3.9373	1	8	3	17	1	high	
5045	5044	dish	18688	584	443	568	431	11.451	2.7672	5.2814	2.6474	Noun	509	0.87009	4.059	1	20.67	4	5	1	high	
16118	16117	skin	59533	2246	1532	2148	1495	44.0392	3.3516	18.2642	3.1855	Noun	2114	0.94123	4.6434	1	11	4	7	1	high	
17991	17990	tongue	66762	1589	1117	1524	1093	31.1569	3.2014	13.3166	3.0484	Noun	1565	0.99051	4.4932	1	32	6	0	1	high	
1558	1557	bin	6111	274	167	208	144	5.3725	2.4393	1.9909	2.2253	Noun	231	0.84615	3.7312	1	8.5	3	18	1	high	
17935	17934	toad	66587	290	130	176	112	5.6863	2.4639	1.5498	2.1173	Noun	182	0.62759	3.7557	1	22.67	4	5	1	high	
11146	11145	miss	41025	23850	5432	8516	4163	467.6471	4.3775	64.7592	3.735	Noun	15492	0.64997	5.6693	1	19	4	7	1	high	
2867	2866	cause	10141	15812	4946	9988	4274	310.0392	4.199	58.9652	3.6943	Noun	13050	0.82689	5.4908	1	36.75	5	1	1	high	
11447	11446	mouth	41920	5325	3022	5133	2979	104.4118	3.7264	36.0277	3.4804	Noun	5292	0.9953	5.0182	1	38	5	3	1	high	
19475	19474	wreck	73648	697	518	677	506	13.6667	2.8439	6.1755	2.7152	Noun	506	0.72806	4.1357	1	29	5	2	1	high	
19139	19138	wealth	72275	324	241	310	233	6.3529	2.5119	2.8732	2.3838	Noun	325	0.99388	3.8037	1	36.8	6	1	1	high	
6330	6329	feast	23771	342	236	304	209	6.7059	2.5353	2.8135	2.3747	Noun	312	0.90962	3.8271	1	45.5	5	3	1	high	
4547	4546	deal	16421	13330	5231	12637	5123	261.3725	4.1249	62.3629	3.7187	Noun	9068	0.68099	5.4167	1	33.33	4	16	1	high	
7621	7620	grass	28200	856	550	797	531	16.7843	2.933	6.557	2.7412	Noun	852	0.99649	4.2248	1	46.5	5	7	1	high	
1840	1839	bone	7102	1329	855	1221	819	26.0588	3.1239	10.1931	2.9325	Noun	1288	0.97061	4.4157	1	30.33	4	15	1	high	
13034	13033	pier	48013	334	213	235	166	6.549	2.525	2.5393	2.3304	Noun	334	0.99701	3.8169	1	17	4	5	1	high	
10854	10853	men	39952	19011	4996	17450	4804	372.7647	4.279	59.5613	3.6987	Noun	18999	0.99984	5.5709	1	6.5	3	13	1	high	
13250	13249	plea	48600	349	215	345	211	6.8431	2.5441	2.5632	2.3345	Noun	339	0.97135	3.8359	1	9.67	4	2	1	high	
4252	4251	cruise	15465	626	395	506	323	12.2745	2.7973	4.7091	2.5977	Noun	489	0.78115	4.0891	1	44.2	6	1	1	high	
2046	2045	brat	7678	317	228	299	219	6.2157	2.5024	2.7182	2.3598	Noun	317	1	3.7943	1	20	4	8	1	high	
2366	2365	bush	8658	720	403	369	273	14.1176	2.8579	4.8045	2.6064	Noun	386	0.53611	4.1498	1	25	4	9	1	high	
10898	10897	mess	40167	3985	2614	3856	2560	78.1373	3.6005	31.1636	3.4175	Noun	2822	0.70833	4.8924	1	15.67	4	7	1	high	
10500	10499	mall	38766	964	426	855	398	18.902	2.9845	5.0787	2.6304	Noun	965	1	4.2764	1	38	4	15	1	high	
19131	19130	wax	72229	461	277	394	266	9.0392	2.6646	3.3023	2.444	Noun	299	0.64859	3.9565	1	5.5	3	9	1	high	
9865	9864	leg	36796	2882	1588	2832	1566	56.5098	3.4598	18.9318	3.2011	Noun	2871	0.99722	4.7517	1	5.5	3	12	1	high	
7721	7720	ground	28554	3696	2265	3572	2223	72.4706	3.5678	27.0029	3.3553	Noun	3545	0.9594	4.8597	1	42.6	6	1	1	high	
8389	8388	hog	30701	261	194	234	179	5.1176	2.4183	2.3128	2.29	Noun	205	0.78846	3.7101	1	7	3	14	1	high	
1064	1063	bag	4431	4796	2508	4600	2458	94.0392	3.681	29.8999	3.3995	Noun	4632	0.96742	4.9728	1	10	3	22	1	high	
16262	16261	smile	60112	2958	1775	2408	1538	58	3.4711	21.1612	3.2494	Noun	1613	0.54493	4.763	1	26.75	5	2	1	high	
17742	17741	theme	65836	710	449	657	418	13.9216	2.8519	5.3529	2.6532	Noun	708	0.99718	4.1437	1	19.5	5	3	1	high	
16967	16966	strap	62830	263	217	221	190	5.1569	2.4216	2.587	2.3385	Noun	190	0.72243	3.7134	1	26.25	5	4	1	high	
2023	2022	brain	7600	3928	1994	3710	1950	77.0196	3.5943	23.7721	3.2999	Noun	3887	0.99057	4.8861	1	42	5	5	1	high	
14254	14253	range	52200	1161	736	978	678	22.7647	3.0652	8.7744	2.8675	Noun	1129	0.97664	4.357	1	45.75	5	0	1	high	
1768	1767	board	6847	3272	1682	2920	1575	64.1569	3.5149	20.0525	3.2261	Noun	2372	0.72672	4.8068	1	39.25	5	3	1	high	
16827	16826	steel	62281	941	545	790	496	18.451	2.9741	6.4974	2.7372	Noun	880	0.93617	4.2659	1	41.25	5	4	1	high	
10319	10318	luck	38141	7840	3874	7609	3815	153.7255	3.8944	46.185	3.5883	Noun	7775	0.99285	5.1862	1	22	4	12	1	high	
11600	11599	name	42511	32735	7031	31694	6977	641.8627	4.515	83.8221	3.8471	Noun	31220	0.955	5.8069	1	16	4	9	1	high	
12401	12400	pad	45840	415	327	390	312	8.1373	2.6191	3.8984	2.5159	Noun	368	0.88675	3.9109	1	10	3	19	1	high	
17910	17909	tip	66493	1409	1031	1326	995	27.6275	3.1492	12.2914	3.0137	Noun	1048	0.74485	4.4411	1	7.5	3	15	1	high	
17882	17881	time	66411	99890	8308	96603	8303	1958.6275	4.9995	99.0463	3.9195	Noun	98420	0.98616	6.2914	1	15.67	4	9	1	high	
11048	11047	mind	40680	24715	6870	23477	6771	484.6078	4.393	81.9027	3.837	Noun	12457	0.50474	5.6848	1	31.33	4	12	1	high	
14124	14123	quiz	51844	252	155	226	144	4.9412	2.4031	1.8479	2.1931	Noun	231	0.92032	3.695	1	4.33	4	3	1	high	
17165	17164	suit	63621	3499	1942	3188	1762	68.6078	3.5441	23.1521	3.2885	Noun	2789	0.79845	4.8359	1	13.33	4	5	1	high	
15798	15797	sheet	58402	592	464	579	459	11.6078	2.7731	5.5317	2.6675	Noun	590	1	4.0649	1	38.25	5	5	1	high	
7063	7062	fund	26284	541	388	461	335	10.6078	2.734	4.6257	2.5899	Noun	486	0.89668	4.0258	1	21	4	4	1	high	
4148	4147	creep	15105	573	432	531	410	11.2353	2.7589	5.1502	2.6365	Noun	369	0.64623	4.0507	1	35.75	5	3	1	high	
9293	9292	job	34925	21063	5983	20853	5957	413	4.3235	71.3281	3.777	Noun	21043	0.99995	5.6154	1	7	3	14	1	high	
13719	13718	prize	50294	1142	735	977	634	22.3922	3.058	8.7625	2.8669	Noun	1116	0.97809	4.3499	1	29.25	5	3	1	high	
16459	16458	south	60973	3288	1693	1411	961	64.4706	3.5171	20.1836	3.2289	Noun	2810	0.85671	4.8089	1	33.5	5	2	1	high	
11322	11321	mood	41564	1736	1288	1718	1281	34.0392	3.2398	15.3553	3.1103	Noun	1734	0.99942	4.5316	1	28.67	4	8	1	high	
9706	9705	lap	36333	687	519	647	496	13.4706	2.8376	6.1874	2.716	Noun	666	0.97085	4.1294	1	10	3	20	1	high	
16577	16576	spine	61407	293	241	288	237	5.7451	2.4683	2.8732	2.3838	Noun	291	1	3.7602	1	43.75	5	9	1	high	
1405	1404	beer	5411	3850	1805	3533	1738	75.4902	3.5856	21.5188	3.2567	Noun	3848	0.99974	4.8774	1	29	4	13	1	high	
4948	4947	dime	18223	615	473	604	466	12.0588	2.7896	5.639	2.6758	Noun	609	0.99673	4.0814	1	15.67	4	9	1	high	
14154	14153	rack	51919	397	320	362	303	7.7843	2.5999	3.815	2.5065	Noun	330	0.83333	3.8917	1	32	4	15	1	high	
16279	16278	snack	60218	466	348	427	326	9.1373	2.6693	4.1488	2.5428	Noun	442	0.94647	3.9612	1	27	5	5	1	high	
16977	16976	straw	62856	318	246	292	232	6.2353	2.5038	2.9328	2.3927	Noun	317	0.99686	3.7956	1	25.75	5	3	1	high	
17740	17739	theft	65826	344	291	317	275	6.7451	2.5378	3.4692	2.4654	Noun	343	1	3.8297	1	18	5	0	1	high	
7915	7914	hair	29101	7831	3632	7535	3582	153.549	3.8939	43.3	3.5603	Noun	7819	0.99987	5.1857	1	24	4	5	1	high	
6584	6583	fist	24499	375	293	328	280	7.3529	2.5752	3.4931	2.4683	Noun	366	0.976	3.867	1	24.33	4	6	1	high	
19164	19163	week	72367	12164	5024	12051	5001	238.5098	4.0851	59.8951	3.7011	Noun	12155	1	5.3769	1	24	4	7	1	high	
7152	7151	game	26592	11926	3774	11451	3698	233.8431	4.0765	44.9928	3.5769	Noun	11721	0.9843	5.3684	1	20.67	4	13	1	high	
2907	2906	cell	10275	2772	1459	2656	1430	54.3529	3.4429	17.3939	3.1644	Noun	2769	1	4.7348	1	24.67	4	10	1	high	
16858	16857	stern	62408	327	154	140	106	6.4118	2.5159	1.836	2.1903	Noun	199	0.60856	3.8077	1	33	5	1	1	high	
1901	1900	boot	7251	568	374	484	350	11.1373	2.7551	4.4588	2.574	Noun	382	0.67135	4.0469	1	34.67	4	17	1	high	
15130	15129	sack	56053	659	504	586	488	12.9216	2.8195	6.0086	2.7033	Noun	551	0.83739	4.1114	1	30	4	14	1	high	
4268	4267	crush	15514	857	625	772	581	16.8039	2.9335	7.4511	2.7966	Noun	497	0.57925	4.2253	1	31.5	5	3	1	high	
14944	14943	role	55460	929	653	920	649	18.2157	2.9685	7.7849	2.8156	Noun	928	1	4.2603	1	31.33	4	14	1	high	
18793	18792	vet	71174	296	193	288	189	5.8039	2.4728	2.3009	2.2878	Noun	278	0.93919	3.7646	1	7	3	13	1	high	
11896	11895	note	43764	2731	1622	2545	1540	53.549	3.4365	19.3371	3.2103	Noun	2421	0.8794	4.7283	1	19	4	9	1	high	
10159	10158	load	37616	1490	1096	1336	1005	29.2157	3.1735	13.0663	3.0402	Noun	1005	0.67495	4.4653	1	23.67	4	9	1	high	
7060	7059	fun	26274	12010	4632	11650	4589	235.4902	4.0796	55.2217	3.6659	Noun	6172	0.51476	5.3714	1	6	3	13	1	high	
7093	7092	fuss	26401	364	324	362	324	7.1373	2.5623	3.8627	2.5119	Noun	322	0.88462	3.8541	1	18.67	4	4	1	high	
16474	16473	space	61019	3369	1674	3073	1604	66.0588	3.5276	19.9571	3.224	Noun	3253	0.96672	4.8195	1	33.25	5	6	1	high	
1755	1754	bluff	6796	317	215	257	198	6.2157	2.5024	2.5632	2.3345	Noun	212	0.66667	3.7943	1	23.25	5	1	1	high	
11252	11251	mom	41356	21950	4077	8199	2746	430.3922	4.3415	48.6052	3.6104	Noun	21822	0.99854	5.6333	1	4.5	3	9	1	high	
13427	13426	pope	49171	546	246	142	76	10.7059	2.738	2.9328	2.3927	Noun	443	0.81136	4.0298	1	21.33	4	13	1	high	
12748	12747	peach	46851	324	212	246	185	6.3529	2.5119	2.5274	2.3284	Noun	321	0.99381	3.8037	1	52.5	5	7	1	high	
18101	18100	toy	67113	859	562	774	536	16.8431	2.9345	6.7	2.7505	Noun	793	0.91995	4.2263	1	7.5	3	15	1	high	
5373	5372	drink	19967	12617	4353	11605	4198	247.3922	4.101	51.8956	3.6389	Noun	6454	0.51218	5.3928	1	51.75	5	3	1	high	
4339	4338	cure	15770	1063	627	1033	616	20.8431	3.0269	7.475	2.798	Noun	587	0.55221	4.3188	1	27.67	4	11	1	high	
17800	17799	threat	66097	1059	757	1033	747	20.7647	3.0253	9.0248	2.8797	Noun	1060	1	4.3171	1	33.8	6	2	1	high	
18345	18344	truth	68015	9801	4193	9350	4095	192.1765	3.9913	49.9881	3.6226	Noun	9787	1	5.2831	1	30.75	5	0	1	high	
19329	19328	wing	73127	1032	581	714	507	20.2353	3.0141	6.9266	2.7649	Noun	928	0.9001	4.3059	1	33.67	4	11	1	high	
12751	12750	peak	46859	303	215	245	181	5.9412	2.4829	2.5632	2.3345	Noun	275	0.90759	3.7747	1	28.33	4	11	1	high	
16560	16559	spice	61349	270	161	181	100	5.2941	2.433	1.9194	2.2095	Noun	233	0.86296	3.7248	1	31.5	5	7	1	high	
11944	11943	nun	43944	355	175	331	163	6.9608	2.5514	2.0863	2.2455	Noun	354	1	3.8433	1	6	3	10	1	high	
14928	14927	rock	55392	4394	1905	3219	1631	86.1569	3.643	22.711	3.2801	Noun	3487	0.81586	4.9348	1	27.67	4	12	1	high	
15867	15866	shoe	58637	1550	893	1450	862	30.3922	3.1906	10.6462	2.9513	Noun	1499	0.97023	4.4824	1	10	4	6	1	high	
17554	17553	tax	65161	742	495	692	464	14.549	2.871	5.9013	2.6955	Noun	705	0.95399	4.1628	1	5.5	3	9	1	high	
15823	15822	shield	58475	418	256	371	231	8.1961	2.6222	3.052	2.4099	Noun	335	0.79952	3.914	1	42.2	6	0	1	high	
14200	14199	rail	52049	233	176	215	162	4.5686	2.3692	2.0982	2.248	Noun	231	0.99142	3.661	1	26.33	4	12	1	high	
12918	12917	pet	47588	1029	623	910	574	20.1765	3.0128	7.4273	2.7952	Noun	887	0.86537	4.3047	1	10	3	22	1	high	
11241	11240	mole	41315	411	162	316	148	8.0588	2.6149	1.9313	2.2122	Noun	396	0.96822	3.9067	1	29.67	4	14	1	high	
9672	9671	land	36262	4494	2074	3993	1923	88.1176	3.6527	24.7258	3.317	Noun	3345	0.74632	4.9446	1	33.67	4	11	1	high	
11094	11093	mint	40797	277	204	201	159	5.4314	2.444	2.432	2.3118	Noun	169	0.62593	3.7359	1	32.67	4	10	1	high	
17464	17463	tale	64822	612	435	563	413	12	2.7875	5.186	2.6395	Noun	610	1	4.0793	1	29.67	4	16	1	high	
16455	16454	source	60953	1437	812	1131	777	28.1765	3.1578	9.6805	2.9101	Noun	1435	0.99861	4.4496	1	35.4	6	0	1	high	
2310	2309	bunch	8464	3003	2105	2846	2027	58.8824	3.4777	25.0954	3.3235	Noun	2982	0.994	4.7695	1	37.75	5	6	1	high	
10719	10718	math	39470	836	508	709	473	16.3922	2.9227	6.0563	2.7067	Noun	835	1	4.2146	1	23.33	4	10	1	high	
16135	16134	skull	59593	750	503	691	484	14.7059	2.8756	5.9967	2.7024	Noun	747	0.99733	4.1675	1	13.25	5	1	1	high	
3045	3044	chase	10746	1673	944	894	743	32.8039	3.2238	11.2542	2.9754	Noun	842	0.50389	4.5156	1	44.25	5	4	1	high	
13196	13195	plant	48489	1408	831	1338	795	27.6078	3.1489	9.907	2.9201	Noun	1036	0.73527	4.4407	1	43.5	5	5	1	high	
10291	10290	lounge	38009	401	273	327	232	7.8627	2.6042	3.2546	2.4378	Noun	388	0.96758	3.8961	1	42.6	6	0	1	high	
7344	7343	gig	27234	571	380	553	374	11.1961	2.7574	4.5303	2.5809	Noun	568	0.99824	4.0492	1	5	3	9	1	high	
15327	15326	scale	56732	485	391	469	383	9.5098	2.6866	4.6614	2.5933	Noun	425	0.8781	3.9785	1	27.75	5	6	1	high	
17075	17074	style	63184	1534	1106	1474	1087	30.0784	3.1861	13.1855	3.0441	Noun	1528	0.99544	4.4779	1	30.5	5	3	1	high	
5271	5270	dough	19652	810	407	783	400	15.8824	2.909	4.8522	2.6107	Noun	809	1	4.2009	1	27	5	4	1	high	
19449	19448	world	73538	23216	6194	21342	6027	455.2157	4.3658	73.8436	3.792	Noun	23151	0.99974	5.6576	1	24.75	5	1	1	high	
13671	13670	pride	50162	1411	936	1221	881	27.6667	3.1498	11.1588	2.9717	Noun	1301	0.92401	4.4417	1	35	5	5	1	high	
8603	8602	hug	31396	986	695	910	653	19.3333	2.9943	8.2856	2.8426	Noun	580	0.59063	4.2862	1	8.5	3	17	1	high	
8975	8974	ink	33377	382	276	360	267	7.4902	2.5832	3.2904	2.4425	Noun	375	0.98425	3.875	1	1.5	3	2	1	high	
7932	7931	hall	29177	2649	1573	1798	1248	51.9412	3.4232	18.753	3.197	Noun	2576	0.97318	4.7151	1	37.67	4	17	1	high	
8565	8564	hound	31260	257	167	197	134	5.0392	2.4116	1.9909	2.2253	Noun	235	0.92885	3.7035	1	38	5	7	1	high	
8322	8321	hike	30478	333	252	276	228	6.5294	2.5237	3.0043	2.4031	Noun	232	0.6988	3.8156	1	13.33	4	8	1	high	
18172	18171	trap	67455	1216	806	1107	757	23.8431	3.0853	9.609	2.9069	Noun	958	0.78913	4.3771	1	17.67	4	6	1	high	
15352	15351	scar	56806	432	307	385	301	8.4706	2.6365	3.66	2.4886	Noun	343	0.79582	3.9283	1	10	4	5	1	high	
6827	6826	force	25345	3604	1985	2918	1808	70.6667	3.5569	23.6648	3.298	Noun	2766	0.76897	4.8487	1	32.5	5	3	1	high	
14700	14699	rest	54471	10861	5142	10547	5082	212.9608	4.0359	61.3019	3.7112	Noun	9099	0.83815	5.3277	1	22	4	11	1	high	
19463	19462	wound	73604	1353	937	1316	926	26.5294	3.1316	11.1707	2.9722	Noun	866	0.64101	4.4235	1	33.5	5	8	1	high	
14877	14876	risk	55243	2501	1700	2456	1681	49.0392	3.3983	20.267	3.2307	Noun	1463	0.58567	4.6901	1	16.33	4	5	1	high	
18007	18006	tooth	66814	692	401	621	380	13.5686	2.8407	4.7806	2.6042	Noun	691	1	4.1326	1	37	5	1	1	high	
16407	16406	son	60775	20949	5145	18329	4838	410.7647	4.3212	61.3376	3.7115	Noun	20864	0.99952	5.613	1	7.5	3	15	1	high	
166	165	aid	1276	709	496	613	448	13.902	2.8513	5.9132	2.6964	Noun	604	0.85311	4.1431	1	6	3	12	1	high	
19529	19528	year	73890	14174	4981	13091	4891	277.9216	4.1515	59.3825	3.6974	Noun	14154	1	5.4434	1	29.33	4	11	1	high	
1289	1288	bath	5074	1587	994	1512	961	31.1176	3.2009	11.8503	2.9978	Noun	1497	0.94388	4.4927	1	23.33	4	8	1	high	
13798	13797	proof	50618	1754	1111	1659	1077	34.3922	3.2443	13.2451	3.0461	Noun	1723	0.98289	4.5361	1	32.75	5	0	1	high	
3987	3986	cough	14565	448	334	387	295	8.7843	2.6522	3.9819	2.525	Noun	258	0.57461	3.9441	1	34.75	5	5	1	high	
16981	16980	streak	62865	295	213	253	202	5.7843	2.4713	2.5393	2.3304	Noun	275	0.94502	3.7631	1	45.4	6	1	1	high	
19219	19218	wheel	72598	1380	851	1283	798	27.0588	3.1402	10.1454	2.9304	Noun	1336	0.96882	4.432	1	30.75	5	0	1	high	
7674	7673	grief	28394	552	450	533	434	10.8235	2.7427	5.3648	2.6542	Noun	553	1	4.0346	1	38	5	1	1	high	
5597	5596	edge	20664	1199	907	1150	895	23.5098	3.0792	10.8131	2.9581	Noun	1194	0.99666	4.371	1	5	4	1	1	high	
14822	14821	ridge	55066	361	193	191	137	7.0784	2.5587	2.3009	2.2878	Noun	348	0.96667	3.8505	1	26.5	5	1	1	high	
5459	5458	duke	20200	1277	311	206	77	25.0392	3.1065	3.7077	2.4942	Noun	1231	0.96473	4.3984	1	15	4	4	1	high	
18278	18277	trip	67775	4202	2366	4055	2343	82.3922	3.6236	28.207	3.3742	Noun	4125	0.98355	4.9154	1	14	4	5	1	high	
6793	6792	food	25238	7876	3605	7355	3494	154.4314	3.8964	42.9781	3.557	Noun	7869	0.99975	5.1882	1	28.33	4	10	1	high	
3023	3022	charge	10689	4559	2675	4201	2554	89.3922	3.659	31.8908	3.4275	Noun	2726	0.59846	4.9508	1	48	6	1	1	high	
16993	16992	strength	62903	1883	1235	1825	1212	36.9216	3.2751	14.7234	3.092	Noun	1883	1	4.5669	1	53.86	8	0	1	high	
6674	6673	flick	24817	257	137	150	122	5.0392	2.4116	1.6333	2.1399	Noun	121	0.47082	3.7035	1	37	5	4	1	high	
11875	11874	north	43694	3258	1616	1583	979	63.8824	3.5131	19.2656	3.2087	Noun	2942	0.90329	4.8049	1	34	5	2	1	high	
1977	1976	bow	7483	1034	609	857	552	20.2745	3.0149	7.2604	2.7853	Noun	598	0.58228	4.3068	1	10	3	18	1	high	
3104	3103	chess	10958	380	189	332	176	7.451	2.5809	2.2532	2.2788	Noun	370	0.97625	3.8728	1	28.5	5	4	1	high	
5220	5219	doom	19510	286	173	174	145	5.6078	2.4579	2.0625	2.2405	Noun	255	0.89789	3.7497	1	28	4	6	1	high	
12061	12060	oil	44415	2095	1059	1816	997	41.0784	3.3214	12.6252	3.0253	Noun	2069	0.98948	4.6132	1	2	3	3	1	high	
19615	19614	zone	74245	1026	622	856	543	20.1176	3.0116	7.4154	2.7945	Noun	1023	1	4.3034	1	21	4	8	1	high	
8715	8714	ice	31899	4057	1974	3725	1891	79.549	3.6083	23.5336	3.2956	Noun	4018	0.99136	4.9001	1	2	3	3	1	high	
4365	4364	curve	15848	235	179	209	166	4.6078	2.3729	2.134	2.2553	Noun	224	0.95319	3.6647	1	25.25	5	2	1	high	
11838	11837	noise	43438	1779	1252	1741	1237	34.8824	3.2504	14.9261	3.098	Noun	1773	0.99831	4.5423	1	28	5	3	1	high	
15990	15989	sight	59085	2311	1677	2259	1665	45.3137	3.364	19.9928	3.2248	Noun	2265	0.98052	4.6558	1	18.75	5	9	1	high	
1357	1356	beast	5257	1252	552	899	503	24.549	3.098	6.5808	2.7427	Noun	1241	1	4.3898	1	49.5	5	5	1	high	
15200	15199	salt	56265	995	612	753	515	19.5098	2.9983	7.2961	2.7875	Noun	883	0.88922	4.2901	1	26.33	4	4	1	high	
13953	13952	punk	51268	1121	643	1006	597	21.9804	3.05	7.6657	2.8089	Noun	1116	0.99821	4.3418	1	23.33	4	10	1	high	
8070	8069	hatch	29642	654	258	508	245	12.8235	2.8162	3.0758	2.4133	Noun	439	0.67435	4.1081	1	42.5	5	7	1	high	
2085	2084	breed	7805	323	248	300	244	6.3333	2.5105	2.9566	2.3962	Noun	174	0.5387	3.8024	1	77.25	5	5	1	high	
12414	12413	page	45879	1912	1146	1512	1024	37.4902	3.2817	13.6624	3.0596	Noun	1677	0.87663	4.5735	1	20.67	4	11	1	high	
17506	17505	tap	64988	752	480	653	440	14.7451	2.8768	5.7225	2.6821	Noun	392	0.52197	4.1686	1	9	3	18	1	high	
6800	6799	foot	25259	3311	2054	3184	2016	64.9216	3.5201	24.4874	3.3128	Noun	3289	0.99306	4.8119	1	31.33	4	12	1	high	
18354	18353	tube	68057	838	455	785	435	16.4314	2.9238	5.4244	2.659	Noun	838	1	4.2156	1	8.67	4	3	1	high	
5347	5346	dream	19889	6798	2809	6418	2729	133.2941	3.8324	33.4883	3.4487	Noun	5353	0.78779	5.1243	1	33.5	5	3	1	high	
16079	16078	size	59416	2353	1695	2267	1652	46.1373	3.3718	20.2074	3.2294	Noun	2323	0.98683	4.6636	1	9.33	4	4	1	high	
13665	13664	price	50146	2722	1644	2375	1561	53.3725	3.435	19.5994	3.2162	Noun	2436	0.89559	4.7269	1	38.75	5	5	1	high	
17540	17539	taste	65093	2617	1825	2488	1770	51.3137	3.418	21.7573	3.2615	Noun	1732	0.66107	4.7098	1	37.75	5	6	1	high	
2080	2079	breath	7779	2291	1603	2232	1574	44.9216	3.3602	19.1106	3.2052	Noun	2231	0.97424	4.652	1	48.2	6	2	1	high	
12745	12744	peace	46836	3550	1867	2937	1624	69.6078	3.5504	22.258	3.2714	Noun	3537	0.99802	4.8422	1	44.75	5	3	1	high	
4716	4715	den	17216	312	219	258	203	6.1176	2.4955	2.6109	2.3424	Noun	292	0.93891	3.7874	1	6.5	3	14	1	high	
7557	7556	gown	27995	334	263	324	258	6.549	2.525	3.1354	2.4216	Noun	334	1	3.8169	1	14.33	4	4	1	high	
15972	15971	side	59005	10247	4725	9820	4646	200.9216	4.0106	56.3305	3.6745	Noun	10173	0.99375	5.3025	1	17.67	4	11	1	high	
15943	15942	shrink	58869	577	380	550	368	11.3137	2.7619	4.5303	2.5809	Noun	438	0.75779	4.0538	1	84.4	6	4	1	high	
17493	17492	tank	64942	1306	674	1122	643	25.6078	3.1163	8.0353	2.8293	Noun	1256	0.96319	4.4081	1	30.33	4	12	1	high	
3899	3898	core	14278	501	287	461	277	9.8235	2.7007	3.4216	2.4594	Noun	501	1	3.9925	1	38	4	21	1	high	
11973	11972	oath	44041	504	308	485	297	9.8824	2.7033	3.6719	2.49	Noun	504	1	3.9951	1	14	4	6	1	high	
9619	9618	lack	36082	905	761	858	730	17.7451	2.9571	9.0725	2.882	Noun	702	0.77655	4.249	1	33.33	4	16	1	high	
7435	7434	glove	27580	515	336	475	324	10.098	2.7126	4.0057	2.5276	Noun	514	1	4.0045	1	30	5	3	1	high	
3424	3423	coach	12175	2429	599	1399	513	47.6275	3.3856	7.1412	2.7782	Noun	1496	0.61767	4.6774	1	47	5	4	1	high	
11353	11352	morgue	41679	440	269	420	258	8.6275	2.6444	3.207	2.4314	Noun	440	1	3.9363	1	38.4	6	0	1	high	
11865	11864	noon	43656	924	703	848	673	18.1176	2.9661	8.381	2.8476	Noun	922	1	4.258	1	25.67	4	7	1	high	
6634	6633	flash	24656	783	578	609	502	15.3529	2.8943	6.8908	2.7627	Noun	444	0.56705	4.1862	1	42.5	5	5	1	high	
14592	14591	rent	53945	1762	1062	1690	1029	34.549	3.2463	12.6609	3.0265	Noun	990	0.56282	4.5381	1	22	4	12	1	high	
10711	10710	mate	39441	1491	650	1386	628	29.2353	3.1738	7.7492	2.8136	Noun	1355	0.91001	4.4656	1	28	4	19	1	high	
13455	13454	port	49258	741	382	544	312	14.5294	2.8704	4.5541	2.5832	Noun	659	0.88814	4.1622	1	28.33	4	12	1	high	
8634	8633	hunch	31524	383	292	382	291	7.5098	2.5843	3.4812	2.4669	Noun	378	0.99213	3.8762	1	33.5	5	4	1	high	
14981	14980	root	55568	534	382	473	357	10.4706	2.7284	4.5541	2.5832	Noun	469	0.87828	4.0202	1	33.33	4	14	1	high	
4179	4178	crime	15190	3633	1782	3328	1720	71.2353	3.5604	21.2446	3.2512	Noun	3640	0.99973	4.8522	1	37.5	5	4	1	high	
17535	17534	task	65080	649	488	613	467	12.7255	2.8129	5.8178	2.6893	Noun	645	1	4.1047	1	23	4	7	1	high	
18014	18013	top	66835	6805	3606	6080	3440	133.4314	3.8329	42.99	3.5571	Noun	3655	0.53742	5.1247	1	9.5	3	19	1	high	
16020	16019	silk	59165	499	345	443	320	9.7843	2.699	4.113	2.5391	Noun	494	0.99197	3.9908	1	22	4	7	1	high	
19031	19030	waltz	71924	279	181	231	161	5.4706	2.4472	2.1578	2.2601	Noun	184	0.66426	3.739	1	25.75	5	0	1	high	
7818	7817	gulf	28792	241	177	53	40	4.7255	2.3838	2.1102	2.2504	Noun	131	0.54812	3.6756	1	12.67	4	3	1	high	
18352	18351	tub	68050	647	461	634	454	12.6863	2.8116	5.4959	2.6646	Noun	647	0.99846	4.1034	1	5	3	9	1	high	
3186	3185	chop	11305	694	453	551	393	13.6078	2.842	5.4006	2.6571	Noun	568	0.81962	4.1338	1	12.67	4	5	1	high	
12468	12467	pan	46058	627	366	345	265	12.2941	2.798	4.3634	2.5647	Noun	291	0.46486	4.0898	1	9	3	19	1	high	
561	560	ape	2617	493	173	387	168	9.6667	2.6937	2.0625	2.2405	Noun	464	0.94118	3.9856	1	1.5	3	9	1	high	
14267	14266	rap	52237	665	429	609	408	13.0392	2.8235	5.1144	2.6335	Noun	495	0.74773	4.1153	1	9.5	3	19	1	high	
14898	14897	road	55319	5709	2766	5043	2567	111.9412	3.7566	32.9757	3.442	Noun	5690	0.9979	5.0485	1	22	4	8	1	high	
13440	13439	porch	49219	491	336	480	334	9.6275	2.692	4.0057	2.5276	Noun	491	1	3.9838	1	41.25	5	4	1	high	
16820	16819	steam	62258	686	408	606	393	13.451	2.837	4.8641	2.6117	Noun	665	0.9708	4.1288	1	35.75	5	3	1	high	
15587	15586	seed	57600	386	278	371	272	7.5686	2.5877	3.3143	2.4456	Noun	360	0.93506	3.8795	1	33.67	4	18	1	high	
12669	12668	path	46653	1252	870	1198	848	24.549	3.098	10.372	2.94	Noun	1252	1	4.3898	1	23.67	4	8	1	high	
1321	1320	bay	5152	1236	612	448	287	24.2353	3.0924	7.2961	2.7875	Noun	1184	0.96417	4.3842	1	10.5	3	21	1	high	
17587	17586	tech	65262	326	215	192	149	6.3922	2.5145	2.5632	2.3345	Noun	325	1	3.8064	1	12.33	4	1	1	high	
17260	17259	surf	64024	324	158	251	133	6.3529	2.5119	1.8836	2.2014	Noun	209	0.64706	3.8037	1	15	4	3	1	high	
8043	8042	harm	29522	1621	1181	1595	1169	31.7843	3.2101	14.0796	3.0726	Noun	1039	0.64374	4.5019	1	33.67	4	7	1	high	
1886	1885	boom	7221	1112	585	609	390	21.8039	3.0465	6.9742	2.7679	Noun	1096	0.99186	4.3383	1	30.67	4	9	1	high	
17812	17811	throat	66136	1837	1239	1668	1182	36.0196	3.2643	14.7711	3.0934	Noun	1833	1	4.5562	1	27.4	6	1	1	high	
19505	19504	yacht	73794	419	197	388	176	8.2157	2.6232	2.3486	2.2967	Noun	418	1	3.9151	1	12	5	0	1	high	
7712	7711	groom	28506	399	250	381	244	7.8235	2.6021	2.9804	2.3997	Noun	327	0.82161	3.8939	1	38.5	5	2	1	high	
3291	3290	class	11774	5985	2445	5569	2353	117.3529	3.7771	29.1488	3.3885	Noun	5955	0.99449	5.069	1	41	5	8	1	high	
10348	10347	lunch	38231	5310	2637	4997	2561	104.1176	3.7252	31.4378	3.4213	Noun	5242	0.98682	5.017	1	33.5	5	6	1	high	
16739	16738	stamp	62045	302	222	275	206	5.9216	2.4814	2.6466	2.3483	Noun	220	0.72848	3.7733	1	35	5	3	1	high	
4499	4498	dash	16266	308	220	250	201	6.0392	2.49	2.6228	2.3444	Noun	206	0.66883	3.7818	1	27	4	10	1	high	
17733	17732	thanks	65788	31789	7149	7764	4235	623.3137	4.5023	85.2289	3.8543	Noun	31251	0.98438	5.7941	1	47.8	6	2	1	high	
6672	6671	flesh	24791	1125	792	1062	773	22.0588	3.0515	9.4421	2.8993	Noun	1126	1	4.3434	1	28.25	5	3	1	high	
3179	3178	choice	11251	4975	3095	4925	3072	97.549	3.6969	36.8979	3.4908	Noun	4950	0.99578	4.9887	1	40.8	6	0	1	high	
3138	3137	child	11062	8040	3067	7673	2995	157.6471	3.9053	36.5641	3.4869	Noun	8027	0.99988	5.1971	1	36.25	5	1	1	high	
15387	15386	schmuck	56947	234	168	194	145	4.5882	2.3711	2.0029	2.2279	Noun	150	0.64103	3.6629	1	18	7	0	1	high	
4761	4760	depth	17432	421	261	382	245	8.2549	2.6253	3.1116	2.4183	Noun	422	1	3.9171	1	20.5	5	1	1	high	
16411	16410	song	60785	4778	1946	4447	1867	93.6863	3.6793	23.1998	3.2894	Noun	4735	0.9935	4.9712	1	27.33	4	8	1	high	
16716	16715	stain	61987	316	242	307	237	6.1961	2.5011	2.8851	2.3856	Noun	253	0.80063	3.7929	1	37.5	5	5	1	high	
4456	4455	dam	16102	293	124	227	101	5.7451	2.4683	1.4783	2.0969	Noun	270	0.93103	3.7602	1	6	3	11	1	high	
3004	3003	chap	10627	324	228	311	222	6.3529	2.5119	2.7182	2.3598	Noun	322	0.99077	3.8037	1	13	4	6	1	high	
8470	8469	hood	30980	785	475	560	379	15.3922	2.8954	5.6629	2.6776	Noun	561	0.71556	4.1873	1	29.67	4	10	1	high	
15796	15795	sheep	58388	685	392	614	372	13.4314	2.8363	4.6733	2.5944	Noun	680	1	4.1282	1	33	5	6	1	high	
6477	6476	file	24217	2246	1279	2129	1243	44.0392	3.3516	15.248	3.1072	Noun	1652	0.73684	4.6434	1	28.67	4	12	1	high	
11471	11470	mud	42007	756	506	674	471	14.8235	2.8791	6.0324	2.705	Noun	755	1	4.1709	1	3.5	3	8	1	high	
11710	11709	nerve	42973	1171	834	1152	824	22.9608	3.0689	9.9428	2.9217	Noun	1159	0.994	4.3608	1	24.5	5	3	1	high	
3872	3871	cop	14171	4393	1467	4131	1408	86.1373	3.6429	17.4893	3.1667	Noun	3914	0.89279	4.9347	1	11	3	22	1	high	
17772	17771	thief	65964	1238	704	1143	670	24.2745	3.0931	8.3929	2.8482	Noun	1236	1	4.3849	1	26	5	1	1	high	
19451	19450	worm	73544	516	271	430	260	10.1176	2.7135	3.2308	2.4346	Noun	471	0.91456	4.0053	1	21	4	9	1	high	
3089	3088	chef	10901	606	322	467	282	11.8824	2.7832	3.8388	2.5092	Noun	603	0.99669	4.075	1	9.33	4	1	1	high	
17508	17507	tape	64990	3511	1484	3394	1440	68.8431	3.5456	17.6919	3.1717	Noun	3221	0.91845	4.8374	1	18	4	10	1	high	
3034	3033	charm	10719	794	597	750	583	15.5686	2.9004	7.1173	2.7767	Noun	645	0.81439	4.1922	1	38.75	5	4	1	high	
3387	3386	cloth	12066	311	236	304	230	6.098	2.4942	2.8135	2.3747	Noun	311	1	3.786	1	39.75	5	2	1	high	
16104	16103	ski	59493	413	222	348	198	8.098	2.617	2.6466	2.3483	Noun	266	0.6472	3.9088	1	1.5	3	1	1	high	
19070	19069	warp	72037	280	68	204	61	5.4902	2.4487	0.81068	1.8388	Noun	163	0.59058	3.7405	1	32.33	4	10	1	high	
15758	15757	shame	58247	2120	1519	1793	1365	41.5686	3.3265	18.1092	3.1818	Noun	1959	0.92756	4.6184	1	33.5	5	6	1	high	
1140	1139	band	4630	2724	1122	2485	1057	53.4118	3.4354	13.3763	3.0504	Noun	2705	0.99485	4.7272	1	33.67	4	14	1	high	
2217	2216	buck	8217	1721	697	612	469	33.7451	3.236	8.3095	2.8439	Noun	1678	0.97786	4.5279	1	27	4	13	1	high	
2772	2771	case	9866	14403	4885	14006	4849	282.4118	4.1585	58.238	3.689	Noun	11861	0.82362	5.4503	1	26	4	14	1	high	
7458	7457	goal	27660	854	540	783	520	16.7451	2.932	6.4378	2.7332	Noun	854	1	4.2238	1	20	4	4	1	high	
17706	17705	test	65690	4288	2095	4126	2053	84.0784	3.6324	24.9762	3.3214	Noun	3269	0.76272	4.9242	1	23.33	4	12	1	high	
3502	3501	coin	12451	497	287	475	274	9.7451	2.6972	3.4216	2.4594	Noun	472	0.9497	3.9891	1	23	4	5	1	high	
15370	15369	scent	56876	304	236	291	228	5.9608	2.4843	2.8135	2.3747	Noun	298	0.98026	3.7761	1	22.5	5	3	1	high	
3357	3356	clip	11978	290	222	257	201	5.6863	2.4639	2.6466	2.3483	Noun	183	0.63103	3.7557	1	11.33	4	5	1	high	
6934	6933	frame	25763	719	527	691	513	14.098	2.8573	6.2828	2.7226	Noun	496	0.68985	4.1492	1	35.75	5	1	1	high	
5364	5363	drift	19952	327	255	284	236	6.4118	2.5159	3.0401	2.4082	Noun	174	0.53211	3.8077	1	31.75	5	1	1	high	
7078	7077	fur	26341	422	285	393	271	8.2745	2.6263	3.3977	2.4564	Noun	416	0.98578	3.9182	1	3	3	7	1	high	
18118	18117	trade	67160	1795	1126	1498	1047	35.1961	3.2543	13.4239	3.0519	Noun	1114	0.622	4.5461	1	42.5	5	2	1	high	
17017	17016	strip	62989	800	596	610	480	15.6863	2.9036	7.1054	2.776	Noun	578	0.7207	4.1955	1	24.75	5	1	1	high	
10087	10086	link	37403	609	399	479	379	11.9412	2.7853	4.7568	2.6021	Noun	373	0.61551	4.0772	1	34	4	12	1	high	
10766	10765	meal	39639	1472	1048	1441	1030	28.8627	3.1682	12.494	3.0208	Noun	1471	1	4.46	1	31.33	4	12	1	high	
13173	13172	plague	48436	424	254	383	234	8.3137	2.6284	3.0281	2.4065	Noun	391	0.92	3.9202	1	30.8	6	1	1	high	
5261	5260	dot	19608	338	184	190	152	6.6275	2.5302	2.1936	2.2672	Noun	313	0.93155	3.822	1	8	3	14	1	high	
4462	4461	dame	16111	702	329	528	258	13.7647	2.847	3.9223	2.5185	Noun	606	0.86819	4.1388	1	20.67	4	17	1	high	
18787	18786	vest	71158	284	203	280	199	5.5686	2.4548	2.4201	2.3096	Noun	284	1	3.7467	1	21.33	4	11	1	high	
14357	14356	rear	52592	634	458	590	437	12.4314	2.8028	5.4602	2.6618	Noun	321	0.50631	4.0946	1	32.33	4	14	1	high	
11966	11965	oak	44025	286	187	189	129	5.6078	2.4579	2.2294	2.2742	Noun	269	0.93728	3.7497	1	3	3	4	1	high	
16707	16706	stage	61961	2324	1176	2193	1139	45.5686	3.3664	14.02	3.0708	Noun	2283	0.98533	4.6583	1	38.25	5	6	1	high	
5558	5557	ease	20521	974	718	842	635	19.098	2.989	8.5598	2.8567	Noun	520	0.53443	4.2808	1	20.33	4	6	1	high	
16496	16495	spark	61097	320	224	286	208	6.2745	2.5065	2.6705	2.3522	Noun	252	0.79495	3.7983	1	34.75	5	4	1	high	
2493	2492	cage	8959	1034	564	810	481	20.2745	3.0149	6.7239	2.752	Noun	952	0.91981	4.3068	1	18	4	13	1	high	
2751	2750	cart	9805	461	325	449	321	9.0392	2.6646	3.8746	2.5132	Noun	427	0.93435	3.9565	1	34	4	14	1	high	
16917	16916	stone	62638	2072	938	1158	737	40.6275	3.3166	11.1826	2.9727	Noun	1761	0.85155	4.6084	1	40	5	8	1	high	
10362	10361	lust	38290	284	211	255	195	5.5686	2.4548	2.5155	2.3263	Noun	277	0.96181	3.7467	1	24.33	4	12	1	high	
6180	6179	face	23275	14747	5610	14152	5529	289.1569	4.1687	66.8813	3.749	Noun	11894	0.80719	5.4606	1	19	4	11	1	high	
9510	9509	king	35670	6592	1688	3319	993	129.2549	3.8191	20.124	3.2276	Noun	6258	0.94962	5.1109	1	31	4	9	1	high	
6647	6646	flat	24679	1337	913	1233	866	26.2157	3.1265	10.8846	2.9609	Noun	658	0.49178	4.4183	1	21.67	4	9	1	high	
15231	15230	sand	56375	1035	618	891	581	20.2941	3.0154	7.3677	2.7917	Noun	995	0.96135	4.3072	1	30.33	4	11	1	high	
11005	11004	mile	40546	1071	779	950	746	21	3.0302	9.2871	2.8921	Noun	1095	1	4.322	1	29.67	4	18	1	high	
2878	2877	cave	10180	713	365	666	348	13.9804	2.8537	4.3515	2.5635	Noun	688	0.96494	4.1455	1	19	4	16	1	high	
14142	14141	race	51896	3157	1154	3014	1121	61.902	3.4994	13.7577	3.0626	Noun	2696	0.8641	4.7912	1	22	4	14	1	high	
1330	1329	beach	5178	2888	1291	2180	1025	56.6275	3.4607	15.391	3.1113	Noun	2859	0.9903	4.7526	1	55	5	7	1	high	
16070	16069	site	59378	980	601	965	595	19.2157	2.9917	7.165	2.7796	Noun	972	0.99285	4.2835	1	21	4	10	1	high	
8512	8511	horn	31092	1075	586	801	484	21.0784	3.0318	6.9862	2.7686	Noun	1039	0.96922	4.3236	1	26.33	4	6	1	high	
8203	8202	heir	30042	266	168	245	161	5.2157	2.4265	2.0029	2.2279	Noun	266	1	3.7183	1	11.67	4	3	1	high	
16538	16537	speech	61259	1940	1090	1823	1050	38.0392	3.288	12.9948	3.0378	Noun	1936	1	4.5799	1	36.8	6	0	1	high	
16514	16513	spear	61161	232	108	173	98	4.549	2.3674	1.2876	2.0374	Noun	161	0.69397	3.6592	1	33.25	5	4	1	high	
9195	9194	jade	34553	259	69	98	43	5.0784	2.415	0.8226	1.8451	Noun	259	1	3.7068	1	13.67	4	4	1	high	
19285	19284	wife	72957	17795	4811	17592	4781	348.9216	4.2503	57.3557	3.6823	Noun	17782	0.99994	5.5422	1	12	4	9	1	high	
17948	17947	toe	66628	647	386	627	376	12.6863	2.8116	4.6018	2.5877	Noun	648	0.99846	4.1034	1	8	3	17	1	high	
5135	5134	doc	19255	4122	1078	866	421	80.8235	3.6152	12.8517	3.033	Noun	4114	0.99951	4.907	1	3.5	3	5	1	high	
16055	16054	sip	59333	260	220	237	201	5.098	2.4166	2.6228	2.3444	Noun	243	0.93462	3.7085	1	9	3	19	1	high	
