numid|f	X|f	Word|s	Unnamed|f	FREQcount|f	Cdcount|f	FREQlow|f	Cdlow|f	SUBLTLWF|f	Lg10WF|f	SUBTLCD|f	Lg10CD|f	Dom_PoS_SUBTLEX|s	Freq_dom_PoS_SUBTLEX|f	Percentage_dom_PoS|f	Zipfvalue|f	cmu_sylls|f	BF_TP|f	LEN_L|f	N|f	Zipfvalue_incl|f	Zipfvalue_cat|s	
8652	8651	hurricane	31591	447	178	370	151	8.7647	2.6513	2.1221	2.2529	Noun	445	1	3.9431	3	48.38	9	0	1	high	
810	809	assistant	3503	1643	977	1414	861	32.2157	3.2159	11.6476	2.9903	Noun	1095	0.6685	4.5077	3	57.13	9	0	1	high	
808	807	assignment	3489	912	606	904	603	17.8824	2.9605	7.2246	2.7832	Noun	912	1	4.2523	3	41.78	10	0	1	high	
743	742	artery	3249	271	181	266	177	5.3137	2.4346	2.1578	2.2601	Noun	271	1	3.7264	3	48.6	6	0	1	high	
11076	11075	minister	40759	941	395	515	273	18.451	2.9741	4.7091	2.5977	Noun	891	0.94687	4.2659	3	100.29	8	1	1	high	
11985	11984	objection	44086	1108	361	263	193	21.7255	3.0449	4.3038	2.5587	Noun	1098	1	4.3368	3	96.75	9	0	1	high	
14523	14522	rehearsal	53511	635	351	605	343	12.451	2.8035	4.1845	2.5465	Noun	632	0.99685	4.0953	3	56.13	9	0	1	high	
10188	10187	location	37695	1263	823	1213	799	24.7647	3.1017	9.8116	2.9159	Noun	1258	1	4.3936	3	87.43	8	1	1	high	
8508	8507	horizon	31083	228	157	198	143	4.4706	2.3598	1.8717	2.1987	Noun	228	1	3.6517	3	47.33	7	0	1	high	
13359	13358	politics	48963	845	529	763	500	16.5686	2.9274	6.3066	2.7243	Noun	844	1	4.2192	3	83.71	8	1	1	high	
10807	10806	medium	39791	362	280	294	235	7.098	2.5599	3.3381	2.4487	Noun	202	0.56111	3.8517	3	27.2	6	1	1	high	
7768	7767	guardian	28689	358	247	309	225	7.0196	2.5551	2.9447	2.3945	Noun	358	1	3.8469	3	40.14	8	0	1	high	
809	808	assistance	3501	558	447	532	429	10.9412	2.7474	5.329	2.6513	Noun	557	1	4.0392	3	47.44	10	0	1	high	
1801	1800	bodyguard	6947	292	160	263	153	5.7255	2.4669	1.9075	2.2068	Noun	291	0.99658	3.7587	3	19.25	9	0	1	high	
8989	8988	innocence	33412	336	247	326	242	6.5882	2.5276	2.9447	2.3945	Noun	336	1	3.8195	3	62	9	0	1	high	
5672	5671	element	20992	338	266	323	264	6.6275	2.5302	3.1712	2.4265	Noun	340	1	3.822	3	44.33	7	1	1	high	
13477	13476	position	49340	3676	2191	3613	2171	72.0784	3.5655	26.1206	3.3408	Noun	3602	0.9804	4.8573	3	92.29	8	1	1	high	
6126	6125	exposure	23033	291	240	281	237	5.7059	2.4654	2.8612	2.382	Noun	290	1	3.7572	3	29.71	8	0	1	high	
5774	5773	encounter	21435	284	251	276	246	5.5686	2.4548	2.9924	2.4014	Noun	187	0.65845	3.7467	3	79.88	9	0	1	high	
6128	6127	expression	23043	651	549	649	547	12.7647	2.8142	6.5451	2.7404	Noun	650	1	4.1061	3	98.67	10	0	1	high	
12520	12519	paperwork	46180	531	430	509	415	10.4118	2.7259	5.1264	2.6345	Noun	528	0.99623	4.0177	3	53.13	9	0	1	high	
9999	9998	lieutenant	37177	5306	886	758	349	104.0392	3.7248	10.5627	2.9479	Noun	5275	0.99698	5.0167	3	39.78	10	0	1	high	
9088	9087	interview	33991	1505	815	1470	799	29.5098	3.1778	9.7163	2.9117	Noun	1193	0.79427	4.4697	3	84.13	9	0	1	high	
9414	9413	karate	35333	386	138	304	115	7.5686	2.5877	1.6452	2.143	Noun	380	0.99738	3.8795	3	54	6	0	1	high	
14701	14700	restaurant	54486	2373	1244	2248	1212	46.5294	3.3755	14.8307	3.0952	Noun	2365	1	4.6673	3	63	10	0	1	high	
14641	14640	republic	54202	286	165	71	49	5.6078	2.4579	1.9671	2.2201	Noun	285	0.9965	3.7497	3	58.29	8	0	1	high	
8728	8727	idea	31947	18311	6359	18296	6357	359.0392	4.2627	75.8107	3.8035	Noun	18287	1	5.5546	3	3	4	0	1	high	
2744	2743	carrier	9780	326	160	282	151	6.3922	2.5145	1.9075	2.2068	Noun	326	1	3.8064	3	151.5	7	4	1	high	
8933	8932	influence	33194	754	599	747	598	14.7843	2.8779	7.1412	2.7782	Noun	587	0.77955	4.1698	3	62.88	9	0	1	high	
597	596	appetite	2746	456	389	450	384	8.9412	2.6599	4.6376	2.5911	Noun	456	1	3.9518	3	87.29	8	0	1	high	
4896	4895	diary	17996	458	235	398	213	8.9804	2.6618	2.8016	2.3729	Noun	437	0.94384	3.9536	3	34.75	5	0	1	high	
3675	3674	compliment	13062	523	461	512	451	10.2549	2.7193	5.4959	2.6646	Noun	411	0.78585	4.0112	3	81.67	10	1	1	high	
3652	3651	companion	12939	323	247	302	239	6.3333	2.5105	2.9447	2.3945	Noun	324	1	3.8024	3	108	9	0	1	high	
3626	3625	commission	12848	703	435	478	344	13.7843	2.8476	5.186	2.6395	Noun	679	0.96724	4.1394	3	111.44	10	0	1	high	
15648	15647	sensation	57833	249	205	239	203	4.8824	2.3979	2.444	2.3139	Noun	249	1	3.6898	3	115.38	9	0	1	high	
5896	5895	equipment	22061	1298	849	1270	831	25.451	3.1136	10.1216	2.9294	Noun	1296	1	4.4054	3	42.25	9	0	1	high	
5857	5856	envelope	21894	513	326	506	321	10.0588	2.711	3.8865	2.5145	Noun	512	1	4.0028	3	34.57	8	0	1	high	
13638	13637	president	50006	7174	1551	3077	1103	140.6667	3.8558	18.4907	3.1909	Noun	5724	0.79944	5.1477	3	70.25	9	0	1	high	
6049	6048	excitement	22674	628	523	602	508	12.3137	2.7987	6.2351	2.7193	Noun	622	0.99361	4.0905	3	56.67	10	0	1	high	
9240	9239	jealousy	34708	293	229	238	194	5.7451	2.4683	2.7301	2.3617	Noun	292	0.99659	3.7602	3	32.57	8	0	1	high	
14392	14391	recipe	52796	388	274	379	270	7.6078	2.5899	3.2666	2.4393	Noun	389	1	3.8818	3	38.6	6	1	1	high	
14579	14578	rendezvous	53899	312	223	291	209	6.1176	2.4955	2.6586	2.3502	Noun	240	0.76923	3.7874	3	56.11	10	0	1	high	
6198	6197	factory	23321	857	483	791	461	16.8039	2.9335	5.7582	2.6848	Noun	857	1	4.2253	3	53.5	7	1	1	high	
13809	13808	property	50655	1698	1104	1636	1074	33.2941	3.2302	13.1617	3.0434	Noun	1694	1	4.522	3	80	8	1	1	high	
8455	8454	honesty	30924	368	298	317	267	7.2157	2.567	3.5527	2.4757	Noun	365	0.99455	3.8589	3	44	7	0	1	high	
9038	9037	instrument	33647	413	313	410	311	8.098	2.617	3.7315	2.4969	Noun	413	1	3.9088	3	70.56	10	0	1	high	
17288	17287	survival	64121	515	421	463	388	10.098	2.7126	5.0191	2.6253	Noun	515	1	4.0045	3	46.14	8	0	1	high	
10549	10548	maniac	38914	479	351	434	339	9.3922	2.6812	4.1845	2.5465	Noun	460	0.96436	3.9731	3	48.2	6	0	1	high	
13952	13951	punishment	51263	685	514	653	497	13.4314	2.8363	6.1278	2.7118	Noun	685	0.99854	4.1282	3	41.67	10	0	1	high	
13732	13731	procedure	50335	823	581	809	573	16.1373	2.9159	6.9266	2.7649	Noun	822	1	4.2078	3	44.88	9	0	1	high	
663	662	architect	2984	334	169	311	161	6.549	2.525	2.0148	2.2304	Noun	331	0.99399	3.8169	3	24.13	9	0	1	high	
15136	15135	sacrifice	56070	913	647	857	628	17.902	2.9609	7.7134	2.8116	Noun	511	0.56031	4.2528	3	45.38	9	0	1	high	
4717	4716	denial	17229	268	199	224	173	5.2549	2.4298	2.3724	2.301	Noun	268	1	3.7216	3	58.6	6	3	1	high	
13818	13817	proposal	50685	448	324	438	318	8.7843	2.6522	3.8627	2.5119	Noun	447	1	3.9441	3	68.71	8	0	1	high	
18905	18904	visitor	71487	446	372	429	363	8.7451	2.6503	4.4349	2.5717	Noun	445	1	3.9421	3	34.5	7	0	1	high	
3629	3628	committee	12861	1123	528	796	418	22.0196	3.0508	6.2947	2.7235	Noun	1120	1	4.3426	3	91.38	9	1	1	high	
14476	14475	reflection	53286	256	225	254	224	5.0196	2.4099	2.6824	2.3541	Noun	257	1	3.7018	3	138.33	10	1	1	high	
11278	11277	monitor	41439	669	472	623	450	13.1176	2.8261	5.6271	2.6749	Noun	375	0.56054	4.1179	3	41.83	7	0	1	high	
16974	16973	strategy	62847	482	371	461	364	9.451	2.6839	4.423	2.5705	Noun	482	1	3.9758	3	57	8	0	1	high	
7642	7641	gravity	28271	351	265	298	238	6.8824	2.5465	3.1593	2.4249	Noun	351	1	3.8384	3	62.5	7	0	1	high	
3562	3561	colony	12631	302	128	259	115	5.9216	2.4814	1.526	2.1106	Noun	302	1	3.7733	3	47.4	6	0	1	high	
3627	3626	commitment	12855	550	438	533	429	10.7843	2.7412	5.2217	2.6425	Noun	550	1	4.033	3	76.56	10	0	1	high	
17737	17736	theatre	65812	582	236	488	188	11.4118	2.7657	2.8135	2.3747	Noun	578	0.99827	4.0575	3	48.33	7	0	1	high	
4818	4817	detective	17694	3117	988	1405	675	61.1176	3.4939	11.7787	2.9952	Noun	3092	0.99325	4.7857	3	102.75	9	1	1	high	
5954	5953	estimate	22303	243	201	233	192	4.7647	2.3874	2.3963	2.3054	Noun	150	0.62241	3.6792	3	44.57	8	0	1	high	
887	886	attorney	3775	2060	930	1592	820	40.3922	3.3141	11.0873	2.9689	Noun	2046	0.99708	4.6059	3	36.86	8	0	1	high	
5153	5152	document	19289	515	319	496	305	10.098	2.7126	3.8031	2.5051	Noun	439	0.85243	4.0045	3	45	8	0	1	high	
3015	3014	character	10660	1946	1169	1911	1157	38.1569	3.2894	13.9366	3.0682	Noun	1943	1	4.5812	3	79.5	9	0	1	high	
4377	4376	customer	15883	775	578	727	550	15.1961	2.8899	6.8908	2.7627	Noun	770	0.99741	4.1817	3	60	8	0	1	high	
5749	5748	employer	21322	274	206	272	204	5.3725	2.4393	2.4559	2.316	Noun	270	0.99631	3.7312	3	47.57	8	2	1	high	
18629	18628	vacation	70644	1673	979	1615	969	32.8039	3.2238	11.6714	2.9912	Noun	1672	0.99821	4.5156	3	88.29	8	1	1	high	
15414	15413	scientist	57024	621	397	601	390	12.1765	2.7938	4.733	2.5999	Noun	617	0.99516	4.0856	3	85.63	9	0	1	high	
5608	5607	editor	20693	633	330	592	311	12.4118	2.8021	3.9342	2.5198	Noun	626	0.99365	4.0939	3	23.4	6	0	1	high	
8820	8819	impression	32487	946	787	946	787	18.549	2.9763	9.3825	2.8965	Noun	947	1	4.2682	3	98.78	10	0	1	high	
12049	12048	officer	44362	5265	2026	3313	1580	103.2353	3.7215	24.1536	3.3069	Noun	5229	0.99543	5.0133	3	73.33	7	1	1	high	
17053	17052	studio	63106	1190	566	1071	517	23.3333	3.0759	6.7477	2.7536	Noun	1187	0.99832	4.3677	3	30.8	6	0	1	high	
10288	10287	lottery	37987	344	166	300	160	6.7451	2.5378	1.979	2.2227	Noun	344	1	3.8297	3	108	7	1	1	high	
10473	10472	majesty	38661	1863	310	236	87	36.5294	3.2704	3.6958	2.4928	Noun	1861	1	4.5623	3	33.5	7	0	1	high	
9216	9215	janitor	34625	292	179	274	173	5.7255	2.4669	2.134	2.2553	Noun	289	0.98973	3.7587	3	39	7	0	1	high	
9116	9115	invention	34151	310	195	309	195	6.0784	2.4928	2.3247	2.2923	Noun	310	1	3.7846	3	129.63	9	1	1	high	
7533	7532	gorilla	27918	283	156	259	148	5.549	2.4533	1.8598	2.1959	Noun	281	1	3.7452	3	41.33	7	0	1	high	
139	138	agenda	1157	373	272	360	267	7.3137	2.5729	3.2427	2.4362	Noun	372	0.99732	3.8647	3	14.2	6	0	1	high	
14383	14382	reception	52766	568	420	539	404	11.1373	2.7551	5.0072	2.6243	Noun	568	1	4.0469	3	126.13	9	1	1	high	
885	884	attitude	3770	1330	1016	1291	994	26.0784	3.1242	12.1125	3.0073	Noun	1327	0.99925	4.416	3	34.71	8	2	1	high	
15603	15602	selection	57692	232	201	225	196	4.549	2.3674	2.3963	2.3054	Noun	232	1	3.6592	3	112.25	9	0	1	high	
18556	18555	universe	69592	1289	703	1184	682	25.2745	3.1106	8.381	2.8476	Noun	1269	0.98448	4.4024	3	48.43	8	0	1	high	
7475	7474	godfather	27720	278	122	126	65	5.451	2.4456	1.4545	2.0899	Noun	277	0.9964	3.7374	3	39.88	9	0	1	high	
5606	5605	edition	20691	249	194	229	177	4.8824	2.3979	2.3128	2.29	Noun	248	1	3.6898	3	62.17	7	0	1	high	
17272	17271	surgery	64048	1651	768	1514	749	32.3725	3.218	9.1559	2.8859	Noun	1648	1	4.5098	3	104.5	7	0	1	high	
13606	13605	pregnancy	49836	334	220	322	213	6.549	2.525	2.6228	2.3444	Noun	334	1	3.8169	3	51.38	9	0	1	high	
13754	13753	profession	50429	461	380	452	374	9.0392	2.6646	4.5303	2.5809	Noun	461	1	3.9565	3	107.33	10	1	1	high	
837	836	asylum	3610	234	163	222	159	4.5882	2.3711	1.9433	2.2148	Noun	233	0.99573	3.6629	3	9.2	6	0	1	high	
13712	13711	privacy	50272	774	618	749	604	15.1765	2.8893	7.3677	2.7917	Noun	773	1	4.1811	3	44.67	7	1	1	high	
4936	4935	dignity	18174	551	418	524	412	10.8039	2.7419	4.9833	2.6222	Noun	549	1	4.0338	3	56.17	7	1	1	high	
5739	5738	emperor	21291	690	184	366	117	13.5294	2.8395	2.1936	2.2672	Noun	689	0.99855	4.1313	3	34.67	7	0	1	high	
9027	9026	inspector	33567	1124	290	465	190	22.0392	3.0512	3.4573	2.4639	Noun	1133	1	4.343	3	55.5	9	0	1	high	
17377	17376	sympathy	64529	426	356	400	344	8.3529	2.6304	4.2442	2.5527	Noun	424	1	3.9223	3	25.86	8	0	1	high	
12533	12532	paradise	46227	676	420	460	339	13.2549	2.8306	5.0072	2.6243	Noun	653	0.98939	4.1224	3	80.14	8	0	1	high	
9150	9149	irony	34316	233	200	219	192	4.5686	2.3692	2.3844	2.3032	Noun	233	1	3.661	3	34.25	5	1	1	high	
17603	17602	teenager	65314	351	288	341	280	6.8824	2.5465	3.4335	2.4609	Noun	353	1	3.8384	3	55.71	8	0	1	high	
899	898	audio	3823	284	188	255	167	5.5686	2.4548	2.2413	2.2765	Noun	145	0.51418	3.7467	3	8.25	5	1	1	high	
618	617	approval	2836	428	333	423	330	8.3922	2.6325	3.97	2.5237	Noun	429	1	3.9243	3	35.86	8	0	1	high	
9977	9976	library	37121	1170	687	1061	647	22.9412	3.0686	8.1903	2.8376	Noun	1169	1	4.3604	3	42	7	0	1	high	
13692	13691	principal	50225	701	366	470	320	13.7451	2.8463	4.3634	2.5647	Noun	437	0.62607	4.1382	3	48.25	9	0	1	high	
357	356	ambition	1846	273	233	257	221	5.3529	2.4378	2.7778	2.3692	Noun	273	1	3.7296	3	82.29	8	0	1	high	
12336	12335	override	45566	263	114	244	108	5.1569	2.4216	1.3591	2.0607	Noun	174	0.64925	3.7134	3	60.29	8	1	1	high	
2643	2642	capital	9421	648	491	574	443	12.7059	2.8122	5.8536	2.692	Noun	637	0.98151	4.1041	3	51	7	0	1	high	
18531	18530	underwear	69152	1105	754	1063	734	21.6667	3.0438	8.989	2.8779	Noun	1102	0.99909	4.3356	3	53.38	9	0	1	high	
10800	10799	medicine	39769	1744	1000	1552	941	34.1961	3.2418	11.9218	3.0004	Noun	1731	1	4.5336	3	158.43	8	0	1	high	
3718	3717	concussion	13269	229	182	206	170	4.4902	2.3617	2.1698	2.2625	Noun	229	1	3.6536	3	118.33	10	1	1	high	
2479	2478	cadillac	8931	292	170	11	6	5.7255	2.4669	2.0267	2.233	Noun	146	0.50345	3.7587	3	35.29	8	0	1	high	
3613	3612	commander	12780	1887	484	582	307	37	3.276	5.7701	2.6857	Noun	1863	0.98833	4.5678	3	83.63	9	1	1	high	
10239	10238	loneliness	37824	255	207	225	184	5	2.4082	2.4678	2.3181	Noun	255	1	3.7001	3	66	10	1	1	high	
7301	7300	gentleman	27027	2135	1254	2030	1212	41.8627	3.3296	14.9499	3.0986	Noun	2126	1	4.6214	3	28.38	9	1	1	high	
13484	13483	possession	49359	680	522	630	493	13.3333	2.8331	6.2232	2.7185	Noun	593	0.87592	4.125	3	88.67	10	0	1	high	
12994	12993	physician	47886	313	235	293	222	6.1373	2.4969	2.8016	2.3729	Noun	313	1	3.7888	3	26.88	9	0	1	high	
5803	5802	engagement	21592	666	431	649	423	13.0588	2.8241	5.1383	2.6355	Noun	666	1	4.116	3	43.22	10	0	1	high	
7210	7209	gasoline	26764	333	218	312	202	6.5294	2.5237	2.599	2.3404	Noun	333	1	3.8156	3	178.86	8	0	1	high	
6037	6036	exception	22644	409	375	396	367	8.0196	2.6128	4.4707	2.5752	Noun	410	1	3.9046	3	101.5	9	0	1	high	
851	850	atmosphere	3663	493	362	483	356	9.6667	2.6937	4.3157	2.5599	Noun	493	1	3.9856	3	20.56	10	0	1	high	
9113	9112	invasion	34142	434	237	390	209	8.5098	2.6385	2.8255	2.3766	Noun	433	1	3.9303	3	66.14	8	0	1	high	
15203	15202	salvation	56304	256	217	187	164	5.0196	2.4099	2.587	2.3385	Noun	255	1	3.7018	3	106.88	9	0	1	high	
14407	14406	recorder	52953	252	178	232	169	4.9412	2.4031	2.1221	2.2529	Noun	252	1	3.695	3	99	8	1	1	high	
5009	5008	disaster	18462	881	684	848	664	17.2745	2.9455	8.1545	2.8357	Noun	876	0.99772	4.2373	3	100.14	8	0	1	high	
12137	12136	opponent	44665	240	182	239	182	4.7059	2.382	2.1698	2.2625	Noun	239	1	3.6739	3	55.86	8	0	1	high	
14511	14510	register	53440	561	423	543	409	11	2.7497	5.0429	2.6274	Noun	359	0.64107	4.0416	3	117.29	8	0	1	high	
8810	8809	importance	32437	390	334	390	334	7.6471	2.5922	3.9819	2.525	Noun	391	1	3.884	3	49.56	10	0	1	high	
8049	8048	harmony	29544	419	202	194	159	8.2157	2.6232	2.4082	2.3075	Noun	414	0.98807	3.9151	3	65.5	7	0	1	high	
16852	16851	stereo	62380	304	216	260	191	5.9608	2.4843	2.5751	2.3365	Noun	301	1	3.7761	3	49	6	0	1	high	
17115	17114	substitute	63429	238	197	233	192	4.6667	2.3784	2.3486	2.2967	Noun	130	0.54622	3.6702	3	46.89	10	0	1	high	
6027	6026	example	22610	1527	1184	1508	1168	29.9412	3.1841	14.1154	3.0737	Noun	907	0.59281	4.476	3	39.17	7	0	1	high	
12344	12343	overtime	45657	318	261	306	251	6.2353	2.5038	3.1116	2.4183	Noun	178	0.55975	3.7956	3	75.43	8	0	1	high	
4046	4045	covenant	14761	341	53	15	14	6.6863	2.534	0.63186	1.7324	Noun	336	0.98534	3.8259	3	82.29	8	0	1	high	
12862	12861	perfection	47266	275	218	239	198	5.3922	2.4409	2.599	2.3404	Noun	274	0.99636	3.7327	3	128.22	10	0	1	high	
4807	4806	destiny	17652	1175	588	987	553	23.0392	3.0704	7.01	2.7701	Noun	1172	0.9983	4.3622	3	212.83	7	0	1	high	
13838	13837	protection	50783	1197	854	1073	798	23.4706	3.0785	10.1812	2.932	Noun	1196	0.99916	4.3703	3	145.78	10	1	1	high	
8972	8971	injury	33373	520	399	514	396	10.1961	2.7168	4.7568	2.6021	Noun	519	1	4.0087	3	30	6	1	1	high	
12805	12804	penalty	47060	464	307	449	301	9.098	2.6675	3.66	2.4886	Noun	464	1	3.9593	3	47	7	0	1	high	
4739	4738	departure	17314	275	219	259	210	5.3922	2.4409	2.6109	2.3424	Noun	274	0.99636	3.7327	3	50.63	9	0	1	high	
470	469	animal	2264	2320	1372	2086	1281	45.4902	3.3657	16.3567	3.1377	Noun	2312	0.99741	4.6575	3	31.8	6	0	1	high	
14671	14670	residence	54359	421	342	403	332	8.2549	2.6253	4.0773	2.5353	Noun	421	1	3.9171	3	79.38	9	0	1	high	
9037	9036	instructor	33644	240	165	235	163	4.7059	2.382	1.9671	2.2201	Noun	240	1	3.6739	3	49.11	10	0	1	high	
14743	14742	reunion	54747	450	270	433	263	8.8235	2.6542	3.2189	2.433	Noun	449	0.99778	3.946	3	76.83	7	0	1	high	
3793	3792	consulate	13763	249	78	187	62	4.8824	2.3979	0.9299	1.8976	Noun	237	0.95565	3.6898	3	85.38	9	0	1	high	
933	932	autograph	3966	416	273	406	271	8.1569	2.6201	3.2546	2.4378	Noun	371	0.89183	3.912	3	24.38	9	0	1	high	
18715	18714	vegetable	70931	291	238	273	228	5.7059	2.4654	2.8374	2.3784	Noun	291	1	3.7572	3	45.13	9	0	1	high	
14058	14057	quality	51594	947	736	891	709	18.5686	2.9768	8.7744	2.8675	Noun	947	1	4.2686	3	59.17	7	1	1	high	
17161	17160	suggestion	63607	622	519	617	517	12.1961	2.7945	6.1874	2.716	Noun	622	1	4.0863	3	119.89	10	0	1	high	
10783	10782	mechanic	39703	258	185	250	181	5.0588	2.4133	2.2055	2.2695	Noun	257	0.99612	3.7051	3	41.57	8	0	1	high	
1090	1089	balcony	4515	373	267	369	264	7.3137	2.5729	3.1831	2.4281	Noun	374	1	3.8647	3	45.33	7	0	1	high	
889	888	attraction	3781	348	263	307	251	6.8235	2.5428	3.1354	2.4216	Noun	348	1	3.8347	3	117.89	10	0	1	high	
7554	7553	governor	27987	1369	401	744	295	26.8431	3.1367	4.7806	2.6042	Noun	1342	0.97956	4.4286	3	42	8	0	1	high	
4996	4995	direction	18361	1228	979	1208	967	24.0784	3.0896	11.6714	2.9912	Noun	1230	1	4.3814	3	121.25	9	0	1	high	
9972	9971	liberty	37109	849	539	502	392	16.6471	2.9294	6.4258	2.7324	Noun	832	0.97998	4.2213	3	38.33	7	0	1	high	
10423	10422	magician	38525	390	191	372	187	7.6471	2.5922	2.2771	2.2833	Noun	382	0.99479	3.884	3	42.57	8	0	1	high	
18721	18720	vehicle	70946	1153	668	1099	648	22.6078	3.0622	7.9638	2.8254	Noun	1148	1	4.354	3	33.83	7	0	1	high	
3469	3468	coconut	12316	234	140	170	116	4.5882	2.3711	1.6691	2.1492	Noun	234	1	3.6629	3	46.67	7	0	1	high	
4764	4763	deputy	17443	798	373	432	241	15.6471	2.9025	4.4468	2.5729	Noun	792	0.99373	4.1944	3	38	6	0	1	high	
14674	14673	resident	54363	374	242	285	207	7.3333	2.574	2.8851	2.3856	Noun	252	0.6738	3.8659	3	84	8	0	1	high	
2788	2787	casino	9898	1039	325	889	281	20.3725	3.017	3.8746	2.5132	Noun	954	0.91819	4.3089	3	88.2	6	1	1	high	
9059	9058	intention	33754	559	456	558	456	10.9608	2.7482	5.4363	2.6599	Noun	558	1	4.04	3	137.25	9	1	1	high	
9122	9121	investment	34188	497	373	485	362	9.7451	2.6972	4.4468	2.5729	Noun	497	1	3.9891	3	65	10	0	1	high	
5751	5750	employment	21325	272	234	252	219	5.3333	2.4362	2.7897	2.3711	Noun	271	1	3.728	3	45	10	0	1	high	
16524	16523	specimen	61209	242	175	234	171	4.7451	2.3856	2.0863	2.2455	Noun	238	1	3.6774	3	38.86	8	0	1	high	
3031	3030	charity	10705	841	538	787	522	16.4902	2.9253	6.4139	2.7316	Noun	840	1	4.2171	3	77.5	7	1	1	high	
4949	4948	dimension	18224	236	133	226	133	4.6275	2.3747	1.5856	2.1271	Noun	234	1	3.6666	3	89.13	9	0	1	high	
303	302	allowance	1659	265	191	256	189	5.1961	2.4249	2.2771	2.2833	Noun	265	0.99624	3.7167	3	39.75	9	0	1	high	
266	265	alibi	1538	426	249	417	241	8.3529	2.6304	2.9685	2.3979	Noun	428	1	3.9223	3	17	5	0	1	high	
3713	3712	conclusion	13241	465	404	455	397	9.1176	2.6684	4.8164	2.6075	Noun	464	1	3.9602	3	110	10	0	1	high	
5743	5742	empire	21306	646	370	323	208	12.6667	2.8109	4.4111	2.5694	Noun	553	0.85471	4.1027	3	24.6	6	2	1	high	
3597	3596	comedy	12735	602	322	541	303	11.8039	2.7803	3.8388	2.5092	Noun	598	0.99667	4.0722	3	38.8	6	1	1	high	
592	591	appearance	2714	591	498	585	494	11.5882	2.7723	5.9371	2.6981	Noun	593	1	4.0642	3	46.33	10	0	1	high	
7048	7047	fugitive	26219	264	195	249	185	5.1765	2.4232	2.3247	2.2923	Noun	262	1	3.7151	3	64.71	8	0	1	high	
5736	5735	emotion	21269	423	341	398	330	8.2941	2.6274	4.0653	2.534	Noun	424	1	3.9192	3	65.5	7	0	1	high	
294	293	alliance	1630	465	190	174	115	9.1176	2.6684	2.2651	2.281	Noun	471	1	3.9602	3	42.14	8	0	1	high	
8849	8848	incident	32672	883	685	878	683	17.3137	2.9465	8.1664	2.8363	Noun	883	1	4.2383	3	62.43	8	0	1	high	
3657	3656	compassion	12966	319	265	292	249	6.2549	2.5051	3.1593	2.4249	Noun	319	1	3.797	3	111.22	10	0	1	high	
727	726	arrival	3199	422	354	410	345	8.2745	2.6263	4.2203	2.5502	Noun	422	1	3.9182	3	35.17	7	0	1	high	
6012	6011	evidence	22523	4335	1755	4177	1721	85	3.6371	20.9227	3.2445	Noun	4332	1	4.9289	3	38.57	8	0	1	high	
1304	1303	battalion	5103	298	140	181	94	5.8431	2.4757	1.6691	2.1492	Noun	298	1	3.7675	3	89.63	9	0	1	high	
3264	3263	citizen	11623	680	515	602	472	13.3333	2.8331	6.1397	2.7126	Noun	679	0.99853	4.125	3	28.83	7	0	1	high	
10902	10901	messenger	40173	411	283	359	267	8.0588	2.6149	3.3739	2.4533	Noun	413	1	3.9067	3	62.88	9	0	1	high	
4750	4749	deposit	17375	551	373	524	360	10.8039	2.7419	4.4468	2.5729	Noun	432	0.78403	4.0338	3	34.67	7	0	1	high	
13811	13810	prophecy	50658	321	118	307	114	6.2941	2.5079	1.4068	2.0755	Noun	319	0.99687	3.7997	3	56.57	8	1	1	high	
5019	5018	discipline	18510	462	335	419	315	9.0588	2.6656	3.9938	2.5263	Noun	462	1	3.9574	3	105.89	10	0	1	high	
2725	2724	carnival	9712	363	177	306	150	7.1176	2.5611	2.1102	2.2504	Noun	286	0.78788	3.8529	3	60.29	8	0	1	high	
5704	5703	embassy	21148	397	182	233	117	7.7843	2.5999	2.1698	2.2625	Noun	397	1	3.8917	3	12	7	0	1	high	
12218	12217	orphanage	44907	273	136	256	132	5.3529	2.4378	1.6214	2.1367	Noun	273	1	3.7296	3	24.63	9	0	1	high	
7553	7552	government	27983	3327	1523	3024	1423	65.2353	3.5222	18.1569	3.183	Noun	3320	0.9997	4.814	3	52.33	10	0	1	high	
6550	6549	fireplace	24407	259	189	253	186	5.0784	2.415	2.2532	2.2788	Noun	258	1	3.7068	3	36.63	9	0	1	high	
12000	11999	obsession	44166	289	224	271	217	5.6667	2.4624	2.6705	2.3522	Noun	289	1	3.7542	3	72.63	9	0	1	high	
11067	11066	minimum	40748	415	363	378	333	8.1373	2.6191	4.3276	2.5611	Noun	225	0.54217	3.9109	3	34.33	7	0	1	high	
14409	14408	recording	52955	748	371	712	353	14.6667	2.8745	4.423	2.5705	Noun	552	0.73797	4.1663	3	230.5	9	0	1	high	
14881	14880	ritual	55263	456	286	437	275	8.9412	2.6599	3.4096	2.4579	Noun	345	0.76497	3.9518	3	33.2	6	0	1	high	
748	747	article	3264	998	553	953	531	19.5686	2.9996	6.5928	2.7435	Noun	995	1	4.2914	3	40.83	7	0	1	high	
9321	9320	journalist	35038	311	185	287	176	6.098	2.4942	2.2055	2.2695	Noun	310	0.99678	3.786	3	41	10	1	1	high	
7946	7945	hamburger	29235	397	247	340	221	7.7843	2.5999	2.9447	2.3945	Noun	380	0.96203	3.8917	3	38.75	9	0	1	high	
10590	10589	marathon	39078	228	130	185	114	4.4706	2.3598	1.5498	2.1173	Noun	228	1	3.6517	3	71.29	8	0	1	high	
3722	3721	condition	13296	1936	1375	1891	1360	37.9608	3.2871	16.3925	3.1386	Noun	1911	0.98913	4.579	3	142	9	0	1	high	
17616	17615	telegram	65358	471	235	414	216	9.2353	2.6739	2.8016	2.3729	Noun	467	1	3.9658	3	27	8	0	1	high	
16093	16092	skeleton	59461	261	145	206	138	5.1176	2.4183	1.7287	2.1644	Noun	221	0.84674	3.7101	3	37	8	0	1	high	
9815	9814	leadership	36647	249	197	232	187	4.8824	2.3979	2.3486	2.2967	Noun	249	1	3.6898	3	32.33	10	1	1	high	
13751	13750	production	50409	645	403	567	360	12.6471	2.8102	4.8045	2.6064	Noun	643	0.99845	4.1021	3	132.89	10	0	1	high	
11987	11986	objective	44089	359	270	348	266	7.0392	2.5563	3.2189	2.433	Noun	229	0.63611	3.8481	3	73.38	9	0	1	high	
11105	11104	miracle	40822	1359	871	1258	827	26.6471	3.1335	10.3839	2.9405	Noun	1354	0.99779	4.4254	3	48	7	0	1	high	
17756	17755	therapy	65879	944	576	878	552	18.5098	2.9754	6.867	2.7612	Noun	941	1	4.2673	3	32.33	7	0	1	high	
12897	12896	personnel	47498	835	534	773	501	16.3725	2.9222	6.3662	2.7284	Noun	833	0.9976	4.214	3	42.5	9	0	1	high	
14623	14622	reporter	54101	1040	513	853	456	20.3922	3.0175	6.1159	2.711	Noun	1035	0.99711	4.3093	3	115.29	8	1	1	high	
4790	4789	designer	17584	267	205	240	182	5.2353	2.4281	2.444	2.3139	Noun	267	1	3.72	3	82.14	8	1	1	high	
12629	12628	passenger	46557	549	286	443	267	10.7647	2.7404	3.4096	2.4579	Noun	548	1	4.0322	3	59	9	0	1	high	
1463	1462	benefit	5686	732	560	707	545	14.3529	2.8651	6.6762	2.749	Noun	552	0.75513	4.1569	3	36.5	7	0	1	high	
13694	13693	principle	50230	395	316	383	309	7.7451	2.5977	3.7673	2.5011	Noun	395	1	3.8895	3	48.88	9	0	1	high	
42	41	accountant	407	315	191	303	185	6.1765	2.4997	2.2771	2.2833	Noun	315	1	3.7915	3	38.89	10	0	1	high	
674	673	area	3018	3821	2159	3663	2099	74.9216	3.5823	25.7392	3.3345	Noun	3817	1	4.8741	3	9.67	4	1	1	high	
17735	17734	theater	65809	1226	594	1059	537	24.0392	3.0888	7.0815	2.7745	Noun	1159	0.95234	4.3807	3	130	7	0	1	high	
3747	3746	confidence	13380	993	751	960	738	19.4706	2.9974	8.9533	2.8762	Noun	994	1	4.2892	3	80.78	10	0	1	high	
8897	8896	industry	33013	596	385	586	382	11.6863	2.776	4.5899	2.5866	Noun	596	1	4.0678	3	50.14	8	0	1	high	
16521	16520	specialty	61195	272	240	261	231	5.3333	2.4362	2.8612	2.382	Noun	272	1	3.728	3	36.38	9	1	1	high	
13350	13349	policy	48933	1378	847	1351	836	27.0196	3.1396	10.0978	2.9284	Noun	1380	1	4.4314	3	40.2	6	2	1	high	
159	158	agreement	1242	892	603	867	594	17.4902	2.9509	7.1888	2.781	Noun	887	1	4.2427	3	52.63	9	0	1	high	
97	96	adoption	833	239	140	227	135	4.6863	2.3802	1.6691	2.1492	Noun	239	1	3.672	3	78.57	8	0	1	high	
4031	4030	courtesy	14732	414	357	368	321	8.1176	2.618	4.2561	2.5539	Noun	414	1	3.9099	3	89.43	8	0	1	high	
789	788	assassin	3425	302	188	291	184	5.9216	2.4814	2.2413	2.2765	Noun	301	1	3.7733	3	20.57	8	0	1	high	
9043	9042	insurance	33681	1955	1025	1852	994	38.3333	3.2914	12.2198	3.0111	Noun	1953	0.99898	4.5832	3	69.13	9	0	1	high	
1512	1511	bicycle	5975	337	239	316	228	6.6078	2.5289	2.8493	2.3802	Noun	334	0.99405	3.8208	3	32.17	7	0	1	high	
10415	10414	magazine	38507	1693	857	1498	786	33.1961	3.2289	10.217	2.9335	Noun	1690	0.99882	4.5207	3	143.71	8	0	1	high	
10579	10578	manual	39026	408	299	366	274	8	2.6117	3.5646	2.4771	Noun	293	0.7199	3.9036	3	54.4	6	0	1	high	
16518	16517	specialist	61182	264	220	240	203	5.1765	2.4232	2.6228	2.3444	Noun	260	0.98485	3.7151	3	41.11	10	1	1	high	
43	42	accounting	410	230	179	186	151	4.5098	2.3636	2.134	2.2553	Noun	180	0.78261	3.6554	3	175.33	10	0	1	high	
6115	6114	explosion	23007	841	467	763	438	16.4902	2.9253	5.5675	2.6702	Noun	840	1	4.2171	3	80.5	9	0	1	high	
9026	9025	inspection	33565	300	211	280	202	5.8824	2.4786	2.5155	2.3263	Noun	300	1	3.7704	3	141.44	10	0	1	high	
1193	1192	barbecue	4787	456	272	408	256	8.9412	2.6599	3.2427	2.4362	Noun	366	0.80617	3.9518	3	40.29	8	0	1	high	
4759	4758	depression	17407	406	304	308	244	7.9608	2.6096	3.6242	2.4843	Noun	404	0.99753	3.9014	3	106.78	10	1	1	high	
6088	6087	existence	22827	596	475	588	473	11.6863	2.776	5.6629	2.6776	Noun	596	1	4.0678	3	57.38	9	0	1	high	
10833	10832	melody	39895	337	139	174	114	6.6078	2.5289	1.6571	2.1461	Noun	337	0.9941	3.8208	3	30.8	6	0	1	high	
2583	2582	candidate	9264	434	277	406	263	8.5098	2.6385	3.3023	2.444	Noun	434	1	3.9303	3	60.75	9	0	1	high	
4644	4643	defendant	16825	904	316	875	310	17.7255	2.9566	3.7673	2.5011	Noun	904	1	4.2485	3	71.88	9	1	1	high	
3533	3532	collection	12552	926	669	892	655	18.1569	2.9671	7.9757	2.8261	Noun	926	1	4.2589	3	149	10	0	1	high	
14683	14682	resistance	54386	431	272	289	236	8.451	2.6355	3.2427	2.4362	Noun	431	1	3.9273	3	68.89	10	0	1	high	
15619	15618	semester	57738	354	250	352	249	6.9412	2.5502	2.9804	2.3997	Noun	352	0.99435	3.8421	3	100.14	8	0	1	high	
904	903	audition	3835	705	307	696	305	13.8235	2.8488	3.66	2.4886	Noun	502	0.71307	4.1406	3	85.71	8	1	1	high	
18820	18819	victory	71270	1094	636	871	577	21.451	3.0394	7.5823	2.8041	Noun	1072	0.97989	4.3312	3	48.17	7	1	1	high	
8020	8019	harassment	29439	300	188	287	180	5.8824	2.4786	2.2413	2.2765	Noun	300	1	3.7704	3	48.44	10	0	1	high	
8408	8407	holiday	30757	1086	617	897	534	21.2941	3.0362	7.3557	2.791	Noun	1045	0.96225	4.3281	3	35	7	0	1	high	
15276	15275	satellite	56546	798	388	726	357	15.6471	2.9025	4.6257	2.5899	Noun	798	1	4.1944	3	82.75	9	0	1	high	
8538	8537	hospital	31182	6334	2611	5727	2472	124.1961	3.8017	31.1278	3.417	Noun	6328	0.99984	5.0936	3	37.43	8	0	1	high	
3742	3741	confession	13369	841	546	809	535	16.4902	2.9253	6.5093	2.738	Noun	836	1	4.2171	3	123.78	10	1	1	high	
6884	6883	formula	25552	401	184	383	175	7.8627	2.6042	2.1936	2.2672	Noun	402	1	3.8961	3	36.33	7	0	1	high	
945	944	autopsy	4004	489	291	463	280	9.5882	2.6902	3.4692	2.4654	Noun	489	1	3.982	3	15.17	7	0	1	high	
5660	5659	election	20919	560	271	530	264	10.9804	2.749	3.2308	2.4346	Noun	559	1	4.0408	3	84.86	8	3	1	high	
13319	13318	poetry	48851	682	389	616	361	13.3725	2.8344	4.6376	2.5911	Noun	679	1	4.1263	3	28.4	6	0	1	high	
13332	13331	poisoning	48885	302	226	298	224	5.9216	2.4814	2.6943	2.356	Noun	213	0.7053	3.7733	3	204.25	9	0	1	high	
4049	4048	coverage	14768	318	238	308	235	6.2353	2.5038	2.8374	2.3784	Noun	318	1	3.7956	3	80.43	8	0	1	high	
6079	6078	exhibit	22795	388	239	288	196	7.6078	2.5899	2.8493	2.3802	Noun	277	0.71762	3.8818	3	16.5	7	0	1	high	
6134	6133	extension	23083	275	221	254	208	5.3922	2.4409	2.6347	2.3464	Noun	275	1	3.7327	3	89.38	9	0	1	high	
12133	12132	opinion	44656	2142	1430	2134	1427	42	3.331	17.0482	3.1556	Noun	2144	1	4.6229	3	53	7	0	1	high	
18129	18128	tradition	67176	697	524	676	513	13.6667	2.8439	6.247	2.7202	Noun	699	1	4.1357	3	112.88	9	0	1	high	
686	685	argument	3064	867	702	857	698	17	2.9385	8.3691	2.847	Noun	867	1	4.2304	3	40	8	0	1	high	
9867	9866	legacy	36798	256	193	245	188	5.0196	2.4099	2.3009	2.2878	Noun	256	1	3.7018	3	20.4	6	0	1	high	
10346	10345	lunatic	38229	433	345	414	335	8.4902	2.6375	4.113	2.5391	Noun	368	0.84988	3.9293	3	42.83	7	0	1	high	
10308	10307	loyalty	38101	595	437	543	408	11.6667	2.7752	5.2098	2.6415	Noun	595	1	4.0671	3	27.67	7	2	1	high	
3654	3653	company	12944	7507	3283	6473	3073	147.1961	3.8755	39.1392	3.5164	Noun	7493	0.99987	5.1674	3	61	7	0	1	high	
1247	1246	bartender	4965	498	319	363	242	9.7647	2.6981	3.8031	2.5051	Noun	337	0.67807	3.9899	3	81.5	9	0	1	high	
14505	14504	regiment	53427	247	111	211	95	4.8431	2.3945	1.3233	2.0492	Noun	244	0.98785	3.6863	3	72.43	8	0	1	high	
4375	4374	custody	15878	982	603	971	600	19.2549	2.9926	7.1888	2.781	Noun	985	1	4.2844	3	46.17	7	0	1	high	
14919	14918	robbery	55365	1175	568	1061	536	23.0392	3.0704	6.7716	2.7551	Noun	1157	0.99914	4.3622	3	86.83	7	2	1	high	
8913	8912	infection	33109	446	296	433	294	8.7451	2.6503	3.5289	2.4728	Noun	445	1	3.9421	3	121.75	9	1	1	high	
9476	9475	kidnapping	35571	617	340	567	320	12.098	2.791	4.0534	2.5328	Noun	561	0.90924	4.0828	3	114.67	10	0	1	high	
2988	2987	champion	10558	1067	511	961	486	20.9216	3.0286	6.092	2.7093	Noun	953	0.89149	4.3204	3	62.43	8	0	1	high	
557	556	apartment	2610	4235	1774	4152	1755	83.0392	3.627	21.1493	3.2492	Noun	4230	1	4.9188	3	52.63	9	0	1	high	
3944	3943	corridor	14422	284	207	266	198	5.5686	2.4548	2.4678	2.3181	Noun	283	1	3.7467	3	69.86	8	0	1	high	
3845	3844	conviction	14065	303	237	295	233	5.9412	2.4829	2.8255	2.3766	Noun	302	1	3.7747	3	157.33	10	1	1	high	
4738	4737	department	17309	3256	1788	2051	1268	63.8431	3.5128	21.3162	3.2526	Noun	3247	1	4.8047	3	56.44	10	1	1	high	
5520	5519	dynamite	20406	515	279	420	250	10.098	2.7126	3.3262	2.4472	Noun	471	0.91634	4.0045	3	47.86	8	0	1	high	
16699	16698	stadium	61951	312	184	185	122	6.1176	2.4955	2.1936	2.2672	Noun	312	1	3.7874	3	55.5	7	0	1	high	
13300	13299	pneumonia	48803	257	184	239	178	5.0392	2.4116	2.1936	2.2672	Noun	256	1	3.7035	3	11.38	9	1	1	high	
5035	5034	discussion	18617	619	543	608	537	12.1373	2.7924	6.4735	2.7356	Noun	618	1	4.0842	3	101.89	10	0	1	high	
4596	4595	decency	16578	236	198	224	193	4.6275	2.3747	2.3605	2.2989	Noun	235	0.99576	3.6666	3	49.67	7	0	1	high	
12177	12176	orchestra	44770	281	189	220	157	5.5098	2.4502	2.2532	2.2788	Noun	279	1	3.7421	3	26.13	9	0	1	high	
10519	10518	management	38829	594	423	506	382	11.6471	2.7745	5.0429	2.6274	Noun	591	0.99831	4.0664	3	49.11	10	0	1	high	
3095	3094	chemistry	10918	442	299	400	282	8.6667	2.6464	3.5646	2.4771	Noun	441	1	3.9382	3	37.25	9	0	1	high	
11527	11526	museum	42259	942	459	705	356	18.4706	2.9745	5.4721	2.6628	Noun	942	1	4.2663	3	22.6	6	0	1	high	
552	551	anytime	2591	1248	1031	805	709	24.4706	3.0966	12.2914	3.0137	Noun	1246	1	4.3884	3	45.17	7	0	1	high	
11628	11627	narrator	42594	529	164	113	70	10.3725	2.7243	1.9552	2.2175	Noun	520	0.99426	4.0161	3	61.29	8	0	1	high	
13755	13754	professor	50436	3548	813	1044	519	69.5686	3.5501	9.6924	2.9106	Noun	3543	0.99831	4.8419	3	53.63	9	1	1	high	
11583	11582	mystery	42430	1171	837	1094	802	22.9608	3.0689	9.9785	2.9232	Noun	1167	0.99744	4.3608	3	103.67	7	1	1	high	
18822	18821	video	71276	2105	1088	1916	1045	41.2745	3.3235	12.9709	3.037	Noun	2033	0.9658	4.6153	3	23	5	1	1	high	
5126	5125	division	19197	946	539	536	354	18.549	2.9763	6.4258	2.7324	Noun	944	0.99894	4.2682	3	72.14	8	0	1	high	
13748	13747	producer	50404	636	351	548	313	12.4706	2.8041	4.1845	2.5465	Noun	625	0.99522	4.096	3	74.57	8	2	1	high	
16398	16397	solution	60725	807	636	788	628	15.8235	2.9074	7.5823	2.8041	Noun	808	1	4.1992	3	86.29	8	0	1	high	
8766	8765	illusion	32122	421	305	412	301	8.2549	2.6253	3.6361	2.4857	Noun	421	1	3.9171	3	45.29	8	1	1	high	
15636	15635	senator	57796	1691	305	594	165	33.1569	3.2284	3.6361	2.4857	Noun	1679	0.99703	4.5202	3	50.17	7	0	1	high	
3766	3765	connection	13549	1386	1008	1356	988	27.1765	3.1421	12.0172	3.0039	Noun	1314	0.94942	4.4339	3	154.78	10	2	1	high	
8461	8460	honeymoon	30935	826	485	772	468	16.1961	2.9175	5.7821	2.6866	Noun	806	0.97934	4.2093	3	48.88	9	0	1	high	
11537	11536	musician	42280	308	208	294	202	6.0392	2.49	2.4797	2.3201	Noun	308	1	3.7818	3	38.71	8	0	1	high	
17754	17753	therapist	65877	485	307	470	302	9.5098	2.6866	3.66	2.4886	Noun	482	0.99587	3.9785	3	46.25	9	0	1	high	
10520	10519	manager	38831	2038	1055	1814	1005	39.9608	3.3094	12.5775	3.0237	Noun	2012	0.99211	4.6013	3	107.83	7	2	1	high	
10628	10627	marketing	39189	243	156	209	140	4.7647	2.3874	1.8598	2.1959	Noun	235	0.96708	3.6792	3	244.63	9	0	1	high	
12118	12117	opening	44619	1960	1360	1839	1297	38.4314	3.2925	16.2136	3.1339	Noun	1017	0.51914	4.5843	3	268.83	7	0	1	high	
6069	6068	exercise	22762	904	640	859	625	17.7255	2.9566	7.6299	2.8069	Noun	642	0.71096	4.2485	3	54.86	8	1	1	high	
7199	7198	garrison	26729	233	67	61	39	4.5686	2.3692	0.79876	1.8325	Noun	178	0.7807	3.661	3	61.29	8	0	1	high	
13790	13789	promotion	50579	557	391	535	382	10.9216	2.7466	4.6614	2.5933	Noun	557	1	4.0385	3	112.25	9	0	1	high	
4128	4127	creation	15062	310	247	282	234	6.0784	2.4928	2.9447	2.3945	Noun	310	1	3.7846	3	118.57	8	0	1	high	
17298	17297	suspicion	64154	373	308	343	293	7.3137	2.5729	3.6719	2.49	Noun	368	0.98396	3.8647	3	66.38	9	0	1	high	
5747	5746	employee	21320	590	429	553	415	11.5686	2.7716	5.1144	2.6335	Noun	588	0.9983	4.0634	3	25.43	8	2	1	high	
12984	12983	photograph	47830	579	407	566	400	11.3529	2.7634	4.8522	2.6107	Noun	464	0.80277	4.0553	3	18.78	10	1	1	high	
953	952	avenue	4047	861	564	87	72	16.8824	2.9355	6.7239	2.752	Noun	857	1	4.2273	3	15.2	6	1	1	high	
15715	15714	settlement	58083	322	216	314	213	6.3137	2.5092	2.5751	2.3365	Noun	322	1	3.801	3	48.56	10	0	1	high	
7631	7630	gratitude	28234	395	338	376	325	7.7451	2.5977	4.0296	2.5302	Noun	390	0.9949	3.8895	3	49.25	9	0	1	high	
14938	14937	rodeo	55424	283	109	208	81	5.549	2.4533	1.2995	2.0414	Noun	235	0.83039	3.7452	3	25	5	0	1	high	
490	489	announcer	2331	574	201	217	75	11.2549	2.7597	2.3963	2.3054	Noun	529	0.92321	4.0515	3	41.63	9	2	1	high	
6982	6981	frequency	25946	337	231	326	227	6.6078	2.5289	2.7539	2.3655	Noun	337	1	3.8208	3	43	9	0	1	high	
16001	16000	signature	59113	622	464	605	459	12.1961	2.7945	5.5317	2.6675	Noun	622	1	4.0863	3	40.75	9	0	1	high	
880	879	attention	3749	5032	3000	3854	2620	98.6667	3.7018	35.7654	3.4773	Noun	5016	1	4.9937	3	112	9	0	1	high	
10369	10368	luxury	38324	307	272	298	267	6.0196	2.4886	3.2427	2.4362	Noun	203	0.6634	3.7804	3	20	6	0	1	high	
5833	5832	enterprise	21782	413	164	139	124	8.098	2.617	1.9552	2.2175	Noun	411	0.99757	3.9088	3	63	10	0	1	high	
18134	18133	tragedy	67194	723	566	672	537	14.1765	2.8597	6.7477	2.7536	Noun	723	0.99862	4.1516	3	47.67	7	0	1	high	
897	896	audience	3821	1294	758	1241	738	25.3725	3.1123	9.0367	2.8802	Noun	1289	0.99768	4.4041	3	43.71	8	0	1	high	
5001	5000	director	18370	1834	809	1287	646	35.9608	3.2636	9.6447	2.9085	Noun	1813	0.99234	4.5555	3	50.14	8	0	1	high	
7135	7134	gallery	26540	434	239	385	223	8.5098	2.6385	2.8493	2.3802	Noun	434	1	3.9303	3	118.67	7	0	1	high	
15182	15181	salary	56214	548	406	535	400	10.7451	2.7396	4.8402	2.6096	Noun	548	1	4.0314	3	50.8	6	0	1	high	
12369	12368	oxygen	45759	708	399	643	373	13.8824	2.8506	4.7568	2.6021	Noun	706	0.99859	4.1425	3	40.8	6	0	1	high	
5072	5071	disposal	18898	250	212	245	209	4.902	2.3997	2.5274	2.3284	Noun	250	1	3.6915	3	56.71	8	0	1	high	
3837	3836	convention	14018	629	331	509	265	12.3333	2.7993	3.9461	2.5211	Noun	626	0.99523	4.0912	3	159	10	2	1	high	
12885	12884	permission	47395	1587	1063	1382	983	31.1176	3.2009	12.6729	3.0269	Noun	1587	1	4.4927	3	92.89	10	0	1	high	
10852	10851	memory	39948	2477	1514	2387	1483	48.5686	3.3941	18.0496	3.1804	Noun	2466	0.99677	4.6859	3	37	6	0	1	high	
4604	4603	decision	16614	2808	1810	2797	1807	55.0588	3.4486	21.5784	3.2579	Noun	2803	1	4.7404	3	82.86	8	1	1	high	
7084	7083	furniture	26367	769	538	729	523	15.0784	2.8865	6.4139	2.7316	Noun	767	1	4.1783	3	35.13	9	0	1	high	
2948	2947	cereal	10387	324	223	301	214	6.3529	2.5119	2.6586	2.3502	Noun	324	1	3.8037	3	45.6	6	0	1	high	
2944	2943	century	10375	1063	727	950	663	20.8431	3.0269	8.6671	2.8621	Noun	1065	1	4.3188	3	54.33	7	0	1	high	
5805	5804	engineer	21603	596	326	485	303	11.6863	2.776	3.8865	2.5145	Noun	562	0.95254	4.0678	3	66.14	8	0	1	high	
1420	1419	behaviour	5491	1142	861	1125	850	22.3922	3.058	10.2647	2.9355	Noun	1134	0.99912	4.3499	3	31	8	0	1	high	
14552	14551	religion	53730	707	440	650	415	13.8627	2.85	5.2456	2.6444	Noun	708	1	4.1419	3	87.57	8	0	1	high	
2344	2343	burial	8579	242	197	229	187	4.7451	2.3856	2.3486	2.2967	Noun	243	1	3.6774	3	62.2	6	0	1	high	
6374	6373	felony	23897	285	224	262	213	5.5882	2.4564	2.6705	2.3522	Noun	272	0.96797	3.7482	3	31.8	6	1	1	high	
5079	5078	disrespect	18942	267	224	262	219	5.2353	2.4281	2.6705	2.3522	Noun	190	0.71161	3.72	3	46.11	10	0	1	high	
16464	16463	souvenir	60996	240	202	221	186	4.7059	2.382	2.4082	2.3075	Noun	239	1	3.6739	3	38.86	8	0	1	high	
19078	19077	warrior	72058	516	267	449	251	10.1176	2.7135	3.1831	2.4281	Noun	517	1	4.0053	3	78.33	7	0	1	high	
6411	6410	festival	24005	505	271	377	212	9.902	2.7042	3.2308	2.4346	Noun	503	0.99604	3.996	3	61.29	8	0	1	high	
3826	3825	contrary	13943	454	409	411	371	8.902	2.658	4.876	2.6128	Noun	333	0.73348	3.9498	3	88.57	8	0	1	high	
6201	6200	faculty	23327	248	160	227	150	4.8627	2.3962	1.9075	2.2068	Noun	246	1	3.688	3	34.83	7	0	1	high	
10658	10657	martini	39279	405	233	295	190	7.9412	2.6085	2.7778	2.3692	Noun	387	0.95792	3.9004	3	214.17	7	1	1	high	
5879	5878	episode	21998	627	462	446	316	12.2941	2.798	5.5079	2.6656	Noun	624	1	4.0898	3	23.17	7	0	1	high	
12873	12872	period	47325	1417	1022	1278	927	27.7843	3.1517	12.1841	3.0099	Noun	1417	1	4.4435	3	40.2	6	0	1	high	
6261	6260	fantasy	23533	828	557	777	527	16.2353	2.9186	6.6404	2.7466	Noun	812	0.99877	4.2104	3	48.17	7	0	1	high	
5796	5795	enemy	21550	2474	1229	2328	1193	48.5098	3.3936	14.6519	3.0899	Noun	2472	0.99919	4.6854	3	12	5	1	1	high	
1269	1268	basketball	5023	1091	420	1014	402	21.3922	3.0382	5.0072	2.6243	Noun	1086	0.99908	4.3301	3	11.56	10	0	1	high	
13724	13723	probation	50315	299	180	284	172	5.8627	2.4771	2.1459	2.2577	Noun	299	1	3.769	3	122.38	9	0	1	high	
5799	5798	energy	21564	1678	995	1587	963	32.902	3.2251	11.8622	2.9983	Noun	1675	1	4.5169	3	16.4	6	0	1	high	
14329	14328	reaction	52475	830	653	803	638	16.2745	2.9196	7.7849	2.8156	Noun	831	1	4.2114	3	125.86	8	0	1	high	
