numid|f	X|f	Word|s	Unnamed|f	FREQcount|f	Cdcount|f	FREQlow|f	Cdlow|f	SUBLTLWF|f	Lg10WF|f	SUBTLCD|f	Lg10CD|f	Dom_PoS_SUBTLEX|s	Freq_dom_PoS_SUBTLEX|f	Percentage_dom_PoS|f	Zipfvalue|f	cmu_sylls|f	BF_TP|f	LEN_L|f	N|f	Zipfvalue_incl|f	Zipfvalue_cat|s	cond_name|s	cond_code|f	trigger_code|f	len|f	corr_resp|f	fix_code|f	word_code|f	delay_code|f	audioresp_code|f	list|f	list_name|s	file_num|s	jittered_ISI|f	total_time|f	
13373	13372	pollution	48995	97	77	85	69	1.902	1.9912	0.91798	1.8921	Noun	97	1	3.2831	3	108	9	0	1	low	low3	4	40	1	2	41	42	43	44	4	list4	list4_13373_pollution_low3	3500	11500	
10423	10422	magician	38525	390	191	372	187	7.6471	2.5922	2.2771	2.2833	Noun	382	0.99479	3.884	3	42.57	8	0	1	high	high3	2	20	1	2	21	22	23	24	4	list4	list4_10423_magician_high3	3300	11300	
3004	3003	chap	10627	324	228	311	222	6.3529	2.5119	2.7182	2.3598	Noun	322	0.99077	3.8037	1	13	4	6	1	high	high1	1	10	1	2	11	12	13	14	4	list4	list4_3004_chap_high1	3350	11350	
9836	9835	leash	36711	219	165	215	162	4.2941	2.3424	1.9671	2.2201	Noun	213	0.97706	3.6343	1	44	5	3	1	low	low1	3	30	1	2	31	32	33	34	4	list4	list4_9836_leash_low1	3300	11300	
19475	19474	wreck	73648	697	518	677	506	13.6667	2.8439	6.1755	2.7152	Noun	506	0.72806	4.1357	1	29	5	2	1	high	high1	1	10	1	2	11	12	13	14	4	list4	list4_19475_wreck_high1	3200	11200	
16474	16473	space	61019	3369	1674	3073	1604	66.0588	3.5276	19.9571	3.224	Noun	3253	0.96672	4.8195	1	33.25	5	6	1	high	high1	1	10	1	2	11	12	13	14	4	list4	list4_16474_space_high1	3350	11350	
16819	16818	stealth	62252	142	78	80	53	2.7843	2.1553	0.9299	1.8976	Noun	142	1	3.4472	1	47.5	7	0	1	low	low1	3	30	1	2	31	32	33	34	4	list4	list4_16819_stealth_low1	3300	11300	
17355	17354	swine	64383	226	160	183	140	4.4314	2.356	1.9075	2.2068	Noun	219	0.96903	3.6479	1	37.25	5	6	1	low	low1	3	30	1	2	31	32	33	34	4	list4	list4_17355_swine_low1	3200	11200	
3305	3304	claw	11819	223	137	163	123	4.3725	2.3502	1.6333	2.1399	Noun	156	0.69955	3.6421	1	13.33	4	6	1	low	low1	3	30	1	2	31	32	33	34	4	list4	list4_3305_claw_low1	3300	11300	
9122	9121	investment	34188	497	373	485	362	9.7451	2.6972	4.4468	2.5729	Noun	497	1	3.9891	3	65	10	0	1	high	high3	2	20	1	2	21	22	23	24	4	list4	list4_9122_investment_high3	3250	11250	
10164	10163	loaf	37623	228	162	224	159	4.4706	2.3598	1.9313	2.2122	Noun	207	0.90789	3.6517	1	20	4	4	1	high	high1	1	10	1	2	11	12	13	14	4	list4	list4_10164_loaf_high1	3200	11200	
16279	16278	snack	60218	466	348	427	326	9.1373	2.6693	4.1488	2.5428	Noun	442	0.94647	3.9612	1	27	5	5	1	high	high1	1	10	1	2	11	12	13	14	4	list4	list4_16279_snack_high1	3300	11300	
16917	16916	stone	62638	2072	938	1158	737	40.6275	3.3166	11.1826	2.9727	Noun	1761	0.85155	4.6084	1	40	5	8	1	high	high1	1	10	1	2	11	12	13	14	4	list4	list4_16917_stone_high1	3300	11300	
15109	15108	rut	55994	78	44	74	42	1.5294	1.8976	0.52456	1.6532	Noun	73	0.9359	3.1895	1	8	3	17	1	low	low1	3	30	1	2	31	32	33	34	4	list4	list4_15109_rut_low1	3250	11250	
11067	11066	minimum	40748	415	363	378	333	8.1373	2.6191	4.3276	2.5611	Noun	225	0.54217	3.9109	3	34.33	7	0	1	high	high3	2	20	1	2	21	22	23	24	4	list4	list4_11067_minimum_high3	3300	11300	
5606	5605	edition	20691	249	194	229	177	4.8824	2.3979	2.3128	2.29	Noun	248	1	3.6898	3	62.17	7	0	1	high	high3	2	20	1	2	21	22	23	24	4	list4	list4_5606_edition_high3	3200	11200	
3718	3717	concussion	13269	229	182	206	170	4.4902	2.3617	2.1698	2.2625	Noun	229	1	3.6536	3	118.33	10	1	1	high	high3	2	20	1	2	21	22	23	24	4	list4	list4_3718_concussion_high3	3450	11450	
13292	13291	plunge	48759	114	101	108	96	2.2353	2.0607	1.2041	2.0086	Noun	61	0.53509	3.3525	1	33.2	6	0	1	low	low1	3	30	1	2	31	32	33	34	4	list4	list4_13292_plunge_low1	3400	11400	
7631	7630	gratitude	28234	395	338	376	325	7.7451	2.5977	4.0296	2.5302	Noun	390	0.9949	3.8895	3	49.25	9	0	1	high	high3	2	20	1	2	21	22	23	24	4	list4	list4_7631_gratitude_high3	3450	11450	
4352	4351	currency	15806	186	146	174	139	3.6471	2.2718	1.7406	2.1673	Noun	186	1	3.5637	3	47.57	8	0	1	low	low3	4	40	1	2	41	42	43	44	4	list4	list4_4352_currency_low3	3200	11200	
11331	11330	moor	41611	101	23	82	14	1.9804	2.0086	0.2742	1.3802	Noun	105	0.97222	3.3004	1	26.33	4	6	1	low	low1	3	30	1	2	31	32	33	34	4	list4	list4_11331_moor_low1	3250	11250	
8680	8679	hyena	31714	72	37	64	35	1.4118	1.8633	0.44111	1.5798	Noun	70	0.97222	3.1552	3	8	5	0	1	low	low3	4	40	1	2	41	42	43	44	4	list4	list4_8680_hyena_low3	3250	11250	
17816	17815	throne	66149	441	232	428	229	8.6471	2.6454	2.7659	2.3674	Noun	444	1	3.9373	1	38.6	6	1	1	high	high1	1	10	1	2	11	12	13	14	4	list4	list4_17816_throne_high1	3400	11400	
15179	15178	salami	56210	114	77	104	69	2.2353	2.0607	0.91798	1.8921	Noun	113	0.99123	3.3525	3	34.6	6	0	1	low	low3	4	40	1	2	41	42	43	44	4	list4	list4_15179_salami_low3	3250	11250	
17737	17736	theatre	65812	582	236	488	188	11.4118	2.7657	2.8135	2.3747	Noun	578	0.99827	4.0575	3	48.33	7	0	1	high	high3	2	20	1	2	21	22	23	24	4	list4	list4_17737_theatre_high3	3350	11350	
6027	6026	example	22610	1527	1184	1508	1168	29.9412	3.1841	14.1154	3.0737	Noun	907	0.59281	4.476	3	39.17	7	0	1	high	high3	2	20	1	2	21	22	23	24	4	list4	list4_6027_example_high3	3200	11200	
1414	1413	beginner	5460	99	82	76	65	1.9412	2	0.97759	1.9191	Noun	98	1	3.2918	3	66.29	8	0	1	low	low3	4	40	1	2	41	42	43	44	4	list4	list4_1414_beginner_low3	3250	11250	
93	92	admission	798	181	164	167	153	3.549	2.2601	1.9552	2.2175	Noun	181	1	3.5519	3	71	9	0	1	low	low3	4	40	1	2	41	42	43	44	4	list4	list4_93_admission_low3	3300	11300	
11094	11093	mint	40797	277	204	201	159	5.4314	2.444	2.432	2.3118	Noun	169	0.62593	3.7359	1	32.67	4	10	1	high	high1	1	10	1	2	11	12	13	14	4	list4	list4_11094_mint_high1	3450	11450	
13053	13052	pike	48074	234	79	41	37	4.5882	2.3711	0.94182	1.9031	Noun	182	0.77778	3.6629	1	15.67	4	8	1	high	high1	1	10	1	2	11	12	13	14	4	list4	list4_13053_pike_high1	3400	11400	
17102	17101	subpoena	63370	113	87	109	83	2.2157	2.0569	1.0372	1.9445	Noun	71	0.63393	3.3487	3	30.71	8	0	1	low	low3	4	40	1	2	41	42	43	44	4	list4	list4_17102_subpoena_low3	3200	11200	
18806	18805	vibration	71221	80	57	77	56	1.5686	1.9085	0.67954	1.7634	Noun	80	1	3.2003	3	107.63	9	0	1	low	low3	4	40	1	2	41	42	43	44	4	list4	list4_18806_vibration_low3	3450	11450	
17388	17387	sync	64546	168	129	84	73	3.2941	2.2279	1.5379	2.1139	Noun	70	0.65421	3.5197	1	0.67	4	0	1	low	low1	3	30	1	2	31	32	33	34	4	list4	list4_17388_sync_low1	3350	11350	
8966	8965	injection	33356	211	148	206	146	4.1373	2.3263	1.7644	2.1732	Noun	211	1	3.6182	3	115.75	9	1	1	low	low3	4	40	1	2	41	42	43	44	4	list4	list4_8966_injection_low3	3250	11250	
5072	5071	disposal	18898	250	212	245	209	4.902	2.3997	2.5274	2.3284	Noun	250	1	3.6915	3	56.71	8	0	1	high	high3	2	20	1	2	21	22	23	24	4	list4	list4_5072_disposal_high3	3400	11400	
9531	9530	kit	35731	900	424	473	354	17.6471	2.9547	5.0548	2.6284	Noun	897	0.99778	4.2466	1	7	3	12	1	high	high1	1	10	1	2	11	12	13	14	4	list4	list4_9531_kit_high1	3300	11300	
9547	9546	knack	35781	127	103	126	103	2.4902	2.1072	1.2279	2.017	Noun	127	1	3.399	1	25.5	5	2	1	low	low1	3	30	1	2	31	32	33	34	4	list4	list4_9547_knack_low1	3450	11450	
14462	14461	referee	53234	183	106	146	91	3.5882	2.2648	1.2637	2.0294	Noun	163	0.8956	3.5567	3	75.5	7	0	1	low	low3	4	40	1	2	41	42	43	44	4	list4	list4_14462_referee_low3	3350	11350	
17298	17297	suspicion	64154	373	308	343	293	7.3137	2.5729	3.6719	2.49	Noun	368	0.98396	3.8647	3	66.38	9	0	1	high	high3	2	20	1	2	21	22	23	24	4	list4	list4_17298_suspicion_high3	3500	11500	
11869	11868	norm	43673	170	64	28	28	3.3333	2.233	0.76299	1.8129	Noun	160	0.94118	3.5248	1	20.33	4	3	1	low	low1	3	30	1	2	31	32	33	34	4	list4	list4_11869_norm_low1	3200	11200	
