numid|f	X|f	Word|s	Unnamed|f	FREQcount|f	Cdcount|f	FREQlow|f	Cdlow|f	SUBLTLWF|f	Lg10WF|f	SUBTLCD|f	Lg10CD|f	Dom_PoS_SUBTLEX|s	Freq_dom_PoS_SUBTLEX|f	Percentage_dom_PoS|f	Zipfvalue|f	cmu_sylls|f	BF_TP|f	LEN_L|f	N|f	Zipfvalue_incl|f	Zipfvalue_cat|s	cond_name|s	cond_code|f	trigger_code|f	len|f	corr_resp|f	fix_code|f	word_code|f	delay_code|f	audioresp_code|f	list|f	list_name|s	file_num|s	jittered_ISI|f	total_time|f	
17603	17602	teenager	65314	351	288	341	280	6.8824	2.5465	3.4335	2.4609	Noun	353	1	3.8384	3	55.71	8	0	1	high	high3	2	20	1	2	21	22	23	24	5	list5	list5_17603_teenager_high3	3300	11300	
10701	10700	mat	39422	178	139	166	135	3.4902	2.2529	1.6571	2.1461	Noun	174	0.98305	3.5447	1	11.5	3	22	1	low	low1	3	30	1	2	31	32	33	34	5	list5	list5_10701_mat_low1	3350	11350	
7801	7800	guild	28755	103	53	14	11	2.0196	2.017	0.63186	1.7324	Noun	100	0.97087	3.3089	1	24.5	5	3	1	low	low1	3	30	1	2	31	32	33	34	5	list5	list5_7801_guild_low1	3500	11500	
10579	10578	manual	39026	408	299	366	274	8	2.6117	3.5646	2.4771	Noun	293	0.7199	3.9036	3	54.4	6	0	1	high	high3	2	20	1	2	21	22	23	24	5	list5	list5_10579_manual_high3	3350	11350	
12316	12315	overdose	45388	136	100	115	90	2.6667	2.1367	1.1922	2.0043	Noun	112	0.82353	3.4286	3	37.57	8	1	1	low	low3	4	40	1	2	41	42	43	44	5	list5	list5_12316_overdose_low3	3200	11200	
5135	5134	doc	19255	4122	1078	866	421	80.8235	3.6152	12.8517	3.033	Noun	4114	0.99951	4.907	1	3.5	3	5	1	high	high1	1	10	1	2	11	12	13	14	5	list5	list5_5135_doc_high1	3500	11500	
2200	2199	brunch	8148	189	107	180	102	3.7059	2.2788	1.2756	2.0334	Noun	139	0.73545	3.5706	1	38.6	6	2	1	low	low1	3	30	1	2	31	32	33	34	5	list5	list5_2200_brunch_low1	3450	11450	
12660	12659	patch	46630	888	521	586	431	17.4118	2.9489	6.2113	2.7177	Noun	593	0.66779	4.2407	1	46.5	5	7	1	high	high1	1	10	1	2	11	12	13	14	5	list5	list5_12660_patch_high1	3400	11400	
5839	5838	entity	21826	86	58	85	58	1.6863	1.9395	0.69146	1.7709	Noun	86	1	3.2314	3	43.2	6	1	1	low	low3	4	40	1	2	41	42	43	44	5	list5	list5_5839_entity_low3	3350	11350	
15100	15099	ruse	55955	85	72	85	72	1.6667	1.9345	0.85837	1.8633	Noun	85	1	3.2263	1	20.67	4	9	1	low	low1	3	30	1	2	31	32	33	34	5	list5	list5_15100_ruse_low1	3250	11250	
112	111	advisor	941	225	145	198	132	4.4118	2.3541	1.7287	2.1644	Noun	224	0.99556	3.6459	3	21.5	7	1	1	low	low3	4	40	1	2	41	42	43	44	5	list5	list5_112_advisor_low3	3200	11200	
5126	5125	division	19197	946	539	536	354	18.549	2.9763	6.4258	2.7324	Noun	944	0.99894	4.2682	3	72.14	8	0	1	high	high3	2	20	1	2	21	22	23	24	5	list5	list5_5126_division_high3	3500	11500	
14066	14065	quarantine	51613	227	91	202	87	4.451	2.3579	1.0849	1.9638	Noun	195	0.85903	3.6498	3	126	10	0	1	low	low3	4	40	1	2	41	42	43	44	5	list5	list5_14066_quarantine_low3	3450	11450	
14124	14123	quiz	51844	252	155	226	144	4.9412	2.4031	1.8479	2.1931	Noun	231	0.92032	3.695	1	4.33	4	3	1	high	high1	1	10	1	2	11	12	13	14	5	list5	list5_14124_quiz_high1	3200	11200	
18521	18520	underpants	69070	150	102	130	92	2.9412	2.179	1.216	2.0128	Noun	143	0.95333	3.4708	3	70.44	10	0	1	low	low3	4	40	1	2	41	42	43	44	5	list5	list5_18521_underpants_low3	3500	11500	
14491	14490	refugee	53365	98	73	93	71	1.9216	1.9956	0.87029	1.8692	Noun	98	1	3.2875	3	57	7	1	1	low	low3	4	40	1	2	41	42	43	44	5	list5	list5_14491_refugee_low3	3450	11450	
17053	17052	studio	63106	1190	566	1071	517	23.3333	3.0759	6.7477	2.7536	Noun	1187	0.99832	4.3677	3	30.8	6	0	1	high	high3	2	20	1	2	21	22	23	24	5	list5	list5_17053_studio_high3	3300	11300	
13650	13649	pretender	50077	94	37	54	35	1.8431	1.9777	0.44111	1.5798	Noun	91	0.96809	3.2696	3	79.13	9	1	1	low	low3	4	40	1	2	41	42	43	44	5	list5	list5_13650_pretender_low3	3500	11500	
4808	4807	destroyer	17658	185	91	116	74	3.6275	2.2695	1.0849	1.9638	Noun	174	0.98305	3.5613	3	63	9	1	1	low	low3	4	40	1	2	41	42	43	44	5	list5	list5_4808_destroyer_low3	3350	11350	
12805	12804	penalty	47060	464	307	449	301	9.098	2.6675	3.66	2.4886	Noun	464	1	3.9593	3	47	7	0	1	high	high3	2	20	1	2	21	22	23	24	5	list5	list5_12805_penalty_high3	3300	11300	
1193	1192	barbecue	4787	456	272	408	256	8.9412	2.6599	3.2427	2.4362	Noun	366	0.80617	3.9518	3	40.29	8	0	1	high	high3	2	20	1	2	21	22	23	24	5	list5	list5_1193_barbecue_high3	3300	11300	
16356	16355	sock	60575	458	302	383	276	8.9804	2.6618	3.6004	2.4814	Noun	336	0.73362	3.9536	1	27.33	4	12	1	high	high1	1	10	1	2	11	12	13	14	5	list5	list5_16356_sock_high1	3250	11250	
7738	7737	grove	28588	197	101	59	40	3.8627	2.2967	1.2041	2.0086	Noun	170	0.86294	3.5885	1	39.25	5	5	1	low	low1	3	30	1	2	31	32	33	34	5	list5	list5_7738_grove_low1	3450	11450	
11199	11198	mockery	41191	94	76	92	75	1.8431	1.9777	0.90606	1.8865	Noun	94	1	3.2696	3	101.17	7	1	1	low	low3	4	40	1	2	41	42	43	44	5	list5	list5_11199_mockery_low3	3450	11450	
6793	6792	food	25238	7876	3605	7355	3494	154.4314	3.8964	42.9781	3.557	Noun	7869	0.99975	5.1882	1	28.33	4	10	1	high	high1	1	10	1	2	11	12	13	14	5	list5	list5_6793_food_high1	3300	11300	
8933	8932	influence	33194	754	599	747	598	14.7843	2.8779	7.1412	2.7782	Noun	587	0.77955	4.1698	3	62.88	9	0	1	high	high3	2	20	1	2	21	22	23	24	5	list5	list5_8933_influence_high3	3350	11350	
9476	9475	kidnapping	35571	617	340	567	320	12.098	2.791	4.0534	2.5328	Noun	561	0.90924	4.0828	3	114.67	10	0	1	high	high3	2	20	1	2	21	22	23	24	5	list5	list5_9476_kidnapping_high3	3500	11500	
3213	3212	chum	11447	156	94	132	91	3.0588	2.1959	1.1206	1.9777	Noun	151	0.96795	3.4877	1	10.33	4	2	1	low	low1	3	30	1	2	31	32	33	34	5	list5	list5_3213_chum_low1	3500	11500	
13034	13033	pier	48013	334	213	235	166	6.549	2.525	2.5393	2.3304	Noun	334	0.99701	3.8169	1	17	4	5	1	high	high1	1	10	1	2	11	12	13	14	5	list5	list5_13034_pier_high1	3200	11200	
5680	5679	elf	21016	193	76	158	67	3.7843	2.2878	0.90606	1.8865	Noun	190	0.98446	3.5796	1	2	3	3	1	low	low1	3	30	1	2	31	32	33	34	5	list5	list5_5680_elf_low1	3450	11450	
2212	2211	brute	8187	162	133	142	119	3.1765	2.2122	1.5856	2.1271	Noun	162	1	3.504	1	29.25	5	0	1	low	low1	3	30	1	2	31	32	33	34	5	list5	list5_2212_brute_low1	3300	11300	
14623	14622	reporter	54101	1040	513	853	456	20.3922	3.0175	6.1159	2.711	Noun	1035	0.99711	4.3093	3	115.29	8	1	1	high	high3	2	20	1	2	21	22	23	24	5	list5	list5_14623_reporter_high3	3350	11350	
11537	11536	musician	42280	308	208	294	202	6.0392	2.49	2.4797	2.3201	Noun	308	1	3.7818	3	38.71	8	0	1	high	high3	2	20	1	2	21	22	23	24	5	list5	list5_11537_musician_high3	3400	11400	
15341	15340	scan	56771	480	306	423	277	9.4118	2.6821	3.6481	2.4871	Noun	282	0.5875	3.974	1	8.67	4	4	1	high	high1	1	10	1	2	11	12	13	14	5	list5	list5_15341_scan_high1	3350	11350	
16104	16103	ski	59493	413	222	348	198	8.098	2.617	2.6466	2.3483	Noun	266	0.6472	3.9088	1	1.5	3	1	1	high	high1	1	10	1	2	11	12	13	14	5	list5	list5_16104_ski_high1	3250	11250	
218	217	aisle	1378	379	284	343	263	7.4314	2.5798	3.3858	2.4548	Noun	379	1	3.8716	1	17.5	5	0	1	high	high1	1	10	1	2	11	12	13	14	5	list5	list5_218_aisle_high1	3500	11500	
15808	15807	shell	58422	674	403	520	370	13.2157	2.8293	4.8045	2.6064	Noun	593	0.76418	4.1211	1	34	5	5	1	high	high1	1	10	1	2	11	12	13	14	5	list5	list5_15808_shell_high1	3300	11300	
1658	1657	bleach	6478	118	71	110	70	2.3137	2.0755	0.84645	1.8573	Noun	84	0.70588	3.3674	1	37.4	6	1	1	low	low1	3	30	1	2	31	32	33	34	5	list5	list5_1658_bleach_low1	3500	11500	
1654	1653	blaze	6468	107	77	88	72	2.098	2.0334	0.91798	1.8921	Noun	80	0.74766	3.3253	1	30	5	5	1	low	low1	3	30	1	2	31	32	33	34	5	list5	list5_1654_blaze_low1	3350	11350	
2952	2951	certainty	10416	154	126	152	125	3.0196	2.1903	1.5021	2.1038	Noun	155	1	3.4822	3	58	9	1	1	low	low3	4	40	1	2	41	42	43	44	5	list5	list5_2952_certainty_low3	3450	11450	
