numid|f	X|f	Word|s	Unnamed|f	FREQcount|f	Cdcount|f	FREQlow|f	Cdlow|f	SUBLTLWF|f	Lg10WF|f	SUBTLCD|f	Lg10CD|f	Dom_PoS_SUBTLEX|s	Freq_dom_PoS_SUBTLEX|f	Percentage_dom_PoS|f	Zipfvalue|f	cmu_sylls|f	BF_TP|f	LEN_L|f	N|f	Zipfvalue_incl|f	Zipfvalue_cat|s	cond_name|s	cond_code|f	trigger_code|f	len|f	corr_resp|f	fix_code|f	word_code|f	delay_code|f	audioresp_code|f	list|f	list_name|s	file_num|s	jittered_ISI|f	total_time|f	
14928	14927	rock	55392	4394	1905	3219	1631	86.1569	3.643	22.711	3.2801	Noun	3487	0.81586	4.9348	1	27.67	4	12	1	high	high1	1	10	1	2	11	12	13	14	2	list2	list2_14928_rock_high1	3250	11250	
18743	18742	vent	71015	225	159	211	152	4.4118	2.3541	1.8956	2.2041	Noun	174	0.78378	3.6459	1	21.33	4	10	1	low	low1	3	30	1	2	31	32	33	34	2	list2	list2_18743_vent_low1	3350	11350	
17800	17799	threat	66097	1059	757	1033	747	20.7647	3.0253	9.0248	2.8797	Noun	1060	1	4.3171	1	33.8	6	2	1	high	high1	1	10	1	2	11	12	13	14	2	list2	list2_17800_threat_high1	3350	11350	
17968	17967	tolerance	66689	130	106	121	101	2.549	2.1173	1.2637	2.0294	Noun	130	1	3.4091	3	77.38	9	0	1	low	low3	4	40	1	2	41	42	43	44	2	list2	list2_17968_tolerance_low3	3200	11200	
743	742	artery	3249	271	181	266	177	5.3137	2.4346	2.1578	2.2601	Noun	271	1	3.7264	3	48.6	6	0	1	high	high3	2	20	1	2	21	22	23	24	2	list2	list2_743_artery_high3	3400	11400	
8064	8063	hash	29609	180	133	164	121	3.5294	2.2577	1.5856	2.1271	Noun	132	0.73743	3.5495	1	30	4	12	1	low	low1	3	30	1	2	31	32	33	34	2	list2	list2_8064_hash_low1	3500	11500	
10188	10187	location	37695	1263	823	1213	799	24.7647	3.1017	9.8116	2.9159	Noun	1258	1	4.3936	3	87.43	8	1	1	high	high3	2	20	1	2	21	22	23	24	2	list2	list2_10188_location_high3	3400	11400	
9681	9680	landlady	36274	106	77	104	75	2.0784	2.0294	0.91798	1.8921	Noun	106	1	3.3212	3	48.14	8	0	1	low	low3	4	40	1	2	41	42	43	44	2	list2	list2_9681_landlady_low3	3450	11450	
3626	3625	commission	12848	703	435	478	344	13.7843	2.8476	5.186	2.6395	Noun	679	0.96724	4.1394	3	111.44	10	0	1	high	high3	2	20	1	2	21	22	23	24	2	list2	list2_3626_commission_high3	3250	11250	
17687	17686	term	65601	890	693	879	685	17.451	2.9499	8.2618	2.8414	Noun	842	0.94713	4.2417	1	16	4	3	1	high	high1	1	10	1	2	11	12	13	14	2	list2	list2_17687_term_high1	3500	11500	
3903	3902	cork	14291	146	116	113	90	2.8627	2.1673	1.3829	2.0682	Noun	112	0.77778	3.4592	1	30.33	4	8	1	low	low1	3	30	1	2	31	32	33	34	2	list2	list2_3903_cork_low1	3500	11500	
19564	19563	youth	74060	858	600	747	536	16.8235	2.934	7.1531	2.7789	Noun	861	1	4.2258	1	27.75	5	2	1	high	high1	1	10	1	2	11	12	13	14	2	list2	list2_19564_youth_high1	3300	11300	
12369	12368	oxygen	45759	708	399	643	373	13.8824	2.8506	4.7568	2.6021	Noun	706	0.99859	4.1425	3	40.8	6	0	1	high	high3	2	20	1	2	21	22	23	24	2	list2	list2_12369_oxygen_high3	3300	11300	
4334	4333	curb	15755	209	173	200	165	4.098	2.3222	2.0625	2.2405	Noun	139	0.66507	3.6141	1	16.67	4	4	1	low	low1	3	30	1	2	31	32	33	34	2	list2	list2_4334_curb_low1	3350	11350	
6369	6368	fellowship	23889	150	83	127	73	2.9412	2.179	0.98951	1.9243	Noun	150	1	3.4708	3	22.44	10	0	1	low	low3	4	40	1	2	41	42	43	44	2	list2	list2_6369_fellowship_low3	3250	11250	
3942	3941	correction	14398	163	134	74	64	3.1961	2.2148	1.5975	2.1303	Noun	163	1	3.5067	3	155.89	10	0	1	low	low3	4	40	1	2	41	42	43	44	2	list2	list2_3942_correction_low3	3450	11450	
7235	7234	gauze	26843	73	56	63	51	1.4314	1.8692	0.66762	1.7559	Noun	54	0.73973	3.1611	1	14.25	5	2	1	low	low1	3	30	1	2	31	32	33	34	2	list2	list2_7235_gauze_low1	3450	11450	
5896	5895	equipment	22061	1298	849	1270	831	25.451	3.1136	10.1216	2.9294	Noun	1296	1	4.4054	3	42.25	9	0	1	high	high3	2	20	1	2	21	22	23	24	2	list2	list2_5896_equipment_high3	3350	11350	
4339	4338	cure	15770	1063	627	1033	616	20.8431	3.0269	7.475	2.798	Noun	587	0.55221	4.3188	1	27.67	4	11	1	high	high1	1	10	1	2	11	12	13	14	2	list2	list2_4339_cure_high1	3500	11500	
18278	18277	trip	67775	4202	2366	4055	2343	82.3922	3.6236	28.207	3.3742	Noun	4125	0.98355	4.9154	1	14	4	5	1	high	high1	1	10	1	2	11	12	13	14	2	list2	list2_18278_trip_high1	3350	11350	
13725	13724	probe	50319	225	134	209	127	4.4118	2.3541	1.5975	2.1303	Noun	166	0.73778	3.6459	1	28	5	3	1	low	low1	3	30	1	2	31	32	33	34	2	list2	list2_13725_probe_low1	3500	11500	
12297	12296	outsider	45239	121	97	117	93	2.3725	2.0864	1.1564	1.9912	Noun	121	1	3.3782	3	60.43	8	0	1	low	low3	4	40	1	2	41	42	43	44	2	list2	list2_12297_outsider_low3	3250	11250	
12218	12217	orphanage	44907	273	136	256	132	5.3529	2.4378	1.6214	2.1367	Noun	273	1	3.7296	3	24.63	9	0	1	high	high3	2	20	1	2	21	22	23	24	2	list2	list2_12218_orphanage_high3	3400	11400	
5523	5522	dynasty	20417	130	83	57	46	2.549	2.1173	0.98951	1.9243	Noun	129	1	3.4091	3	23.33	7	0	1	low	low3	4	40	1	2	41	42	43	44	2	list2	list2_5523_dynasty_low3	3450	11450	
4012	4011	coup	14698	133	106	123	98	2.6078	2.1271	1.2637	2.0294	Noun	135	0.97826	3.4189	1	20.33	4	1	1	low	low1	3	30	1	2	31	32	33	34	2	list2	list2_4012_coup_low1	3300	11300	
17457	17456	takeover	64808	80	54	77	53	1.5686	1.9085	0.64378	1.7404	Noun	80	1	3.2003	3	40.86	8	0	1	low	low3	4	40	1	2	41	42	43	44	2	list2	list2_17457_takeover_low3	3500	11500	
4716	4715	den	17216	312	219	258	203	6.1176	2.4955	2.6109	2.3424	Noun	292	0.93891	3.7874	1	6.5	3	14	1	high	high1	1	10	1	2	11	12	13	14	2	list2	list2_4716_den_high1	3200	11200	
3678	3677	composer	13078	127	73	116	71	2.4902	2.1072	0.87029	1.8692	Noun	127	1	3.399	3	89.14	8	2	1	low	low3	4	40	1	2	41	42	43	44	2	list2	list2_3678_composer_low3	3400	11400	
16858	16857	stern	62408	327	154	140	106	6.4118	2.5159	1.836	2.1903	Noun	199	0.60856	3.8077	1	33	5	1	1	high	high1	1	10	1	2	11	12	13	14	2	list2	list2_16858_stern_high1	3500	11500	
13578	13577	precaution	49680	174	156	173	155	3.4118	2.243	1.8598	2.1959	Noun	176	1	3.5349	3	122.11	10	0	1	low	low3	4	40	1	2	41	42	43	44	2	list2	list2_13578_precaution_low3	3400	11400	
17506	17505	tap	64988	752	480	653	440	14.7451	2.8768	5.7225	2.6821	Noun	392	0.52197	4.1686	1	9	3	18	1	high	high1	1	10	1	2	11	12	13	14	2	list2	list2_17506_tap_high1	3300	11300	
11278	11277	monitor	41439	669	472	623	450	13.1176	2.8261	5.6271	2.6749	Noun	375	0.56054	4.1179	3	41.83	7	0	1	high	high3	2	20	1	2	21	22	23	24	2	list2	list2_11278_monitor_high3	3200	11200	
12520	12519	paperwork	46180	531	430	509	415	10.4118	2.7259	5.1264	2.6345	Noun	528	0.99623	4.0177	3	53.13	9	0	1	high	high3	2	20	1	2	21	22	23	24	2	list2	list2_12520_paperwork_high3	3450	11450	
18003	18002	tool	66795	548	369	418	340	10.7451	2.7396	4.3991	2.5682	Noun	543	0.99088	4.0314	1	29.67	4	8	1	high	high1	1	10	1	2	11	12	13	14	2	list2	list2_18003_tool_high1	3350	11350	
8677	8676	hydrogen	31687	136	79	122	73	2.6667	2.1367	0.94182	1.9031	Noun	136	1	3.4286	3	24	8	0	1	low	low3	4	40	1	2	41	42	43	44	2	list2	list2_8677_hydrogen_low3	3300	11300	
880	879	attention	3749	5032	3000	3854	2620	98.6667	3.7018	35.7654	3.4773	Noun	5016	1	4.9937	3	112	9	0	1	high	high3	2	20	1	2	21	22	23	24	2	list2	list2_880_attention_high3	3400	11400	
12790	12789	peer	46999	78	63	70	56	1.5294	1.8976	0.75107	1.8062	Noun	49	0.62821	3.1895	1	26.67	4	11	1	low	low1	3	30	1	2	31	32	33	34	2	list2	list2_12790_peer_low1	3200	11200	
12744	12743	pea	46833	199	127	159	111	3.902	2.301	1.5141	2.1072	Noun	207	0.99043	3.5929	1	6.5	3	11	1	low	low1	3	30	1	2	31	32	33	34	2	list2	list2_12744_pea_low1	3400	11400	
2177	2176	brook	8083	104	70	70	48	2.0392	2.0212	0.83453	1.8513	Noun	61	0.59223	3.313	1	35.25	5	3	1	low	low1	3	30	1	2	31	32	33	34	2	list2	list2_2177_brook_low1	3350	11350	
159	158	agreement	1242	892	603	867	594	17.4902	2.9509	7.1888	2.781	Noun	887	1	4.2427	3	52.63	9	0	1	high	high3	2	20	1	2	21	22	23	24	2	list2	list2_159_agreement_high3	3400	11400	
