numid|f	X|f	Word|s	Unnamed|f	FREQcount|f	Cdcount|f	FREQlow|f	Cdlow|f	SUBLTLWF|f	Lg10WF|f	SUBTLCD|f	Lg10CD|f	Dom_PoS_SUBTLEX|s	Freq_dom_PoS_SUBTLEX|f	Percentage_dom_PoS|f	Zipfvalue|f	cmu_sylls|f	BF_TP|f	LEN_L|f	N|f	Zipfvalue_incl|f	Zipfvalue_cat|s	cond_name|s	cond_code|f	trigger_code|f	len|f	corr_resp|f	fix_code|f	word_code|f	delay_code|f	audioresp_code|f	
686	685	argument	3064	867	702	857	698	17	2.9385	8.3691	2.847	Noun	867	1	4.2304	3	40	8	0	1	high	high3	2	20	1	2	21	22	23	24	
953	952	avenue	4047	861	564	87	72	16.8824	2.9355	6.7239	2.752	Noun	857	1	4.2273	3	15.2	6	1	1	high	high3	2	20	1	2	21	22	23	24	
7084	7083	furniture	26367	769	538	729	523	15.0784	2.8865	6.4139	2.7316	Noun	767	1	4.1783	3	35.13	9	0	1	high	high3	2	20	1	2	21	22	23	24	
17161	17160	suggestion	63607	622	519	617	517	12.1961	2.7945	6.1874	2.716	Noun	622	1	4.0863	3	119.89	10	0	1	high	high3	2	20	1	2	21	22	23	24	
12133	12132	opinion	44656	2142	1430	2134	1427	42	3.331	17.0482	3.1556	Noun	2144	1	4.6229	3	53	7	0	1	high	high3	2	20	1	2	21	22	23	24	
470	469	animal	2264	2320	1372	2086	1281	45.4902	3.3657	16.3567	3.1377	Noun	2312	0.99741	4.6575	3	31.8	6	0	1	high	high3	2	20	1	2	21	22	23	24	
6732	6731	fluff	25025	72	54	63	49	1.4118	1.8633	0.64378	1.7404	Noun	51	0.70833	3.1552	1	24.75	5	1	1	low	low1	3	30	1	2	31	32	33	34	
7185	7184	gardener	26684	214	141	208	135	4.1961	2.3324	1.681	2.1523	Noun	214	1	3.6243	3	91.14	8	0	1	low	low3	4	40	1	2	41	42	43	44	
17464	17463	tale	64822	612	435	563	413	12	2.7875	5.186	2.6395	Noun	610	1	4.0793	1	29.67	4	16	1	high	high1	1	10	1	2	11	12	13	14	
4739	4738	departure	17314	275	219	259	210	5.3922	2.4409	2.6109	2.3424	Noun	274	0.99636	3.7327	3	50.63	9	0	1	high	high3	2	20	1	2	21	22	23	24	
10703	10702	match	39425	2521	1557	2416	1521	49.4314	3.4017	18.5622	3.1926	Noun	1609	0.63925	4.6936	1	45.25	5	7	1	high	high1	1	10	1	2	11	12	13	14	
8851	8850	incision	32688	121	95	119	94	2.3725	2.0864	1.1326	1.9823	Noun	119	1	3.3782	3	75.14	8	0	1	low	low3	4	40	1	2	41	42	43	44	
4204	4203	crocodile	15300	115	70	100	55	2.2549	2.0645	0.83453	1.8513	Noun	113	0.98261	3.3563	3	46.75	9	0	1	low	low3	4	40	1	2	41	42	43	44	
16257	16256	smear	60085	111	90	104	84	2.1765	2.0492	1.073	1.959	Noun	69	0.62162	3.3411	1	22	5	3	1	low	low1	3	30	1	2	31	32	33	34	
14445	14444	reduction	53153	88	75	83	71	1.7255	1.9494	0.89413	1.8808	Noun	88	1	3.2412	3	124	9	2	1	low	low3	4	40	1	2	41	42	43	44	
4144	4143	creed	15096	129	51	51	37	2.5294	2.1139	0.60801	1.716	Noun	124	0.96124	3.4058	1	80.75	5	7	1	low	low1	3	30	1	2	31	32	33	34	
3786	3785	constable	13703	144	67	73	46	2.8235	2.1614	0.79876	1.8325	Noun	114	0.78621	3.4532	3	87.75	9	0	1	low	low3	4	40	1	2	41	42	43	44	
18645	18644	vale	70703	75	19	5	5	1.4706	1.8808	0.22651	1.301	Noun	44	0.58667	3.1726	1	25.33	4	12	1	low	low1	3	30	1	2	31	32	33	34	
8096	8095	hay	29739	325	200	252	184	6.3725	2.5132	2.3844	2.3032	Noun	252	0.77778	3.8051	1	10.5	3	20	1	high	high1	1	10	1	2	11	12	13	14	
18787	18786	vest	71158	284	203	280	199	5.5686	2.4548	2.4201	2.3096	Noun	284	1	3.7467	1	21.33	4	11	1	high	high1	1	10	1	2	11	12	13	14	
15260	15259	sarcasm	56488	146	129	126	114	2.8627	2.1673	1.5379	2.1139	Noun	146	1	3.4592	3	49.33	7	0	1	low	low3	4	40	1	2	41	42	43	44	
1650	1649	blast	6453	825	598	661	513	16.1765	2.917	7.1292	2.7774	Noun	455	0.55218	4.2088	1	43.5	5	3	1	high	high1	1	10	1	2	11	12	13	14	
1901	1900	boot	7251	568	374	484	350	11.1373	2.7551	4.4588	2.574	Noun	382	0.67135	4.0469	1	34.67	4	17	1	high	high1	1	10	1	2	11	12	13	14	
15082	15081	rump	55907	72	64	68	62	1.4118	1.8633	0.76299	1.8129	Noun	72	1	3.1552	1	16.33	4	8	1	low	low1	3	30	1	2	31	32	33	34	
3367	3366	cloak	12000	153	92	147	90	3	2.1875	1.0968	1.9685	Noun	151	0.98693	3.4794	1	29.5	5	2	1	low	low1	3	30	1	2	31	32	33	34	
12483	12482	pang	46097	81	31	15	13	1.5882	1.9138	0.36958	1.5051	Noun	57	0.7037	3.2056	1	35.67	4	13	1	low	low1	3	30	1	2	31	32	33	34	
11105	11104	miracle	40822	1359	871	1258	827	26.6471	3.1335	10.3839	2.9405	Noun	1354	0.99779	4.4254	3	48	7	0	1	high	high3	2	20	1	2	21	22	23	24	
8538	8537	hospital	31182	6334	2611	5727	2472	124.1961	3.8017	31.1278	3.417	Noun	6328	0.99984	5.0936	3	37.43	8	0	1	high	high3	2	20	1	2	21	22	23	24	
18859	18858	vinegar	71375	86	70	77	66	1.6863	1.9395	0.83453	1.8513	Noun	83	1	3.2314	3	28.83	7	0	1	low	low3	4	40	1	2	41	42	43	44	
15798	15797	sheet	58402	592	464	579	459	11.6078	2.7731	5.5317	2.6675	Noun	590	1	4.0649	1	38.25	5	5	1	high	high1	1	10	1	2	11	12	13	14	
12751	12750	peak	46859	303	215	245	181	5.9412	2.4829	2.5632	2.3345	Noun	275	0.90759	3.7747	1	28.33	4	11	1	high	high1	1	10	1	2	11	12	13	14	
19463	19462	wound	73604	1353	937	1316	926	26.5294	3.1316	11.1707	2.9722	Noun	866	0.64101	4.4235	1	33.5	5	8	1	high	high1	1	10	1	2	11	12	13	14	
9738	9737	latch	36436	98	73	80	63	1.9216	1.9956	0.87029	1.8692	Noun	56	0.56566	3.2875	1	42.25	5	7	1	low	low1	3	30	1	2	31	32	33	34	
16070	16069	site	59378	980	601	965	595	19.2157	2.9917	7.165	2.7796	Noun	972	0.99285	4.2835	1	21	4	10	1	high	high1	1	10	1	2	11	12	13	14	
4725	4724	density	17271	73	65	71	64	1.4314	1.8692	0.77492	1.8195	Noun	73	1	3.1611	3	75	7	1	1	low	low3	4	40	1	2	41	42	43	44	
16577	16576	spine	61407	293	241	288	237	5.7451	2.4683	2.8732	2.3838	Noun	291	1	3.7602	1	43.75	5	9	1	high	high1	1	10	1	2	11	12	13	14	
3002	3001	chant	10610	116	82	108	77	2.2745	2.0682	0.97759	1.9191	Noun	62	0.52991	3.36	1	42	5	1	1	low	low1	3	30	1	2	31	32	33	34	
10322	10321	lug	38166	132	104	118	99	2.5882	2.1239	1.2399	2.0212	Noun	84	0.63636	3.4157	1	5.5	3	12	1	low	low1	3	30	1	2	31	32	33	34	
17535	17534	task	65080	649	488	613	467	12.7255	2.8129	5.8178	2.6893	Noun	645	1	4.1047	1	23	4	7	1	high	high1	1	10	1	2	11	12	13	14	
4912	4911	dictator	18050	108	72	98	72	2.1176	2.0374	0.85837	1.8633	Noun	108	1	3.3293	3	50.14	8	0	1	low	low3	4	40	1	2	41	42	43	44	
15739	15738	shade	58176	304	252	283	244	5.9608	2.4843	3.0043	2.4031	Noun	295	0.97039	3.7761	1	35.25	5	8	1	high	high1	1	10	1	2	11	12	13	14	
9116	9115	invention	34151	310	195	309	195	6.0784	2.4928	2.3247	2.2923	Noun	310	1	3.7846	3	129.63	9	1	1	high	high3	2	20	1	2	21	22	23	24	
17018	17017	stripe	62990	74	53	65	49	1.451	1.8751	0.63186	1.7324	Noun	68	0.91892	3.1669	1	47.2	6	5	1	low	low1	3	30	1	2	31	32	33	34	
18705	18704	vat	70894	76	57	69	52	1.4902	1.8865	0.67954	1.7634	Noun	75	1	3.1783	1	8	3	15	1	low	low1	3	30	1	2	31	32	33	34	
13754	13753	profession	50429	461	380	452	374	9.0392	2.6646	4.5303	2.5809	Noun	461	1	3.9565	3	107.33	10	1	1	high	high3	2	20	1	2	21	22	23	24	
9292	9291	jive	34919	86	64	77	58	1.6863	1.9395	0.76299	1.8129	Noun	59	0.68605	3.2314	1	10	4	5	1	low	low1	3	30	1	2	31	32	33	34	
9035	9034	institute	33626	166	123	140	112	3.2549	2.2227	1.4664	2.0934	Noun	158	0.95758	3.5146	3	79.38	9	0	1	low	low3	4	40	1	2	41	42	43	44	
4172	4171	crib	15174	316	212	305	211	6.1961	2.5011	2.5274	2.3284	Noun	296	0.94268	3.7929	1	9.33	4	1	1	high	high1	1	10	1	2	11	12	13	14	
18134	18133	tragedy	67194	723	566	672	537	14.1765	2.8597	6.7477	2.7536	Noun	723	0.99862	4.1516	3	47.67	7	0	1	high	high3	2	20	1	2	21	22	23	24	
4060	4059	cowardice	14795	91	60	81	55	1.7843	1.9638	0.71531	1.7853	Noun	91	1	3.2556	3	59.63	9	0	1	low	low3	4	40	1	2	41	42	43	44	
16592	16591	splash	61478	215	170	179	151	4.2157	2.3345	2.0267	2.233	Noun	133	0.62441	3.6263	1	30.4	6	0	1	low	low1	3	30	1	2	31	32	33	34	
8107	8106	haze	29765	77	47	43	37	1.5098	1.8921	0.56032	1.6812	Noun	64	0.83117	3.1839	1	15.67	4	10	1	low	low1	3	30	1	2	31	32	33	34	
889	888	attraction	3781	348	263	307	251	6.8235	2.5428	3.1354	2.4216	Noun	348	1	3.8347	3	117.89	10	0	1	high	high3	2	20	1	2	21	22	23	24	
14476	14475	reflection	53286	256	225	254	224	5.0196	2.4099	2.6824	2.3541	Noun	257	1	3.7018	3	138.33	10	1	1	high	high3	2	20	1	2	21	22	23	24	
14505	14504	regiment	53427	247	111	211	95	4.8431	2.3945	1.3233	2.0492	Noun	244	0.98785	3.6863	3	72.43	8	0	1	high	high3	2	20	1	2	21	22	23	24	
4257	4256	crumb	15475	92	63	64	60	1.8039	1.9685	0.75107	1.8062	Noun	92	1	3.2603	1	25	5	0	1	low	low1	3	30	1	2	31	32	33	34	
9724	9723	lark	36384	83	54	61	45	1.6275	1.9243	0.64378	1.7404	Noun	69	0.83133	3.2161	1	36	4	9	1	low	low1	3	30	1	2	31	32	33	34	
2085	2084	breed	7805	323	248	300	244	6.3333	2.5105	2.9566	2.3962	Noun	174	0.5387	3.8024	1	77.25	5	5	1	high	high1	1	10	1	2	11	12	13	14	
18007	18006	tooth	66814	692	401	621	380	13.5686	2.8407	4.7806	2.6042	Noun	691	1	4.1326	1	37	5	1	1	high	high1	1	10	1	2	11	12	13	14	
1247	1246	bartender	4965	498	319	363	242	9.7647	2.6981	3.8031	2.5051	Noun	337	0.67807	3.9899	3	81.5	9	0	1	high	high3	2	20	1	2	21	22	23	24	
3795	3794	consultant	13767	187	142	179	137	3.6667	2.2742	1.6929	2.1553	Noun	187	1	3.566	3	71.67	10	0	1	low	low3	4	40	1	2	41	42	43	44	
10398	10397	mackerel	38438	108	87	102	85	2.1176	2.0374	1.0372	1.9445	Noun	108	1	3.3293	3	77.43	8	0	1	low	low3	4	40	1	2	41	42	43	44	
11643	11642	nausea	42681	110	89	93	78	2.1569	2.0453	1.061	1.9542	Noun	110	1	3.3372	3	36.8	6	0	1	low	low3	4	40	1	2	41	42	43	44	
4892	4891	diaphragm	17987	105	69	97	66	2.0588	2.0253	0.8226	1.8451	Noun	105	1	3.3171	3	32.63	9	0	1	low	low3	4	40	1	2	41	42	43	44	
16135	16134	skull	59593	750	503	691	484	14.7059	2.8756	5.9967	2.7024	Noun	747	0.99733	4.1675	1	13.25	5	1	1	high	high1	1	10	1	2	11	12	13	14	
5739	5738	emperor	21291	690	184	366	117	13.5294	2.8395	2.1936	2.2672	Noun	689	0.99855	4.1313	3	34.67	7	0	1	high	high3	2	20	1	2	21	22	23	24	
8508	8507	horizon	31083	228	157	198	143	4.4706	2.3598	1.8717	2.1987	Noun	228	1	3.6517	3	47.33	7	0	1	high	high3	2	20	1	2	21	22	23	24	
4759	4758	depression	17407	406	304	308	244	7.9608	2.6096	3.6242	2.4843	Noun	404	0.99753	3.9014	3	106.78	10	1	1	high	high3	2	20	1	2	21	22	23	24	
11865	11864	noon	43656	924	703	848	673	18.1176	2.9661	8.381	2.8476	Noun	922	1	4.258	1	25.67	4	7	1	high	high1	1	10	1	2	11	12	13	14	
1743	1742	blueberry	6761	131	88	91	65	2.5686	2.1206	1.0491	1.9494	Noun	125	0.9542	3.4124	3	33.25	9	0	1	low	low3	4	40	1	2	41	42	43	44	
17664	17663	tenderness	65521	129	96	116	87	2.5294	2.1139	1.1445	1.9868	Noun	129	1	3.4058	3	57.89	10	0	1	low	low3	4	40	1	2	41	42	43	44	
19505	19504	yacht	73794	419	197	388	176	8.2157	2.6232	2.3486	2.2967	Noun	418	1	3.9151	1	12	5	0	1	high	high1	1	10	1	2	11	12	13	14	
16020	16019	silk	59165	499	345	443	320	9.7843	2.699	4.113	2.5391	Noun	494	0.99197	3.9908	1	22	4	7	1	high	high1	1	10	1	2	11	12	13	14	
1641	1640	blade	6386	663	392	469	362	13	2.8222	4.6733	2.5944	Noun	639	0.99688	4.114	1	36.5	5	5	1	high	high1	1	10	1	2	11	12	13	14	
14190	14189	rag	52014	244	184	236	178	4.7843	2.3892	2.1936	2.2672	Noun	242	0.98776	3.681	1	10	3	20	1	high	high1	1	10	1	2	11	12	13	14	
10414	10413	mag	38506	78	58	45	37	1.5294	1.8976	0.69146	1.7709	Noun	76	0.97436	3.1895	1	11	3	22	1	low	low1	3	30	1	2	31	32	33	34	
10758	10757	maze	39614	130	79	106	71	2.549	2.1173	0.94182	1.9031	Noun	104	0.8	3.4091	1	16	4	11	1	low	low1	3	30	1	2	31	32	33	34	
10549	10548	maniac	38914	479	351	434	339	9.3922	2.6812	4.1845	2.5465	Noun	460	0.96436	3.9731	3	48.2	6	0	1	high	high3	2	20	1	2	21	22	23	24	
16681	16680	squid	61853	141	75	112	65	2.7647	2.1523	0.89413	1.8808	Noun	141	0.99296	3.4441	1	9.25	5	1	1	low	low1	3	30	1	2	31	32	33	34	
5805	5804	engineer	21603	596	326	485	303	11.6863	2.776	3.8865	2.5145	Noun	562	0.95254	4.0678	3	66.14	8	0	1	high	high3	2	20	1	2	21	22	23	24	
8344	8343	hint	30543	469	400	456	396	9.1961	2.6721	4.7687	2.6031	Noun	451	0.96368	3.9639	1	30.33	4	8	1	high	high1	1	10	1	2	11	12	13	14	
2704	2703	caretaker	9637	125	65	86	59	2.451	2.1004	0.77492	1.8195	Noun	127	1	3.3922	3	60.25	9	0	1	low	low3	4	40	1	2	41	42	43	44	
4807	4806	destiny	17652	1175	588	987	553	23.0392	3.0704	7.01	2.7701	Noun	1172	0.9983	4.3622	3	212.83	7	0	1	high	high3	2	20	1	2	21	22	23	24	
5776	5775	encryption	21456	83	55	80	53	1.6275	1.9243	0.6557	1.7482	Noun	83	1	3.2161	3	107.22	10	0	1	low	low3	4	40	1	2	41	42	43	44	
3214	3213	chump	11450	209	150	201	147	4.098	2.3222	1.7883	2.179	Noun	154	0.74038	3.6141	1	23.25	5	5	1	low	low1	3	30	1	2	31	32	33	34	
15136	15135	sacrifice	56070	913	647	857	628	17.902	2.9609	7.7134	2.8116	Noun	511	0.56031	4.2528	3	45.38	9	0	1	high	high3	2	20	1	2	21	22	23	24	
18379	18378	tune	68147	796	552	728	514	15.6078	2.9015	6.5808	2.7427	Noun	603	0.75754	4.1933	1	24	4	5	1	high	high1	1	10	1	2	11	12	13	14	
9180	9179	itch	34458	213	155	211	154	4.1765	2.3304	1.8479	2.1931	Noun	145	0.68075	3.6222	1	4.33	4	1	1	low	low1	3	30	1	2	31	32	33	34	
12504	12503	pantyhose	46147	87	61	77	55	1.7059	1.9445	0.72723	1.7924	Noun	68	0.78161	3.2363	3	33.25	9	0	1	low	low3	4	40	1	2	41	42	43	44	
15414	15413	scientist	57024	621	397	601	390	12.1765	2.7938	4.733	2.5999	Noun	617	0.99516	4.0856	3	85.63	9	0	1	high	high3	2	20	1	2	21	22	23	24	
6192	6191	fact	23309	8801	4369	8649	4339	172.5686	3.9446	52.0863	3.6405	Noun	7423	0.84324	5.2364	1	16	4	5	1	high	high1	1	10	1	2	11	12	13	14	
1092	1091	bale	4528	104	23	71	18	2.0392	2.0212	0.2742	1.3802	Noun	87	0.83654	3.313	1	33	4	21	1	low	low1	3	30	1	2	31	32	33	34	
14864	14863	rink	55195	109	58	85	52	2.1373	2.0414	0.69146	1.7709	Noun	104	0.95413	3.3332	1	30.67	4	11	1	low	low1	3	30	1	2	31	32	33	34	
4881	4880	dialogue	17959	208	149	179	137	4.0784	2.3201	1.7763	2.1761	Noun	208	1	3.612	3	32.86	8	0	1	low	low3	4	40	1	2	41	42	43	44	
14392	14391	recipe	52796	388	274	379	270	7.6078	2.5899	3.2666	2.4393	Noun	389	1	3.8818	3	38.6	6	1	1	high	high3	2	20	1	2	21	22	23	24	
2751	2750	cart	9805	461	325	449	321	9.0392	2.6646	3.8746	2.5132	Noun	427	0.93435	3.9565	1	34	4	14	1	high	high1	1	10	1	2	11	12	13	14	
18723	18722	veil	70950	151	108	146	104	2.9608	2.1818	1.2876	2.0374	Noun	144	0.95364	3.4737	1	11.67	4	2	1	low	low1	3	30	1	2	31	32	33	34	
12177	12176	orchestra	44770	281	189	220	157	5.5098	2.4502	2.2532	2.2788	Noun	279	1	3.7421	3	26.13	9	0	1	high	high3	2	20	1	2	21	22	23	24	
18707	18706	vault	70901	614	237	588	231	12.0392	2.7889	2.8255	2.3766	Noun	595	0.97064	4.0807	1	14.25	5	1	1	high	high1	1	10	1	2	11	12	13	14	
12646	12645	paste	46591	87	71	81	65	1.7059	1.9445	0.84645	1.8573	Noun	66	0.75862	3.2363	1	41	5	8	1	low	low1	3	30	1	2	31	32	33	34	
677	676	arena	3024	185	116	154	95	3.6275	2.2695	1.3829	2.0682	Noun	156	0.84324	3.5613	3	21.5	5	0	1	low	low3	4	40	1	2	41	42	43	44	
10369	10368	luxury	38324	307	272	298	267	6.0196	2.4886	3.2427	2.4362	Noun	203	0.6634	3.7804	3	20	6	0	1	high	high3	2	20	1	2	21	22	23	24	
17869	17868	tights	66363	135	78	129	76	2.6471	2.1335	0.9299	1.8976	Noun	135	1	3.4254	1	48.6	6	6	1	low	low1	3	30	1	2	31	32	33	34	
14564	14563	remedy	53808	118	107	115	104	2.3137	2.0755	1.2756	2.0334	Noun	74	0.62712	3.3674	3	41.4	6	0	1	low	low3	4	40	1	2	41	42	43	44	
16941	16940	storm	62718	1574	826	1329	755	30.8627	3.1973	9.8474	2.9175	Noun	1480	0.94148	4.4891	1	33.75	5	3	1	high	high1	1	10	1	2	11	12	13	14	
694	693	ark	3101	199	82	46	42	3.902	2.301	0.97759	1.9191	Noun	186	0.93467	3.5929	1	3	3	5	1	low	low1	3	30	1	2	31	32	33	34	
3421	3420	clutch	12160	127	82	118	78	2.4902	2.1072	0.97759	1.9191	Noun	100	0.7874	3.399	1	28.2	6	1	1	low	low1	3	30	1	2	31	32	33	34	
14565	14564	reminder	53820	192	178	186	173	3.7647	2.2856	2.1221	2.2529	Noun	192	1	3.5774	3	100	8	1	1	low	low3	4	40	1	2	41	42	43	44	
6113	6112	explorer	23003	97	63	58	45	1.902	1.9912	0.75107	1.8062	Noun	97	1	3.2831	3	83.43	8	2	1	low	low3	4	40	1	2	41	42	43	44	
6550	6549	fireplace	24407	259	189	253	186	5.0784	2.415	2.2532	2.2788	Noun	258	1	3.7068	3	36.63	9	0	1	high	high3	2	20	1	2	21	22	23	24	
5954	5953	estimate	22303	243	201	233	192	4.7647	2.3874	2.3963	2.3054	Noun	150	0.62241	3.6792	3	44.57	8	0	1	high	high3	2	20	1	2	21	22	23	24	
12950	12949	pharmacist	47677	78	43	68	41	1.5294	1.8976	0.51264	1.6435	Noun	76	0.98701	3.1895	3	30.56	10	0	1	low	low3	4	40	1	2	41	42	43	44	
13406	13405	pong	49108	82	34	18	16	1.6078	1.9191	0.40534	1.5441	Noun	46	0.56098	3.2109	1	29	4	8	1	low	low1	3	30	1	2	31	32	33	34	
13284	13283	plum	48734	174	112	125	92	3.4118	2.243	1.3352	2.0531	Noun	162	0.93103	3.5349	1	12.33	4	5	1	low	low1	3	30	1	2	31	32	33	34	
5459	5458	duke	20200	1277	311	206	77	25.0392	3.1065	3.7077	2.4942	Noun	1231	0.96473	4.3984	1	15	4	4	1	high	high1	1	10	1	2	11	12	13	14	
4936	4935	dignity	18174	551	418	524	412	10.8039	2.7419	4.9833	2.6222	Noun	549	1	4.0338	3	56.17	7	1	1	high	high3	2	20	1	2	21	22	23	24	
6948	6947	fraud	25831	512	342	492	332	10.0392	2.7101	4.0773	2.5353	Noun	512	1	4.002	1	27.75	5	0	1	high	high1	1	10	1	2	11	12	13	14	
17288	17287	survival	64121	515	421	463	388	10.098	2.7126	5.0191	2.6253	Noun	515	1	4.0045	3	46.14	8	0	1	high	high3	2	20	1	2	21	22	23	24	
1225	1224	baroness	4904	134	30	41	14	2.6275	2.1303	0.35765	1.4914	Noun	127	0.96212	3.4222	3	104	8	0	1	low	low3	4	40	1	2	41	42	43	44	
2321	2320	bunk	8497	320	235	302	222	6.2745	2.5065	2.8016	2.3729	Noun	268	0.8375	3.7983	1	25.33	4	10	1	high	high1	1	10	1	2	11	12	13	14	
6763	6762	foe	25136	94	76	91	75	1.8431	1.9777	0.90606	1.8865	Noun	92	1	3.2696	1	5.5	3	11	1	low	low1	3	30	1	2	31	32	33	34	
8183	8182	heck	29972	925	607	742	538	18.1373	2.9666	7.2365	2.7839	Noun	903	0.97622	4.2584	1	25	4	7	1	high	high1	1	10	1	2	11	12	13	14	
9003	9002	inquiry	33460	178	134	177	133	3.4902	2.2529	1.5975	2.1303	Noun	178	1	3.5447	3	37.17	7	1	1	low	low3	4	40	1	2	41	42	43	44	
4109	4108	crate	14988	209	126	204	124	4.098	2.3222	1.5021	2.1038	Noun	197	0.94258	3.6141	1	50	5	6	1	low	low1	3	30	1	2	31	32	33	34	
13880	13879	prune	50923	75	62	62	52	1.4706	1.8808	0.73915	1.7993	Noun	41	0.54667	3.1726	1	30.5	5	2	1	low	low1	3	30	1	2	31	32	33	34	
12609	12608	particle	46498	91	55	84	52	1.7843	1.9638	0.6557	1.7482	Noun	91	1	3.2556	3	71.29	8	0	1	low	low3	4	40	1	2	41	42	43	44	
2283	2282	bulletin	8383	183	148	163	137	3.5882	2.2648	1.7644	2.1732	Noun	183	1	3.5567	3	40.71	8	0	1	low	low3	4	40	1	2	41	42	43	44	
727	726	arrival	3199	422	354	410	345	8.2745	2.6263	4.2203	2.5502	Noun	422	1	3.9182	3	35.17	7	0	1	high	high3	2	20	1	2	21	22	23	24	
7721	7720	ground	28554	3696	2265	3572	2223	72.4706	3.5678	27.0029	3.3553	Noun	3545	0.9594	4.8597	1	42.6	6	1	1	high	high1	1	10	1	2	11	12	13	14	
5364	5363	drift	19952	327	255	284	236	6.4118	2.5159	3.0401	2.4082	Noun	174	0.53211	3.8077	1	31.75	5	1	1	high	high1	1	10	1	2	11	12	13	14	
4988	4987	diploma	18332	129	103	128	102	2.5294	2.1139	1.2279	2.017	Noun	128	1	3.4058	3	31.67	7	0	1	low	low3	4	40	1	2	41	42	43	44	
10654	10653	mart	39266	97	58	21	19	1.902	1.9912	0.69146	1.7709	Noun	49	0.51579	3.2831	1	36.33	4	13	1	low	low1	3	30	1	2	31	32	33	34	
5205	5204	donation	19466	179	137	173	134	3.5098	2.2553	1.6333	2.1399	Noun	179	1	3.5471	3	103	8	0	1	low	low3	4	40	1	2	41	42	43	44	
12885	12884	permission	47395	1587	1063	1382	983	31.1176	3.2009	12.6729	3.0269	Noun	1587	1	4.4927	3	92.89	10	0	1	high	high3	2	20	1	2	21	22	23	24	
789	788	assassin	3425	302	188	291	184	5.9216	2.4814	2.2413	2.2765	Noun	301	1	3.7733	3	20.57	8	0	1	high	high3	2	20	1	2	21	22	23	24	
2343	2342	burglary	8570	182	105	151	97	3.5686	2.2625	1.2518	2.0253	Noun	175	1	3.5543	3	47.14	8	1	1	low	low3	4	40	1	2	41	42	43	44	
552	551	anytime	2591	1248	1031	805	709	24.4706	3.0966	12.2914	3.0137	Noun	1246	1	4.3884	3	45.17	7	0	1	high	high3	2	20	1	2	21	22	23	24	
5940	5939	espresso	22268	105	78	97	75	2.0588	2.0253	0.9299	1.8976	Noun	100	1	3.3171	3	12.14	8	0	1	low	low3	4	40	1	2	41	42	43	44	
6867	6866	forgery	25482	100	67	90	61	1.9608	2.0043	0.79876	1.8325	Noun	100	1	3.2962	3	105.33	7	0	1	low	low3	4	40	1	2	41	42	43	44	
7818	7817	gulf	28792	241	177	53	40	4.7255	2.3838	2.1102	2.2504	Noun	131	0.54812	3.6756	1	12.67	4	3	1	high	high1	1	10	1	2	11	12	13	14	
8209	8208	heist	30048	160	100	142	92	3.1373	2.2068	1.1922	2.0043	Noun	154	0.96855	3.4987	1	24.25	5	1	1	low	low1	3	30	1	2	31	32	33	34	
14105	14104	quid	51755	161	75	146	67	3.1569	2.2095	0.89413	1.8808	Noun	161	1	3.5013	1	8.33	4	3	1	low	low1	3	30	1	2	31	32	33	34	
10520	10519	manager	38831	2038	1055	1814	1005	39.9608	3.3094	12.5775	3.0237	Noun	2012	0.99211	4.6013	3	107.83	7	2	1	high	high3	2	20	1	2	21	22	23	24	
10628	10627	marketing	39189	243	156	209	140	4.7647	2.3874	1.8598	2.1959	Noun	235	0.96708	3.6792	3	244.63	9	0	1	high	high3	2	20	1	2	21	22	23	24	
6625	6624	flap	24641	135	105	112	94	2.6471	2.1335	1.2518	2.0253	Noun	82	0.60741	3.4254	1	18.67	4	10	1	low	low1	3	30	1	2	31	32	33	34	
11953	11952	nut	43969	797	551	744	536	15.6275	2.902	6.5689	2.7419	Noun	762	0.95609	4.1938	1	6.5	3	14	1	high	high1	1	10	1	2	11	12	13	14	
6660	6659	flaw	24743	155	130	154	129	3.0392	2.1931	1.5498	2.1173	Noun	155	1	3.485	1	16	4	9	1	low	low1	3	30	1	2	31	32	33	34	
12458	12457	palm	46011	675	435	344	274	13.2353	2.8299	5.186	2.6395	Noun	675	1	4.1218	1	24.67	4	5	1	high	high1	1	10	1	2	11	12	13	14	
4818	4817	detective	17694	3117	988	1405	675	61.1176	3.4939	11.7787	2.9952	Noun	3092	0.99325	4.7857	3	102.75	9	1	1	high	high3	2	20	1	2	21	22	23	24	
1491	1490	betrayal	5865	216	191	201	178	4.2353	2.3365	2.2771	2.2833	Noun	217	1	3.6283	3	44.29	8	0	1	low	low3	4	40	1	2	41	42	43	44	
16447	16446	soul	60919	3925	2041	3768	1994	76.9608	3.594	24.3324	3.3101	Noun	3881	0.99056	4.8858	1	17	4	4	1	high	high1	1	10	1	2	11	12	13	14	
13755	13754	professor	50436	3548	813	1044	519	69.5686	3.5501	9.6924	2.9106	Noun	3543	0.99831	4.8419	3	53.63	9	1	1	high	high3	2	20	1	2	21	22	23	24	
8913	8912	infection	33109	446	296	433	294	8.7451	2.6503	3.5289	2.4728	Noun	445	1	3.9421	3	121.75	9	1	1	high	high3	2	20	1	2	21	22	23	24	
9510	9509	king	35670	6592	1688	3319	993	129.2549	3.8191	20.124	3.2276	Noun	6258	0.94962	5.1109	1	31	4	9	1	high	high1	1	10	1	2	11	12	13	14	
5345	5344	dread	19877	128	104	110	98	2.5098	2.1106	1.2399	2.0212	Noun	67	0.53175	3.4024	1	35	5	3	1	low	low1	3	30	1	2	31	32	33	34	
4597	4596	deception	16584	160	135	144	127	3.1373	2.2068	1.6094	2.1335	Noun	160	1	3.4987	3	114.88	9	1	1	low	low3	4	40	1	2	41	42	43	44	
16981	16980	streak	62865	295	213	253	202	5.7843	2.4713	2.5393	2.3304	Noun	275	0.94502	3.7631	1	45.4	6	1	1	high	high1	1	10	1	2	11	12	13	14	
7089	7088	fuse	26392	248	182	241	177	4.8627	2.3962	2.1698	2.2625	Noun	228	0.91566	3.688	1	18.67	4	4	1	high	high1	1	10	1	2	11	12	13	14	
6758	6757	foam	25117	179	140	165	132	3.5098	2.2553	1.6691	2.1492	Noun	163	0.91061	3.5471	1	21	4	4	1	low	low1	3	30	1	2	31	32	33	34	
7297	7296	gent	27016	82	64	76	60	1.6078	1.9191	0.76299	1.8129	Noun	82	1	3.2109	1	19.67	4	10	1	low	low1	3	30	1	2	31	32	33	34	
8455	8454	honesty	30924	368	298	317	267	7.2157	2.567	3.5527	2.4757	Noun	365	0.99455	3.8589	3	44	7	0	1	high	high3	2	20	1	2	21	22	23	24	
6513	6512	financing	24307	85	72	82	69	1.6667	1.9345	0.85837	1.8633	Noun	51	0.60714	3.2263	3	194.5	9	0	1	low	low3	4	40	1	2	41	42	43	44	
15106	15105	rust	55972	127	101	112	93	2.4902	2.1072	1.2041	2.0086	Noun	77	0.6063	3.399	1	27	4	12	1	low	low1	3	30	1	2	31	32	33	34	
19380	19379	woe	73330	119	86	76	56	2.3333	2.0792	1.0253	1.9395	Noun	117	1	3.371	1	6	3	11	1	low	low1	3	30	1	2	31	32	33	34	
18980	18979	wad	71752	89	77	80	72	1.7451	1.9542	0.91798	1.8921	Noun	90	1	3.2461	1	9	3	17	1	low	low1	3	30	1	2	31	32	33	34	
19113	19112	waterfall	72168	95	67	91	65	1.8627	1.9823	0.79876	1.8325	Noun	95	1	3.2741	3	51.25	9	0	1	low	low3	4	40	1	2	41	42	43	44	
8841	8840	incentive	32655	100	91	94	87	1.9608	2.0043	1.0849	1.9638	Noun	100	1	3.2962	3	107.13	9	1	1	low	low3	4	40	1	2	41	42	43	44	
14294	14293	rate	52324	1271	943	1250	934	24.9216	3.1045	11.2423	2.975	Noun	1198	0.94704	4.3963	1	26.67	4	16	1	high	high1	1	10	1	2	11	12	13	14	
8897	8896	industry	33013	596	385	586	382	11.6863	2.776	4.5899	2.5866	Noun	596	1	4.0678	3	50.14	8	0	1	high	high3	2	20	1	2	21	22	23	24	
3502	3501	coin	12451	497	287	475	274	9.7451	2.6972	3.4216	2.4594	Noun	472	0.9497	3.9891	1	23	4	5	1	high	high1	1	10	1	2	11	12	13	14	
8158	8157	hearse	29886	81	53	80	52	1.5882	1.9138	0.63186	1.7324	Noun	71	0.8875	3.2056	1	56.6	6	1	1	low	low1	3	30	1	2	31	32	33	34	
13801	13800	prop	50627	188	140	167	127	3.6863	2.2765	1.6691	2.1492	Noun	141	0.75	3.5683	1	13.67	4	9	1	low	low1	3	30	1	2	31	32	33	34	
10683	10682	massacre	39357	202	140	155	117	3.9608	2.3075	1.6691	2.1492	Noun	163	0.815	3.5993	3	35.86	8	0	1	low	low3	4	40	1	2	41	42	43	44	
16316	16315	snob	60367	111	86	103	82	2.1765	2.0492	1.0253	1.9395	Noun	94	0.86239	3.3411	1	6	4	5	1	low	low1	3	30	1	2	31	32	33	34	
16852	16851	stereo	62380	304	216	260	191	5.9608	2.4843	2.5751	2.3365	Noun	301	1	3.7761	3	49	6	0	1	high	high3	2	20	1	2	21	22	23	24	
561	560	ape	2617	493	173	387	168	9.6667	2.6937	2.0625	2.2405	Noun	464	0.94118	3.9856	1	1.5	3	9	1	high	high1	1	10	1	2	11	12	13	14	
8229	8228	hemisphere	30141	76	62	45	39	1.4902	1.8865	0.73915	1.7993	Noun	76	1	3.1783	3	27.78	10	0	1	low	low3	4	40	1	2	41	42	43	44	
9815	9814	leadership	36647	249	197	232	187	4.8824	2.3979	2.3486	2.2967	Noun	249	1	3.6898	3	32.33	10	1	1	high	high3	2	20	1	2	21	22	23	24	
404	403	amulet	2024	118	37	117	36	2.3137	2.0755	0.44111	1.5798	Noun	116	1	3.3674	3	55.2	6	0	1	low	low3	4	40	1	2	41	42	43	44	
18396	18395	turbulence	68196	99	71	88	65	1.9412	2	0.84645	1.8573	Noun	99	1	3.2918	3	38.67	10	0	1	low	low3	4	40	1	2	41	42	43	44	
12538	12537	paragraph	46240	144	109	116	95	2.8235	2.1614	1.2995	2.0414	Noun	144	1	3.4532	3	44.38	9	0	1	low	low3	4	40	1	2	41	42	43	44	
19286	19285	wig	72962	426	246	412	241	8.3529	2.6304	2.9328	2.3927	Noun	413	0.96948	3.9223	1	5.5	3	11	1	high	high1	1	10	1	2	11	12	13	14	
15707	15706	sesame	58060	78	70	45	40	1.5294	1.8976	0.83453	1.8513	Noun	45	0.57692	3.1895	3	28.4	6	0	1	low	low3	4	40	1	2	41	42	43	44	
9999	9998	lieutenant	37177	5306	886	758	349	104.0392	3.7248	10.5627	2.9479	Noun	5275	0.99698	5.0167	3	39.78	10	0	1	high	high3	2	20	1	2	21	22	23	24	
1661	1660	bleep	6499	136	53	129	51	2.6667	2.1367	0.63186	1.7324	Noun	126	0.93333	3.4286	1	27.5	5	2	1	low	low1	3	30	1	2	31	32	33	34	
294	293	alliance	1630	465	190	174	115	9.1176	2.6684	2.2651	2.281	Noun	471	1	3.9602	3	42.14	8	0	1	high	high3	2	20	1	2	21	22	23	24	
8810	8809	importance	32437	390	334	390	334	7.6471	2.5922	3.9819	2.525	Noun	391	1	3.884	3	49.56	10	0	1	high	high3	2	20	1	2	21	22	23	24	
6180	6179	face	23275	14747	5610	14152	5529	289.1569	4.1687	66.8813	3.749	Noun	11894	0.80719	5.4606	1	19	4	11	1	high	high1	1	10	1	2	11	12	13	14	
9903	9902	length	36902	358	270	349	263	7.0196	2.5551	3.2189	2.433	Noun	337	0.94134	3.8469	1	36.2	6	0	1	high	high1	1	10	1	2	11	12	13	14	
12042	12041	offender	44343	140	101	134	97	2.7451	2.1492	1.2041	2.0086	Noun	135	1	3.4411	3	66.71	8	1	1	low	low3	4	40	1	2	41	42	43	44	
9830	9829	leap	36682	340	265	315	251	6.6667	2.5328	3.1593	2.4249	Noun	194	0.57396	3.8246	1	31	4	7	1	high	high1	1	10	1	2	11	12	13	14	
18439	18438	tux	68297	176	124	175	123	3.451	2.248	1.4783	2.0969	Noun	170	0.96591	3.5398	1	1.5	3	4	1	low	low1	3	30	1	2	31	32	33	34	
15658	15657	sentiment	57882	162	148	154	143	3.1765	2.2122	1.7644	2.1732	Noun	162	1	3.504	3	70.25	9	0	1	low	low3	4	40	1	2	41	42	43	44	
6172	6171	eyewitness	23247	202	129	177	118	3.9608	2.3075	1.5379	2.1139	Noun	202	1	3.5993	3	34.67	10	0	1	low	low3	4	40	1	2	41	42	43	44	
266	265	alibi	1538	426	249	417	241	8.3529	2.6304	2.9685	2.3979	Noun	428	1	3.9223	3	17	5	0	1	high	high3	2	20	1	2	21	22	23	24	
12852	12851	percentage	47208	192	164	186	159	3.7647	2.2856	1.9552	2.2175	Noun	192	1	3.5774	3	41.22	10	0	1	low	low3	4	40	1	2	41	42	43	44	
16079	16078	size	59416	2353	1695	2267	1652	46.1373	3.3718	20.2074	3.2294	Noun	2323	0.98683	4.6636	1	9.33	4	4	1	high	high1	1	10	1	2	11	12	13	14	
10239	10238	loneliness	37824	255	207	225	184	5	2.4082	2.4678	2.3181	Noun	255	1	3.7001	3	66	10	1	1	high	high3	2	20	1	2	21	22	23	24	
15453	15452	scout	57133	657	411	362	216	12.8824	2.8182	4.8999	2.6149	Noun	517	0.78811	4.1101	1	19.75	5	6	1	high	high1	1	10	1	2	11	12	13	14	
13724	13723	probation	50315	299	180	284	172	5.8627	2.4771	2.1459	2.2577	Noun	299	1	3.769	3	122.38	9	0	1	high	high3	2	20	1	2	21	22	23	24	
