numid|f	X|f	Word|s	Unnamed|f	FREQcount|f	Cdcount|f	FREQlow|f	Cdlow|f	SUBLTLWF|f	Lg10WF|f	SUBTLCD|f	Lg10CD|f	Dom_PoS_SUBTLEX|s	Freq_dom_PoS_SUBTLEX|f	Percentage_dom_PoS|f	Zipfvalue|f	cmu_sylls|f	BF_TP|f	LEN_L|f	N|f	Zipfvalue_incl|f	Zipfvalue_cat|s	cond_name|s	cond_code|f	trigger_code|f	len|f	corr_resp|f	fix_code|f	word_code|f	delay_code|f	audioresp_code|f	
19294	19293	wilderness	72996	201	145	174	137	3.9412	2.3054	1.7287	2.1644	Noun	196	0.97512	3.5972	3	49.22	10	0	1	low	low3	4	40	1	2	41	42	43	44	
14191	14190	rage	52019	577	407	503	386	11.3137	2.7619	4.8522	2.6107	Noun	538	0.94221	4.0538	1	19	4	13	1	high	high1	1	10	1	2	11	12	13	14	
10234	10233	lollipop	37808	91	61	65	47	1.7843	1.9638	0.72723	1.7924	Noun	89	1	3.2556	3	35.71	8	0	1	low	low3	4	40	1	2	41	42	43	44	
3657	3656	compassion	12966	319	265	292	249	6.2549	2.5051	3.1593	2.4249	Noun	319	1	3.797	3	111.22	10	0	1	high	high3	2	20	1	2	21	22	23	24	
2575	2574	canary	9236	149	96	118	78	2.9216	2.1761	1.1445	1.9868	Noun	99	0.66443	3.4679	3	62.6	6	1	1	low	low3	4	40	1	2	41	42	43	44	
2309	2308	bun	8462	147	109	111	85	2.8824	2.1703	1.2995	2.0414	Noun	145	0.98639	3.4621	1	8	3	17	1	low	low1	3	30	1	2	31	32	33	34	
16473	16472	spa	61018	239	139	213	130	4.6863	2.3802	1.6571	2.1461	Noun	238	1	3.672	1	1.5	3	2	1	high	high1	1	10	1	2	11	12	13	14	
10751	10750	mayflower	39598	76	31	1	1	1.4902	1.8865	0.36958	1.5051	Noun	50	0.68493	3.1783	3	27.5	9	0	1	low	low3	4	40	1	2	41	42	43	44	
7750	7749	grudge	28627	226	186	220	181	4.4314	2.356	2.2175	2.2718	Noun	210	0.93333	3.6479	1	33.2	6	2	1	low	low1	3	30	1	2	31	32	33	34	
17618	17617	telegraph	65360	167	104	121	78	3.2745	2.2253	1.2399	2.0212	Noun	160	0.95808	3.5171	3	33.25	9	0	1	low	low3	4	40	1	2	41	42	43	44	
7584	7583	gram	28073	132	93	102	73	2.5882	2.1239	1.1087	1.9731	Noun	132	1	3.4157	1	19.33	4	7	1	low	low1	3	30	1	2	31	32	33	34	
13638	13637	president	50006	7174	1551	3077	1103	140.6667	3.8558	18.4907	3.1909	Noun	5724	0.79944	5.1477	3	70.25	9	0	1	high	high3	2	20	1	2	21	22	23	24	
4291	4290	cubicle	15603	131	62	123	60	2.5686	2.1206	0.73915	1.7993	Noun	130	0.99237	3.4124	3	42.33	7	1	1	low	low3	4	40	1	2	41	42	43	44	
18118	18117	trade	67160	1795	1126	1498	1047	35.1961	3.2543	13.4239	3.0519	Noun	1114	0.622	4.5461	1	42.5	5	2	1	high	high1	1	10	1	2	11	12	13	14	
3533	3532	collection	12552	926	669	892	655	18.1569	2.9671	7.9757	2.8261	Noun	926	1	4.2589	3	149	10	0	1	high	high3	2	20	1	2	21	22	23	24	
6632	6631	flare	24651	215	138	196	132	4.2157	2.3345	1.6452	2.143	Noun	182	0.85047	3.6263	1	51	5	4	1	low	low1	3	30	1	2	31	32	33	34	
4949	4948	dimension	18224	236	133	226	133	4.6275	2.3747	1.5856	2.1271	Noun	234	1	3.6666	3	89.13	9	0	1	high	high3	2	20	1	2	21	22	23	24	
9195	9194	jade	34553	259	69	98	43	5.0784	2.415	0.8226	1.8451	Noun	259	1	3.7068	1	13.67	4	4	1	high	high1	1	10	1	2	11	12	13	14	
16105	16104	skid	59494	111	74	79	58	2.1765	2.0492	0.88221	1.8751	Noun	78	0.7027	3.3411	1	8.33	4	6	1	low	low1	3	30	1	2	31	32	33	34	
8590	8589	hub	31365	156	61	63	50	3.0588	2.1959	0.72723	1.7924	Noun	137	0.87821	3.4877	1	7	3	13	1	low	low1	3	30	1	2	31	32	33	34	
12116	12115	opener	44616	173	103	170	103	3.3922	2.2405	1.2279	2.017	Noun	173	1	3.5324	3	107.6	6	1	1	low	low3	4	40	1	2	41	42	43	44	
13990	13989	purity	51347	121	99	109	91	2.3725	2.0864	1.1803	2	Noun	121	1	3.3782	3	61.6	6	2	1	low	low3	4	40	1	2	41	42	43	44	
7435	7434	glove	27580	515	336	475	324	10.098	2.7126	4.0057	2.5276	Noun	514	1	4.0045	1	30	5	3	1	high	high1	1	10	1	2	11	12	13	14	
17830	17829	thud	66187	99	72	68	52	1.9412	2	0.85837	1.8633	Noun	80	0.81633	3.2918	1	8.67	4	2	1	low	low1	3	30	1	2	31	32	33	34	
11431	11430	mound	41872	77	47	77	47	1.5098	1.8921	0.56032	1.6812	Noun	77	1	3.1839	1	40	5	9	1	low	low1	3	30	1	2	31	32	33	34	
13107	13106	pint	48243	167	122	159	116	3.2745	2.2253	1.4545	2.0899	Noun	167	1	3.5171	1	32.67	4	11	1	low	low1	3	30	1	2	31	32	33	34	
17320	17319	sweat	64277	1115	863	1056	831	21.8627	3.0477	10.2885	2.9365	Noun	625	0.56155	4.3395	1	25.25	5	3	1	high	high1	1	10	1	2	11	12	13	14	
16514	16513	spear	61161	232	108	173	98	4.549	2.3674	1.2876	2.0374	Noun	161	0.69397	3.6592	1	33.25	5	4	1	high	high1	1	10	1	2	11	12	13	14	
381	380	ammonia	1934	76	49	60	44	1.4902	1.8865	0.58417	1.699	Noun	76	1	3.1783	3	15.83	7	0	1	low	low3	4	40	1	2	41	42	43	44	
6611	6610	flake	24598	89	68	84	65	1.7451	1.9542	0.81068	1.8388	Noun	67	0.75281	3.2461	1	35.75	5	4	1	low	low1	3	30	1	2	31	32	33	34	
7100	7099	fuzz	26424	95	71	88	66	1.8627	1.9823	0.84645	1.8573	Noun	95	1	3.2741	1	6	4	2	1	low	low1	3	30	1	2	31	32	33	34	
16889	16888	sting	62521	358	265	289	236	7.0196	2.5551	3.1593	2.4249	Noun	174	0.48468	3.8469	1	48.75	5	6	1	high	high1	1	10	1	2	11	12	13	14	
18156	18155	trance	67253	268	92	81	65	5.2549	2.4298	1.0968	1.9685	Noun	268	1	3.7216	1	57.8	6	1	1	high	high1	1	10	1	2	11	12	13	14	
9113	9112	invasion	34142	434	237	390	209	8.5098	2.6385	2.8255	2.3766	Noun	433	1	3.9303	3	66.14	8	0	1	high	high3	2	20	1	2	21	22	23	24	
18629	18628	vacation	70644	1673	979	1615	969	32.8039	3.2238	11.6714	2.9912	Noun	1672	0.99821	4.5156	3	88.29	8	1	1	high	high3	2	20	1	2	21	22	23	24	
3039	3038	chart	10735	483	339	464	331	9.4706	2.6848	4.0415	2.5315	Noun	439	0.9089	3.9767	1	42	5	4	1	high	high1	1	10	1	2	11	12	13	14	
18313	18312	trough	67916	72	58	70	56	1.4118	1.8633	0.69146	1.7709	Noun	72	1	3.1552	1	36	6	1	1	low	low1	3	30	1	2	31	32	33	34	
18604	18603	urge	70510	339	307	333	304	6.6471	2.5315	3.66	2.4886	Noun	232	0.68235	3.8233	1	4.67	4	0	1	high	high1	1	10	1	2	11	12	13	14	
15011	15010	rouge	55670	165	100	51	45	3.2353	2.2201	1.1922	2.0043	Noun	110	0.66265	3.5119	1	37	5	4	1	low	low1	3	30	1	2	31	32	33	34	
18221	18220	trench	67598	157	102	136	93	3.0784	2.1987	1.216	2.0128	Noun	157	0.99367	3.4905	1	45.8	6	1	1	low	low1	3	30	1	2	31	32	33	34	
17493	17492	tank	64942	1306	674	1122	643	25.6078	3.1163	8.0353	2.8293	Noun	1256	0.96319	4.4081	1	30.33	4	12	1	high	high1	1	10	1	2	11	12	13	14	
1919	1918	borderline	7309	81	75	73	70	1.5882	1.9138	0.89413	1.8808	Noun	81	1	3.2056	3	99.22	10	0	1	low	low3	4	40	1	2	41	42	43	44	
13692	13691	principal	50225	701	366	470	320	13.7451	2.8463	4.3634	2.5647	Noun	437	0.62607	4.1382	3	48.25	9	0	1	high	high3	2	20	1	2	21	22	23	24	
18172	18171	trap	67455	1216	806	1107	757	23.8431	3.0853	9.609	2.9069	Noun	958	0.78913	4.3771	1	17.67	4	6	1	high	high1	1	10	1	2	11	12	13	14	
3747	3746	confidence	13380	993	751	960	738	19.4706	2.9974	8.9533	2.8762	Noun	994	1	4.2892	3	80.78	10	0	1	high	high3	2	20	1	2	21	22	23	24	
4044	4043	cove	14759	166	80	57	33	3.2549	2.2227	0.95374	1.9085	Noun	164	0.98795	3.5146	1	22.33	4	14	1	low	low1	3	30	1	2	31	32	33	34	
9082	9081	internship	33907	152	74	148	74	2.9804	2.1847	0.88221	1.8751	Noun	150	1	3.4765	3	60.22	10	0	1	low	low3	4	40	1	2	41	42	43	44	
13900	13899	pub	51057	190	115	169	112	3.7255	2.281	1.371	2.0645	Noun	190	1	3.5729	1	6.5	3	11	1	low	low1	3	30	1	2	31	32	33	34	
13592	13591	predator	49744	134	102	122	94	2.6275	2.1303	1.216	2.0128	Noun	132	1	3.4222	3	65.57	8	0	1	low	low3	4	40	1	2	41	42	43	44	
9414	9413	karate	35333	386	138	304	115	7.5686	2.5877	1.6452	2.143	Noun	380	0.99738	3.8795	3	54	6	0	1	high	high3	2	20	1	2	21	22	23	24	
6683	6682	fling	24849	180	129	157	122	3.5294	2.2577	1.5379	2.1139	Noun	128	0.71111	3.5495	1	48	5	4	1	low	low1	3	30	1	2	31	32	33	34	
5276	5275	dove	19669	284	133	171	122	5.5686	2.4548	1.5856	2.1271	Noun	197	0.69366	3.7467	1	17.33	4	13	1	high	high1	1	10	1	2	11	12	13	14	
3766	3765	connection	13549	1386	1008	1356	988	27.1765	3.1421	12.0172	3.0039	Noun	1314	0.94942	4.4339	3	154.78	10	2	1	high	high3	2	20	1	2	21	22	23	24	
14383	14382	reception	52766	568	420	539	404	11.1373	2.7551	5.0072	2.6243	Noun	568	1	4.0469	3	126.13	9	1	1	high	high3	2	20	1	2	21	22	23	24	
4646	4645	defender	16828	152	111	127	96	2.9804	2.1847	1.3233	2.0492	Noun	153	1	3.4765	3	87.57	8	1	1	low	low3	4	40	1	2	41	42	43	44	
15989	15988	sigh	59081	173	131	163	125	3.3922	2.2405	1.5618	2.1206	Noun	129	0.74566	3.5324	1	10.33	4	3	1	low	low1	3	30	1	2	31	32	33	34	
12784	12783	peek	46974	272	226	252	220	5.3333	2.4362	2.6943	2.356	Noun	170	0.625	3.728	1	24	4	10	1	high	high1	1	10	1	2	11	12	13	14	
18202	18201	treasury	67548	194	93	50	37	3.8039	2.29	1.1087	1.9731	Noun	193	0.99485	3.5819	3	65.29	8	1	1	low	low3	4	40	1	2	41	42	43	44	
17894	17893	tin	66443	441	269	270	220	8.6471	2.6454	3.207	2.4314	Noun	410	0.94253	3.9373	1	8	3	17	1	high	high1	1	10	1	2	11	12	13	14	
3713	3712	conclusion	13241	465	404	455	397	9.1176	2.6684	4.8164	2.6075	Noun	464	1	3.9602	3	110	10	0	1	high	high3	2	20	1	2	21	22	23	24	
4996	4995	direction	18361	1228	979	1208	967	24.0784	3.0896	11.6714	2.9912	Noun	1230	1	4.3814	3	121.25	9	0	1	high	high3	2	20	1	2	21	22	23	24	
16974	16973	strategy	62847	482	371	461	364	9.451	2.6839	4.423	2.5705	Noun	482	1	3.9758	3	57	8	0	1	high	high3	2	20	1	2	21	22	23	24	
3301	3300	clause	11808	143	99	122	89	2.8039	2.1584	1.1803	2	Noun	130	0.90909	3.4502	1	40	6	0	1	low	low1	3	30	1	2	31	32	33	34	
2944	2943	century	10375	1063	727	950	663	20.8431	3.0269	8.6671	2.8621	Noun	1065	1	4.3188	3	54.33	7	0	1	high	high3	2	20	1	2	21	22	23	24	
15114	15113	rye	56007	212	140	154	106	4.1569	2.3284	1.6691	2.1492	Noun	156	0.73585	3.6202	1	3.5	3	7	1	low	low1	3	30	1	2	31	32	33	34	
4148	4147	creep	15105	573	432	531	410	11.2353	2.7589	5.1502	2.6365	Noun	369	0.64623	4.0507	1	35.75	5	3	1	high	high1	1	10	1	2	11	12	13	14	
14331	14330	reactor	52485	204	66	170	58	4	2.3118	0.78684	1.8261	Noun	198	0.97537	3.6036	3	72.5	7	0	1	low	low3	4	40	1	2	41	42	43	44	
13199	13198	plantation	48494	170	81	150	74	3.3333	2.233	0.96567	1.9138	Noun	168	1	3.5248	3	138.22	10	0	1	low	low3	4	40	1	2	41	42	43	44	
6736	6735	fluke	25036	89	65	80	61	1.7451	1.9542	0.77492	1.8195	Noun	89	1	3.2461	1	25.25	5	2	1	low	low1	3	30	1	2	31	32	33	34	
490	489	announcer	2331	574	201	217	75	11.2549	2.7597	2.3963	2.3054	Noun	529	0.92321	4.0515	3	41.63	9	2	1	high	high3	2	20	1	2	21	22	23	24	
3670	3669	complexion	13043	98	84	97	83	1.9216	1.9956	1.0014	1.9294	Noun	98	1	3.2875	3	99.44	10	1	1	low	low3	4	40	1	2	41	42	43	44	
6634	6633	flash	24656	783	578	609	502	15.3529	2.8943	6.8908	2.7627	Noun	444	0.56705	4.1862	1	42.5	5	5	1	high	high1	1	10	1	2	11	12	13	14	
8347	8346	hip	30549	786	505	668	474	15.4118	2.896	6.0205	2.7042	Noun	673	0.85623	4.1878	1	7.5	3	16	1	high	high1	1	10	1	2	11	12	13	14	
14896	14895	roach	55317	135	73	89	59	2.6471	2.1335	0.87029	1.8692	Noun	91	0.67407	3.4254	1	41	5	3	1	low	low1	3	30	1	2	31	32	33	34	
12918	12917	pet	47588	1029	623	910	574	20.1765	3.0128	7.4273	2.7952	Noun	887	0.86537	4.3047	1	10	3	22	1	high	high1	1	10	1	2	11	12	13	14	
17410	17409	tab	64645	294	232	258	211	5.7647	2.4698	2.7659	2.3674	Noun	279	0.94898	3.7617	1	6	3	11	1	high	high1	1	10	1	2	11	12	13	14	
12897	12896	personnel	47498	835	534	773	501	16.3725	2.9222	6.3662	2.7284	Noun	833	0.9976	4.214	3	42.5	9	0	1	high	high3	2	20	1	2	21	22	23	24	
17841	17840	tiara	66267	91	45	88	44	1.7843	1.9638	0.53648	1.6628	Noun	89	1	3.2556	3	25.5	5	0	1	low	low3	4	40	1	2	41	42	43	44	
10980	10979	midst	40480	175	157	167	156	3.4314	2.2455	1.8717	2.1987	Noun	174	1	3.5373	1	22.5	5	1	1	low	low1	3	30	1	2	31	32	33	34	
6261	6260	fantasy	23533	828	557	777	527	16.2353	2.9186	6.6404	2.7466	Noun	812	0.99877	4.2104	3	48.17	7	0	1	high	high3	2	20	1	2	21	22	23	24	
6332	6331	feat	23776	78	70	76	69	1.5294	1.8976	0.83453	1.8513	Noun	78	1	3.1895	1	31.67	4	12	1	low	low1	3	30	1	2	31	32	33	34	
42	41	accountant	407	315	191	303	185	6.1765	2.4997	2.2771	2.2833	Noun	315	1	3.7915	3	38.89	10	0	1	high	high3	2	20	1	2	21	22	23	24	
9147	9146	ironing	34304	75	60	74	59	1.4706	1.8808	0.71531	1.7853	Noun	40	0.53333	3.1726	3	288.17	7	1	1	low	low3	4	40	1	2	41	42	43	44	
5019	5018	discipline	18510	462	335	419	315	9.0588	2.6656	3.9938	2.5263	Noun	462	1	3.9574	3	105.89	10	0	1	high	high3	2	20	1	2	21	22	23	24	
4896	4895	diary	17996	458	235	398	213	8.9804	2.6618	2.8016	2.3729	Noun	437	0.94384	3.9536	3	34.75	5	0	1	high	high3	2	20	1	2	21	22	23	24	
1801	1800	bodyguard	6947	292	160	263	153	5.7255	2.4669	1.9075	2.2068	Noun	291	0.99658	3.7587	3	19.25	9	0	1	high	high3	2	20	1	2	21	22	23	24	
9567	9566	knob	35844	125	99	118	95	2.451	2.1004	1.1803	2	Noun	124	0.992	3.3922	1	5.33	4	3	1	low	low1	3	30	1	2	31	32	33	34	
19385	19384	wolf	73342	1034	376	623	288	20.2745	3.0149	4.4826	2.5763	Noun	925	0.89632	4.3068	1	19.33	4	2	1	high	high1	1	10	1	2	11	12	13	14	
16220	16219	slope	59933	150	120	125	104	2.9412	2.179	1.4306	2.0828	Noun	147	0.98	3.4708	1	32.25	5	3	1	low	low1	3	30	1	2	31	32	33	34	
9027	9026	inspector	33567	1124	290	465	190	22.0392	3.0512	3.4573	2.4639	Noun	1133	1	4.343	3	55.5	9	0	1	high	high3	2	20	1	2	21	22	23	24	
10269	10268	loot	37927	181	136	168	128	3.549	2.2601	1.6214	2.1367	Noun	143	0.79006	3.5519	1	35	4	16	1	low	low1	3	30	1	2	31	32	33	34	
12873	12872	period	47325	1417	1022	1278	927	27.7843	3.1517	12.1841	3.0099	Noun	1417	1	4.4435	3	40.2	6	0	1	high	high3	2	20	1	2	21	22	23	24	
14047	14046	quad	51533	79	53	53	43	1.549	1.9031	0.63186	1.7324	Noun	77	0.98718	3.1949	1	7	4	2	1	low	low1	3	30	1	2	31	32	33	34	
15445	15444	scotch	57109	752	478	301	200	14.7451	2.8768	5.6986	2.6803	Noun	662	0.88032	4.1686	1	26.6	6	1	1	high	high1	1	10	1	2	11	12	13	14	
12984	12983	photograph	47830	579	407	566	400	11.3529	2.7634	4.8522	2.6107	Noun	464	0.80277	4.0553	3	18.78	10	1	1	high	high3	2	20	1	2	21	22	23	24	
18793	18792	vet	71174	296	193	288	189	5.8039	2.4728	2.3009	2.2878	Noun	278	0.93919	3.7646	1	7	3	13	1	high	high1	1	10	1	2	11	12	13	14	
7944	7943	ham	29228	591	335	473	286	11.5882	2.7723	3.9938	2.5263	Noun	565	0.95601	4.0642	1	8	3	17	1	high	high1	1	10	1	2	11	12	13	14	
5001	5000	director	18370	1834	809	1287	646	35.9608	3.2636	9.6447	2.9085	Noun	1813	0.99234	4.5555	3	50.14	8	0	1	high	high3	2	20	1	2	21	22	23	24	
6747	6746	flute	25078	108	71	100	65	2.1176	2.0374	0.84645	1.8573	Noun	108	1	3.3293	1	32.75	5	1	1	low	low1	3	30	1	2	31	32	33	34	
6696	6695	flood	24908	291	202	225	176	5.7059	2.4654	2.4082	2.3075	Noun	171	0.58763	3.7572	1	34.75	5	2	1	high	high1	1	10	1	2	11	12	13	14	
14072	14071	quart	51629	106	77	100	74	2.0784	2.0294	0.91798	1.8921	Noun	105	1	3.3212	1	28	5	0	1	low	low1	3	30	1	2	31	32	33	34	
3279	3278	clan	11716	209	125	154	106	4.098	2.3222	1.4902	2.1004	Noun	207	0.99519	3.6141	1	18	4	7	1	low	low1	3	30	1	2	31	32	33	34	
12209	12208	origin	44867	227	169	205	154	4.451	2.3579	2.0148	2.2304	Noun	227	1	3.6498	3	35.4	6	0	1	low	low3	4	40	1	2	41	42	43	44	
6330	6329	feast	23771	342	236	304	209	6.7059	2.5353	2.8135	2.3747	Noun	312	0.90962	3.8271	1	45.5	5	3	1	high	high1	1	10	1	2	11	12	13	14	
3987	3986	cough	14565	448	334	387	295	8.7843	2.6522	3.9819	2.525	Noun	258	0.57461	3.9441	1	34.75	5	5	1	high	high1	1	10	1	2	11	12	13	14	
5687	5686	elm	21054	73	47	16	15	1.4314	1.8692	0.56032	1.6812	Noun	51	0.70833	3.1611	1	2	3	2	1	low	low1	3	30	1	2	31	32	33	34	
8849	8848	incident	32672	883	685	878	683	17.3137	2.9465	8.1664	2.8363	Noun	883	1	4.2383	3	62.43	8	0	1	high	high3	2	20	1	2	21	22	23	24	
3015	3014	character	10660	1946	1169	1911	1157	38.1569	3.2894	13.9366	3.0682	Noun	1943	1	4.5812	3	79.5	9	0	1	high	high3	2	20	1	2	21	22	23	24	
331	330	altitude	1765	198	146	175	133	3.8824	2.2989	1.7406	2.1673	Noun	196	0.99492	3.5907	3	35.57	8	2	1	low	low3	4	40	1	2	41	42	43	44	
13380	13379	polygraph	49030	81	40	72	37	1.5882	1.9138	0.47687	1.6128	Noun	73	0.90123	3.2056	3	28.25	9	0	1	low	low3	4	40	1	2	41	42	43	44	
18531	18530	underwear	69152	1105	754	1063	734	21.6667	3.0438	8.989	2.8779	Noun	1102	0.99909	4.3356	3	53.38	9	0	1	high	high3	2	20	1	2	21	22	23	24	
16429	16428	sorcerer	60862	87	39	75	36	1.7059	1.9445	0.46495	1.6021	Noun	79	0.90805	3.2363	3	99.71	8	0	1	low	low3	4	40	1	2	41	42	43	44	
11966	11965	oak	44025	286	187	189	129	5.6078	2.4579	2.2294	2.2742	Noun	269	0.93728	3.7497	1	3	3	4	1	high	high1	1	10	1	2	11	12	13	14	
8188	8187	hedge	29985	79	58	73	54	1.549	1.9031	0.69146	1.7709	Noun	66	0.83544	3.1949	1	23.5	5	3	1	low	low1	3	30	1	2	31	32	33	34	
11971	11970	oasis	44038	98	66	75	51	1.9216	1.9956	0.78684	1.8261	Noun	96	1	3.2875	3	15	5	2	1	low	low3	4	40	1	2	41	42	43	44	
4377	4376	customer	15883	775	578	727	550	15.1961	2.8899	6.8908	2.7627	Noun	770	0.99741	4.1817	3	60	8	0	1	high	high3	2	20	1	2	21	22	23	24	
5799	5798	energy	21564	1678	995	1587	963	32.902	3.2251	11.8622	2.9983	Noun	1675	1	4.5169	3	16.4	6	0	1	high	high3	2	20	1	2	21	22	23	24	
3339	3338	clientele	11925	80	71	77	70	1.5686	1.9085	0.84645	1.8573	Noun	80	1	3.2003	3	50.13	9	0	1	low	low3	4	40	1	2	41	42	43	44	
14396	14395	recital	52808	150	75	148	73	2.9412	2.179	0.89413	1.8808	Noun	150	1	3.4708	3	68.67	7	0	1	low	low3	4	40	1	2	41	42	43	44	
9293	9292	job	34925	21063	5983	20853	5957	413	4.3235	71.3281	3.777	Noun	21043	0.99995	5.6154	1	7	3	14	1	high	high1	1	10	1	2	11	12	13	14	
11610	11609	nap	42539	645	487	626	481	12.6471	2.8102	5.8059	2.6884	Noun	611	0.94876	4.1021	1	7	3	13	1	high	high1	1	10	1	2	11	12	13	14	
10600	10599	mare	39115	148	85	113	65	2.902	2.1732	1.0134	1.9345	Noun	110	0.7483	3.465	1	43.67	4	22	1	low	low1	3	30	1	2	31	32	33	34	
13484	13483	possession	49359	680	522	630	493	13.3333	2.8331	6.2232	2.7185	Noun	593	0.87592	4.125	3	88.67	10	0	1	high	high3	2	20	1	2	21	22	23	24	
18339	18338	trunk	67993	1010	561	985	553	19.8039	3.0048	6.6881	2.7497	Noun	1010	0.99901	4.2966	1	33.5	5	2	1	high	high1	1	10	1	2	11	12	13	14	
14058	14057	quality	51594	947	736	891	709	18.5686	2.9768	8.7744	2.8675	Noun	947	1	4.2686	3	59.17	7	1	1	high	high3	2	20	1	2	21	22	23	24	
13712	13711	privacy	50272	774	618	749	604	15.1765	2.8893	7.3677	2.7917	Noun	773	1	4.1811	3	44.67	7	1	1	high	high3	2	20	1	2	21	22	23	24	
2479	2478	cadillac	8931	292	170	11	6	5.7255	2.4669	2.0267	2.233	Noun	146	0.50345	3.7587	3	35.29	8	0	1	high	high3	2	20	1	2	21	22	23	24	
16631	16630	spouse	61644	97	80	96	79	1.902	1.9912	0.95374	1.9085	Noun	97	1	3.2831	1	37	6	0	1	low	low1	3	30	1	2	31	32	33	34	
10346	10345	lunatic	38229	433	345	414	335	8.4902	2.6375	4.113	2.5391	Noun	368	0.84988	3.9293	3	42.83	7	0	1	high	high3	2	20	1	2	21	22	23	24	
14935	14934	rod	55417	547	265	304	207	10.7255	2.7388	3.1593	2.4249	Noun	537	0.98172	4.0306	1	7	3	14	1	high	high1	1	10	1	2	11	12	13	14	
13855	13854	prototype	50828	169	109	164	108	3.3137	2.2304	1.2995	2.0414	Noun	168	1	3.5223	3	38.88	9	0	1	low	low3	4	40	1	2	41	42	43	44	
8152	8151	heap	29872	249	210	240	205	4.8824	2.3979	2.5036	2.3243	Noun	218	0.88259	3.6898	1	31.67	4	8	1	high	high1	1	10	1	2	11	12	13	14	
3639	3638	communion	12904	106	66	61	45	2.0784	2.0294	0.78684	1.8261	Noun	106	1	3.3212	3	100.25	9	0	1	low	low3	4	40	1	2	41	42	43	44	
12141	12140	oppression	44690	76	63	75	63	1.4902	1.8865	0.75107	1.8062	Noun	76	1	3.1783	3	92.11	10	0	1	low	low3	4	40	1	2	41	42	43	44	
9731	9730	lasagna	36403	183	94	144	80	3.5882	2.2648	1.1206	1.9777	Noun	175	0.95628	3.5567	3	24.83	7	0	1	low	low3	4	40	1	2	41	42	43	44	
19024	19023	wallpaper	71912	171	122	164	120	3.3529	2.2355	1.4545	2.0899	Noun	171	1	3.5274	3	38.75	9	0	1	low	low3	4	40	1	2	41	42	43	44	
802	801	assessment	3470	158	132	155	129	3.098	2.2014	1.5737	2.1239	Noun	158	1	3.4932	3	43.44	10	0	1	low	low3	4	40	1	2	41	42	43	44	
14879	14878	rite	55260	74	59	63	50	1.451	1.8751	0.70339	1.7782	Noun	72	1	3.1669	1	21	4	12	1	low	low1	3	30	1	2	31	32	33	34	
5153	5152	document	19289	515	319	496	305	10.098	2.7126	3.8031	2.5051	Noun	439	0.85243	4.0045	3	45	8	0	1	high	high3	2	20	1	2	21	22	23	24	
11944	11943	nun	43944	355	175	331	163	6.9608	2.5514	2.0863	2.2455	Noun	354	1	3.8433	1	6	3	10	1	high	high1	1	10	1	2	11	12	13	14	
4365	4364	curve	15848	235	179	209	166	4.6078	2.3729	2.134	2.2553	Noun	224	0.95319	3.6647	1	25.25	5	2	1	high	high1	1	10	1	2	11	12	13	14	
16706	16705	stag	61960	81	56	72	48	1.5882	1.9138	0.66762	1.7559	Noun	75	0.90361	3.2056	1	8.67	4	7	1	low	low1	3	30	1	2	31	32	33	34	
3636	3635	commotion	12883	106	95	100	91	2.0784	2.0294	1.1326	1.9823	Noun	106	1	3.3212	3	128.25	9	0	1	low	low3	4	40	1	2	41	42	43	44	
14367	14366	rebellion	52669	130	106	115	95	2.549	2.1173	1.2637	2.0294	Noun	129	1	3.4091	3	102.5	9	0	1	low	low3	4	40	1	2	41	42	43	44	
19237	19236	whirl	72722	89	72	85	70	1.7451	1.9542	0.85837	1.8633	Noun	74	0.83146	3.2461	1	23.25	5	1	1	low	low1	3	30	1	2	31	32	33	34	
1558	1557	bin	6111	274	167	208	144	5.3725	2.4393	1.9909	2.2253	Noun	231	0.84615	3.7312	1	8.5	3	18	1	high	high1	1	10	1	2	11	12	13	14	
12881	12880	perk	47368	72	63	58	55	1.4118	1.8633	0.75107	1.8062	Noun	46	0.63014	3.1552	1	18	4	7	1	low	low1	3	30	1	2	31	32	33	34	
15832	15831	shin	58514	157	62	32	29	3.0784	2.1987	0.73915	1.7993	Noun	138	0.8961	3.4905	1	16.67	4	7	1	low	low1	3	30	1	2	31	32	33	34	
3793	3792	consulate	13763	249	78	187	62	4.8824	2.3979	0.9299	1.8976	Noun	237	0.95565	3.6898	3	85.38	9	0	1	high	high3	2	20	1	2	21	22	23	24	
364	363	amendment	1884	209	115	83	52	4.098	2.3222	1.371	2.0645	Noun	209	1	3.6141	3	44.88	9	0	1	low	low3	4	40	1	2	41	42	43	44	
17032	17031	stroll	63023	211	186	206	182	4.1373	2.3263	2.2175	2.2718	Noun	140	0.66038	3.6182	1	44.2	6	1	1	low	low1	3	30	1	2	31	32	33	34	
14380	14379	receiver	52756	151	105	141	100	2.9608	2.1818	1.2518	2.0253	Noun	151	1	3.4737	3	85.57	8	3	1	low	low3	4	40	1	2	41	42	43	44	
3700	3699	conception	13199	106	90	87	81	2.0784	2.0294	1.073	1.959	Noun	106	1	3.3212	3	147.22	10	0	1	low	low3	4	40	1	2	41	42	43	44	
851	850	atmosphere	3663	493	362	483	356	9.6667	2.6937	4.3157	2.5599	Noun	493	1	3.9856	3	20.56	10	0	1	high	high3	2	20	1	2	21	22	23	24	
6609	6608	flair	24596	116	88	110	86	2.2745	2.0682	1.0491	1.9494	Noun	115	1	3.36	1	35.25	5	1	1	low	low1	3	30	1	2	31	32	33	34	
14329	14328	reaction	52475	830	653	803	638	16.2745	2.9196	7.7849	2.8156	Noun	831	1	4.2114	3	125.86	8	0	1	high	high3	2	20	1	2	21	22	23	24	
7999	7998	handyman	29365	93	57	88	56	1.8235	1.9731	0.67954	1.7634	Noun	92	0.98925	3.265	3	42.86	8	0	1	low	low3	4	40	1	2	41	42	43	44	
6394	6393	fern	23953	163	28	22	14	3.1961	2.2148	0.33381	1.4624	Noun	116	0.71605	3.5067	1	16.67	4	1	1	low	low1	3	30	1	2	31	32	33	34	
6707	6706	flop	24932	118	91	117	90	2.3137	2.0755	1.0849	1.9638	Noun	87	0.73729	3.3674	1	18.33	4	7	1	low	low1	3	30	1	2	31	32	33	34	
5793	5792	enema	21547	72	52	65	50	1.4118	1.8633	0.61993	1.7243	Noun	72	1	3.1552	3	9.75	5	1	1	low	low3	4	40	1	2	41	42	43	44	
16188	16187	sleigh	59805	167	71	158	66	3.2745	2.2253	0.84645	1.8573	Noun	145	0.87879	3.5171	1	19.8	6	0	1	low	low1	3	30	1	2	31	32	33	34	
1207	1206	bargaining	4846	106	79	94	74	2.0784	2.0294	0.94182	1.9031	Noun	65	0.61905	3.3212	3	140.67	10	0	1	low	low3	4	40	1	2	41	42	43	44	
5311	5310	draft	19781	371	300	351	287	7.2745	2.5705	3.5765	2.4786	Noun	303	0.81892	3.8624	1	33.75	5	3	1	high	high1	1	10	1	2	11	12	13	14	
1395	1394	beef	5383	1005	643	895	598	19.7059	3.0026	7.6657	2.8089	Noun	994	0.99004	4.2944	1	25.67	4	6	1	high	high1	1	10	1	2	11	12	13	14	
8389	8388	hog	30701	261	194	234	179	5.1176	2.4183	2.3128	2.29	Noun	205	0.78846	3.7101	1	7	3	14	1	high	high1	1	10	1	2	11	12	13	14	
8049	8048	harmony	29544	419	202	194	159	8.2157	2.6232	2.4082	2.3075	Noun	414	0.98807	3.9151	3	65.5	7	0	1	high	high3	2	20	1	2	21	22	23	24	
15368	15367	scenery	56872	193	161	187	157	3.7843	2.2878	1.9194	2.2095	Noun	193	1	3.5796	3	88.83	7	0	1	low	low3	4	40	1	2	41	42	43	44	
5261	5260	dot	19608	338	184	190	152	6.6275	2.5302	2.1936	2.2672	Noun	313	0.93155	3.822	1	8	3	14	1	high	high1	1	10	1	2	11	12	13	14	
2674	2673	caravan	9532	74	45	68	42	1.451	1.8751	0.53648	1.6628	Noun	74	1	3.1669	3	64.33	7	0	1	low	low3	4	40	1	2	41	42	43	44	
14299	14298	ratio	52340	164	92	160	91	3.2157	2.2175	1.0968	1.9685	Noun	158	1	3.5093	3	28	5	2	1	low	low3	4	40	1	2	41	42	43	44	
2198	2197	bruise	8137	165	132	162	130	3.2353	2.2201	1.5737	2.1239	Noun	128	0.78049	3.5119	1	43	6	1	1	low	low1	3	30	1	2	31	32	33	34	
674	673	area	3018	3821	2159	3663	2099	74.9216	3.5823	25.7392	3.3345	Noun	3817	1	4.8741	3	9.67	4	1	1	high	high3	2	20	1	2	21	22	23	24	
18473	18472	typewriter	68445	161	92	154	91	3.1569	2.2095	1.0968	1.9685	Noun	160	1	3.5013	3	48	10	0	1	low	low3	4	40	1	2	41	42	43	44	
6800	6799	foot	25259	3311	2054	3184	2016	64.9216	3.5201	24.4874	3.3128	Noun	3289	0.99306	4.8119	1	31.33	4	12	1	high	high1	1	10	1	2	11	12	13	14	
16464	16463	souvenir	60996	240	202	221	186	4.7059	2.382	2.4082	2.3075	Noun	239	1	3.6739	3	38.86	8	0	1	high	high3	2	20	1	2	21	22	23	24	
13082	13081	pin	48156	835	545	719	507	16.3725	2.9222	6.4974	2.7372	Noun	542	0.6491	4.214	1	8.5	3	18	1	high	high1	1	10	1	2	11	12	13	14	
18555	18554	unity	69585	138	86	104	72	2.7059	2.143	1.0253	1.9395	Noun	137	0.98561	3.4348	3	27	5	3	1	low	low3	4	40	1	2	41	42	43	44	
10681	10680	masquerade	39348	82	45	58	44	1.6078	1.9191	0.53648	1.6628	Noun	51	0.62963	3.2109	3	31.67	10	0	1	low	low3	4	40	1	2	41	42	43	44	
16742	16741	stance	62056	96	73	93	73	1.8824	1.9868	0.87029	1.8692	Noun	95	1	3.2786	1	55	6	1	1	low	low1	3	30	1	2	31	32	33	34	
729	728	arrogance	3206	144	128	136	123	2.8235	2.1614	1.526	2.1106	Noun	144	1	3.4532	3	38.88	9	0	1	low	low3	4	40	1	2	41	42	43	44	
887	886	attorney	3775	2060	930	1592	820	40.3922	3.3141	11.0873	2.9689	Noun	2046	0.99708	4.6059	3	36.86	8	0	1	high	high3	2	20	1	2	21	22	23	24	
19131	19130	wax	72229	461	277	394	266	9.0392	2.6646	3.3023	2.444	Noun	299	0.64859	3.9565	1	5.5	3	9	1	high	high1	1	10	1	2	11	12	13	14	
7674	7673	grief	28394	552	450	533	434	10.8235	2.7427	5.3648	2.6542	Noun	553	1	4.0346	1	38	5	1	1	high	high1	1	10	1	2	11	12	13	14	
9038	9037	instrument	33647	413	313	410	311	8.098	2.617	3.7315	2.4969	Noun	413	1	3.9088	3	70.56	10	0	1	high	high3	2	20	1	2	21	22	23	24	
9428	9427	keg	35422	175	99	159	96	3.4314	2.2455	1.1803	2	Noun	160	0.91429	3.5373	1	4	3	6	1	low	low1	3	30	1	2	31	32	33	34	
1330	1329	beach	5178	2888	1291	2180	1025	56.6275	3.4607	15.391	3.1113	Noun	2859	0.9903	4.7526	1	55	5	7	1	high	high1	1	10	1	2	11	12	13	14	
9972	9971	liberty	37109	849	539	502	392	16.6471	2.9294	6.4258	2.7324	Noun	832	0.97998	4.2213	3	38.33	7	0	1	high	high3	2	20	1	2	21	22	23	24	
15072	15071	rum	55874	382	204	280	169	7.4902	2.5832	2.432	2.3118	Noun	369	0.9685	3.875	1	6	3	12	1	high	high1	1	10	1	2	11	12	13	14	
4100	4099	cranberry	14933	99	72	82	61	1.9412	2	0.85837	1.8633	Noun	96	0.9697	3.2918	3	43.75	9	0	1	low	low3	4	40	1	2	41	42	43	44	
2725	2724	carnival	9712	363	177	306	150	7.1176	2.5611	2.1102	2.2504	Noun	286	0.78788	3.8529	3	60.29	8	0	1	high	high3	2	20	1	2	21	22	23	24	
2493	2492	cage	8959	1034	564	810	481	20.2745	3.0149	6.7239	2.752	Noun	952	0.91981	4.3068	1	18	4	13	1	high	high1	1	10	1	2	11	12	13	14	
12032	12031	odds	44297	970	708	906	667	19.0196	2.9872	8.4406	2.8506	Noun	971	1	4.2791	1	8.67	4	1	1	high	high1	1	10	1	2	11	12	13	14	
5976	5975	etiquette	22370	96	85	94	85	1.8824	1.9868	1.0134	1.9345	Noun	98	1	3.2786	3	25.13	9	0	1	low	low3	4	40	1	2	41	42	43	44	
303	302	allowance	1659	265	191	256	189	5.1961	2.4249	2.2771	2.2833	Noun	265	0.99624	3.7167	3	39.75	9	0	1	high	high3	2	20	1	2	21	22	23	24	
7395	7394	gland	27419	77	54	76	53	1.5098	1.8921	0.64378	1.7404	Noun	77	1	3.1839	1	37.75	5	3	1	low	low1	3	30	1	2	31	32	33	34	
5009	5008	disaster	18462	881	684	848	664	17.2745	2.9455	8.1545	2.8357	Noun	876	0.99772	4.2373	3	100.14	8	0	1	high	high3	2	20	1	2	21	22	23	24	
15231	15230	sand	56375	1035	618	891	581	20.2941	3.0154	7.3677	2.7917	Noun	995	0.96135	4.3072	1	30.33	4	11	1	high	high1	1	10	1	2	11	12	13	14	
875	874	attendance	3740	135	113	118	99	2.6471	2.1335	1.3472	2.0569	Noun	135	1	3.4254	3	46.67	10	0	1	low	low3	4	40	1	2	41	42	43	44	
15458	15457	scrap	57162	223	170	196	160	4.3725	2.3502	2.0267	2.233	Noun	169	0.75785	3.6421	1	15.5	5	2	1	low	low1	3	30	1	2	31	32	33	34	
15603	15602	selection	57692	232	201	225	196	4.549	2.3674	2.3963	2.3054	Noun	232	1	3.6592	3	112.25	9	0	1	high	high3	2	20	1	2	21	22	23	24	
