numid|f	X|f	Word|s	Unnamed|f	FREQcount|f	Cdcount|f	FREQlow|f	Cdlow|f	SUBLTLWF|f	Lg10WF|f	SUBTLCD|f	Lg10CD|f	Dom_PoS_SUBTLEX|s	Freq_dom_PoS_SUBTLEX|f	Percentage_dom_PoS|f	Zipfvalue|f	cmu_sylls|f	BF_TP|f	LEN_L|f	N|f	Zipfvalue_incl|f	Zipfvalue_cat|s	cond_name|s	cond_code|f	trigger_code|f	len|f	corr_resp|f	fix_code|f	word_code|f	delay_code|f	audioresp_code|f	list|f	list_name|s	file_num|s	jittered_ISI|f	total_time|f	
14715	14714	retainer	54581	108	87	108	87	2.1176	2.0374	1.0372	1.9445	Noun	108	1	3.3293	3	108.29	8	2	1	low	low3	4	40	1	2	41	42	43	44	4	list4	list4_14715_retainer_low3	3500	11500	
10783	10782	mechanic	39703	258	185	250	181	5.0588	2.4133	2.2055	2.2695	Noun	257	0.99612	3.7051	3	41.57	8	0	1	high	high3	2	20	1	2	21	22	23	24	4	list4	list4_10783_mechanic_high3	3250	11250	
7093	7092	fuss	26401	364	324	362	324	7.1373	2.5623	3.8627	2.5119	Noun	322	0.88462	3.8541	1	18.67	4	4	1	high	high1	1	10	1	2	11	12	13	14	4	list4	list4_7093_fuss_high1	3300	11300	
17775	17774	thigh	65969	191	152	177	146	3.7451	2.2833	1.8121	2.1847	Noun	191	1	3.5751	1	21.5	5	0	1	low	low1	3	30	1	2	31	32	33	34	4	list4	list4_17775_thigh_low1	3350	11350	
16701	16700	staff	61953	1632	987	1457	923	32	3.213	11.7668	2.9948	Noun	1603	0.98163	4.5048	1	30	5	2	1	high	high1	1	10	1	2	11	12	13	14	4	list4	list4_16701_staff_high1	3500	11500	
11894	11893	notch	43761	170	131	148	129	3.3333	2.233	1.5618	2.1206	Noun	152	0.89412	3.5248	1	31	5	1	1	low	low1	3	30	1	2	31	32	33	34	4	list4	list4_11894_notch_low1	3200	11200	
17785	17784	thirst	66012	190	152	185	150	3.7255	2.281	1.8121	2.1847	Noun	167	0.87895	3.5729	1	36.2	6	0	1	low	low1	3	30	1	2	31	32	33	34	4	list4	list4_17785_thirst_low1	3450	11450	
7578	7577	graft	28057	84	49	79	48	1.6471	1.9294	0.58417	1.699	Noun	71	0.84524	3.2213	1	36.5	5	3	1	low	low1	3	30	1	2	31	32	33	34	4	list4	list4_7578_graft_low1	3450	11450	
1135	1134	ban	4622	160	84	125	71	3.1373	2.2068	1.0014	1.9294	Noun	83	0.51875	3.4987	1	8.5	3	18	1	low	low1	3	30	1	2	31	32	33	34	4	list4	list4_1135_ban_low1	3450	11450	
17754	17753	therapist	65877	485	307	470	302	9.5098	2.6866	3.66	2.4886	Noun	482	0.99587	3.9785	3	46.25	9	0	1	high	high3	2	20	1	2	21	22	23	24	4	list4	list4_17754_therapist_high3	3350	11350	
10355	10354	lung	38247	420	239	305	210	8.2353	2.6243	2.8493	2.3802	Noun	368	0.88249	3.9161	1	22	4	7	1	high	high1	1	10	1	2	11	12	13	14	4	list4	list4_10355_lung_high1	3250	11250	
16739	16738	stamp	62045	302	222	275	206	5.9216	2.4814	2.6466	2.3483	Noun	220	0.72848	3.7733	1	35	5	3	1	high	high1	1	10	1	2	11	12	13	14	4	list4	list4_16739_stamp_high1	3200	11200	
3387	3386	cloth	12066	311	236	304	230	6.098	2.4942	2.8135	2.3747	Noun	311	1	3.786	1	39.75	5	2	1	high	high1	1	10	1	2	11	12	13	14	4	list4	list4_3387_cloth_high1	3450	11450	
8665	8664	hut	31635	674	211	350	146	13.2157	2.8293	2.5155	2.3263	Noun	672	1	4.1211	1	8.5	3	18	1	high	high1	1	10	1	2	11	12	13	14	4	list4	list4_8665_hut_high1	3350	11350	
419	418	analyst	2090	177	109	171	107	3.4706	2.2504	1.2995	2.0414	Noun	177	1	3.5423	3	33.33	7	1	1	low	low3	4	40	1	2	41	42	43	44	4	list4	list4_419_analyst_low3	3450	11450	
735	734	arsenal	3226	102	82	95	75	2	2.0128	0.97759	1.9191	Noun	96	0.94118	3.3047	3	37.17	7	0	1	low	low3	4	40	1	2	41	42	43	44	4	list4	list4_735_arsenal_low3	3500	11500	
12856	12855	perception	47215	180	144	169	136	3.5294	2.2577	1.7167	2.1614	Noun	180	1	3.5495	3	119.67	10	0	1	low	low3	4	40	1	2	41	42	43	44	4	list4	list4_12856_perception_low3	3400	11400	
13362	13361	poll	48968	127	79	112	70	2.4902	2.1072	0.94182	1.9031	Noun	129	0.99231	3.399	1	37.67	4	13	1	low	low1	3	30	1	2	31	32	33	34	4	list4	list4_13362_poll_low1	3200	11200	
12344	12343	overtime	45657	318	261	306	251	6.2353	2.5038	3.1116	2.4183	Noun	178	0.55975	3.7956	3	75.43	8	0	1	high	high3	2	20	1	2	21	22	23	24	4	list4	list4_12344_overtime_high3	3350	11350	
16093	16092	skeleton	59461	261	145	206	138	5.1176	2.4183	1.7287	2.1644	Noun	221	0.84674	3.7101	3	37	8	0	1	high	high3	2	20	1	2	21	22	23	24	4	list4	list4_16093_skeleton_high3	3400	11400	
9817	9816	leaf	36653	265	217	246	204	5.1961	2.4249	2.587	2.3385	Noun	259	0.97736	3.7167	1	27.67	4	7	1	high	high1	1	10	1	2	11	12	13	14	4	list4	list4_9817_leaf_high1	3500	11500	
899	898	audio	3823	284	188	255	167	5.5686	2.4548	2.2413	2.2765	Noun	145	0.51418	3.7467	3	8.25	5	1	1	high	high3	2	20	1	2	21	22	23	24	4	list4	list4_899_audio_high3	3250	11250	
4717	4716	denial	17229	268	199	224	173	5.2549	2.4298	2.3724	2.301	Noun	268	1	3.7216	3	58.6	6	3	1	high	high3	2	20	1	2	21	22	23	24	4	list4	list4_4717_denial_high3	3350	11350	
16225	16224	sloth	59952	74	24	26	18	1.451	1.8751	0.28612	1.3979	Noun	74	1	3.1669	1	40	5	3	1	low	low1	3	30	1	2	31	32	33	34	4	list4	list4_16225_sloth_low1	3500	11500	
1086	1085	bakery	4491	179	117	158	108	3.5098	2.2553	1.3948	2.0719	Noun	175	0.97765	3.5471	3	53.4	6	1	1	low	low3	4	40	1	2	41	42	43	44	4	list4	list4_1086_bakery_low3	3200	11200	
406	405	amusement	2029	191	146	178	142	3.7451	2.2833	1.7406	2.1673	Noun	191	1	3.5751	3	52.75	9	0	1	low	low3	4	40	1	2	41	42	43	44	4	list4	list4_406_amusement_low3	3450	11450	
3027	3026	chariot	10696	103	73	100	72	2.0196	2.017	0.87029	1.8692	Noun	102	1	3.3089	3	67.5	7	0	1	low	low3	4	40	1	2	41	42	43	44	4	list4	list4_3027_chariot_low3	3450	11450	
5774	5773	encounter	21435	284	251	276	246	5.5686	2.4548	2.9924	2.4014	Noun	187	0.65845	3.7467	3	79.88	9	0	1	high	high3	2	20	1	2	21	22	23	24	4	list4	list4_5774_encounter_high3	3350	11350	
13455	13454	port	49258	741	382	544	312	14.5294	2.8704	4.5541	2.5832	Noun	659	0.88814	4.1622	1	28.33	4	12	1	high	high1	1	10	1	2	11	12	13	14	4	list4	list4_13455_port_high1	3500	11500	
14942	14941	rogue	55444	190	114	123	103	3.7255	2.281	1.3591	2.0607	Noun	175	0.92105	3.5729	1	17.75	5	1	1	low	low1	3	30	1	2	31	32	33	34	4	list4	list4_14942_rogue_low1	3450	11450	
17379	17378	symphony	64532	181	136	110	86	3.549	2.2601	1.6214	2.1367	Noun	180	0.99448	3.5519	3	28.29	8	0	1	low	low3	4	40	1	2	41	42	43	44	4	list4	list4_17379_symphony_low3	3200	11200	
3742	3741	confession	13369	841	546	809	535	16.4902	2.9253	6.5093	2.738	Noun	836	1	4.2171	3	123.78	10	1	1	high	high3	2	20	1	2	21	22	23	24	4	list4	list4_3742_confession_high3	3350	11350	
19490	19489	writ	73703	88	61	85	59	1.7255	1.9494	0.72723	1.7924	Noun	75	0.85227	3.2412	1	13.33	4	3	1	low	low1	3	30	1	2	31	32	33	34	4	list4	list4_19490_writ_low1	3250	11250	
10800	10799	medicine	39769	1744	1000	1552	941	34.1961	3.2418	11.9218	3.0004	Noun	1731	1	4.5336	3	158.43	8	0	1	high	high3	2	20	1	2	21	22	23	24	4	list4	list4_10800_medicine_high3	3300	11300	
11318	11317	monument	41552	117	97	93	76	2.2941	2.0719	1.1564	1.9912	Noun	117	1	3.3637	3	59.14	8	0	1	low	low3	4	40	1	2	41	42	43	44	4	list4	list4_11318_monument_low3	3200	11200	
16055	16054	sip	59333	260	220	237	201	5.098	2.4166	2.6228	2.3444	Noun	243	0.93462	3.7085	1	9	3	19	1	high	high1	1	10	1	2	11	12	13	14	4	list4	list4_16055_sip_high1	3400	11400	
15425	15424	scoop	57060	289	210	245	195	5.6667	2.4624	2.5036	2.3243	Noun	183	0.63322	3.7542	1	21	5	4	1	high	high1	1	10	1	2	11	12	13	14	4	list4	list4_15425_scoop_high1	3250	11250	
3287	3286	clarity	11761	107	97	106	96	2.098	2.0334	1.1564	1.9912	Noun	107	1	3.3253	3	81.67	7	2	1	low	low3	4	40	1	2	41	42	43	44	4	list4	list4_3287_clarity_low3	3500	11500	
14683	14682	resistance	54386	431	272	289	236	8.451	2.6355	3.2427	2.4362	Noun	431	1	3.9273	3	68.89	10	0	1	high	high3	2	20	1	2	21	22	23	24	4	list4	list4_14683_resistance_high3	3300	11300	
3500	3499	coil	12447	82	61	82	61	1.6078	1.9191	0.72723	1.7924	Noun	75	0.91463	3.2109	1	21.67	4	7	1	low	low1	3	30	1	2	31	32	33	34	4	list4	list4_3500_coil_low1	3250	11250	
