numid|f	X|f	Word|s	Unnamed|f	FREQcount|f	Cdcount|f	FREQlow|f	Cdlow|f	SUBLTLWF|f	Lg10WF|f	SUBTLCD|f	Lg10CD|f	Dom_PoS_SUBTLEX|s	Freq_dom_PoS_SUBTLEX|f	Percentage_dom_PoS|f	Zipfvalue|f	cmu_sylls|f	BF_TP|f	LEN_L|f	N|f	Zipfvalue_incl|f	Zipfvalue_cat|s	cond_name|s	cond_code|f	trigger_code|f	len|f	corr_resp|f	fix_code|f	word_code|f	delay_code|f	audioresp_code|f	list|f	list_name|s	file_num|s	jittered_ISI|f	total_time|f	
3357	3356	clip	11978	290	222	257	201	5.6863	2.4639	2.6466	2.3483	Noun	183	0.63103	3.7557	1	11.33	4	5	1	high	high1	1	10	1	2	11	12	13	14	3	list3	list3_3357_clip_high1	3200	11200	
876	875	attendant	3741	158	119	139	108	3.098	2.2014	1.4187	2.0792	Noun	150	0.94937	3.4932	3	59	9	0	1	low	low3	4	40	1	2	41	42	43	44	3	list3	list3_876_attendant_low3	3500	11500	
17706	17705	test	65690	4288	2095	4126	2053	84.0784	3.6324	24.9762	3.3214	Noun	3269	0.76272	4.9242	1	23.33	4	12	1	high	high1	1	10	1	2	11	12	13	14	3	list3	list3_17706_test_high1	3450	11450	
17772	17771	thief	65964	1238	704	1143	670	24.2745	3.0931	8.3929	2.8482	Noun	1236	1	4.3849	1	26	5	1	1	high	high1	1	10	1	2	11	12	13	14	3	list3	list3_17772_thief_high1	3400	11400	
4163	4162	crest	15150	107	67	69	50	2.098	2.0334	0.79876	1.8325	Noun	97	0.90654	3.3253	1	37.5	5	5	1	low	low1	3	30	1	2	31	32	33	34	3	list3	list3_4163_crest_low1	3200	11200	
14938	14937	rodeo	55424	283	109	208	81	5.549	2.4533	1.2995	2.0414	Noun	235	0.83039	3.7452	3	25	5	0	1	high	high3	2	20	1	2	21	22	23	24	3	list3	list3_14938_rodeo_high3	3250	11250	
7712	7711	groom	28506	399	250	381	244	7.8235	2.6021	2.9804	2.3997	Noun	327	0.82161	3.8939	1	38.5	5	2	1	high	high1	1	10	1	2	11	12	13	14	3	list3	list3_7712_groom_high1	3350	11350	
13250	13249	plea	48600	349	215	345	211	6.8431	2.5441	2.5632	2.3345	Noun	339	0.97135	3.8359	1	9.67	4	2	1	high	high1	1	10	1	2	11	12	13	14	3	list3	list3_13250_plea_high1	3400	11400	
4991	4990	diplomat	18335	109	79	99	77	2.1373	2.0414	0.94182	1.9031	Noun	109	1	3.3332	3	33.86	8	1	1	low	low3	4	40	1	2	41	42	43	44	3	list3	list3_4991_diplomat_low3	3200	11200	
3837	3836	convention	14018	629	331	509	265	12.3333	2.7993	3.9461	2.5211	Noun	626	0.99523	4.0912	3	159	10	2	1	high	high3	2	20	1	2	21	22	23	24	3	list3	list3_3837_convention_high3	3450	11450	
11082	11081	mink	40771	189	77	123	70	3.7059	2.2788	0.91798	1.8921	Noun	189	1	3.5706	1	31.33	4	13	1	low	low1	3	30	1	2	31	32	33	34	3	list3	list3_11082_mink_low1	3450	11450	
10288	10287	lottery	37987	344	166	300	160	6.7451	2.5378	1.979	2.2227	Noun	344	1	3.8297	3	108	7	1	1	high	high3	2	20	1	2	21	22	23	24	3	list3	list3_10288_lottery_high3	3300	11300	
15754	15753	sham	58237	77	60	67	58	1.5098	1.8921	0.71531	1.7853	Noun	67	0.87013	3.1839	1	14.67	4	6	1	low	low1	3	30	1	2	31	32	33	34	3	list3	list3_15754_sham_low1	3350	11350	
16593	16592	spleen	61492	131	91	113	84	2.5686	2.1206	1.0849	1.9638	Noun	131	1	3.4124	1	40.2	6	0	1	low	low1	3	30	1	2	31	32	33	34	3	list3	list3_16593_spleen_low1	3500	11500	
8820	8819	impression	32487	946	787	946	787	18.549	2.9763	9.3825	2.8965	Noun	947	1	4.2682	3	98.78	10	0	1	high	high3	2	20	1	2	21	22	23	24	3	list3	list3_8820_impression_high3	3250	11250	
868	867	attacker	3720	73	60	69	59	1.4314	1.8692	0.71531	1.7853	Noun	71	0.98611	3.1611	3	44	8	1	1	low	low3	4	40	1	2	41	42	43	44	3	list3	list3_868_attacker_low3	3200	11200	
7683	7682	grin	28435	138	118	128	114	2.7059	2.143	1.4068	2.0755	Noun	114	0.82609	3.4348	1	17.33	4	6	1	low	low1	3	30	1	2	31	32	33	34	3	list3	list3_7683_grin_low1	3300	11300	
7620	7619	grasp	28194	233	202	223	199	4.5686	2.3692	2.4082	2.3075	Noun	122	0.52361	3.661	1	42	5	1	1	high	high1	1	10	1	2	11	12	13	14	3	list3	list3_7620_grasp_high1	3250	11250	
289	288	allergy	1618	86	66	81	65	1.6863	1.9395	0.78684	1.8261	Noun	84	1	3.2314	3	27.83	7	0	1	low	low3	4	40	1	2	41	42	43	44	3	list3	list3_289_allergy_low3	3300	11300	
17654	17653	temptation	65479	216	178	188	163	4.2353	2.3365	2.1221	2.2529	Noun	216	1	3.6283	3	134.44	10	0	1	low	low3	4	40	1	2	41	42	43	44	3	list3	list3_17654_temptation_low3	3500	11500	
5440	5439	duct	20156	160	110	143	106	3.1373	2.2068	1.3114	2.0453	Noun	121	0.76582	3.4987	1	13	4	3	1	low	low1	3	30	1	2	31	32	33	34	3	list3	list3_5440_duct_low1	3350	11350	
13943	13942	pun	51222	94	85	82	75	1.8431	1.9777	1.0134	1.9345	Noun	86	0.92473	3.2696	1	7.5	3	16	1	low	low1	3	30	1	2	31	32	33	34	3	list3	list3_13943_pun_low1	3450	11450	
14545	14544	relevance	53708	82	68	63	51	1.6078	1.9191	0.81068	1.8388	Noun	82	1	3.2109	3	71.5	9	0	1	low	low3	4	40	1	2	41	42	43	44	3	list3	list3_14545_relevance_low3	3450	11450	
4948	4947	dime	18223	615	473	604	466	12.0588	2.7896	5.639	2.6758	Noun	609	0.99673	4.0814	1	15.67	4	9	1	high	high1	1	10	1	2	11	12	13	14	3	list3	list3_4948_dime_high1	3250	11250	
1269	1268	basketball	5023	1091	420	1014	402	21.3922	3.0382	5.0072	2.6243	Noun	1086	0.99908	4.3301	3	11.56	10	0	1	high	high3	2	20	1	2	21	22	23	24	3	list3	list3_1269_basketball_high3	3200	11200	
18165	18164	transition	67360	159	136	155	135	3.1176	2.2041	1.6214	2.1367	Noun	160	1	3.496	3	126.89	10	0	1	low	low3	4	40	1	2	41	42	43	44	3	list3	list3_18165_transition_low3	3300	11300	
14743	14742	reunion	54747	450	270	433	263	8.8235	2.6542	3.2189	2.433	Noun	449	0.99778	3.946	3	76.83	7	0	1	high	high3	2	20	1	2	21	22	23	24	3	list3	list3_14743_reunion_high3	3500	11500	
4596	4595	decency	16578	236	198	224	193	4.6275	2.3747	2.3605	2.2989	Noun	235	0.99576	3.6666	3	49.67	7	0	1	high	high3	2	20	1	2	21	22	23	24	3	list3	list3_4596_decency_high3	3350	11350	
2272	2271	bulk	8356	97	91	89	83	1.902	1.9912	1.0849	1.9638	Noun	81	0.83505	3.2831	1	18.67	4	7	1	low	low1	3	30	1	2	31	32	33	34	3	list3	list3_2272_bulk_low1	3300	11300	
10902	10901	messenger	40173	411	283	359	267	8.0588	2.6149	3.3739	2.4533	Noun	413	1	3.9067	3	62.88	9	0	1	high	high3	2	20	1	2	21	22	23	24	3	list3	list3_10902_messenger_high3	3500	11500	
1344	1343	beam	5212	445	232	398	204	8.7255	2.6493	2.7659	2.3674	Noun	308	0.69213	3.9412	1	34	4	8	1	high	high1	1	10	1	2	11	12	13	14	3	list3	list3_1344_beam_high1	3400	11400	
7283	7282	genetics	26991	90	68	61	54	1.7647	1.959	0.81068	1.8388	Noun	90	1	3.2509	3	67.29	8	0	1	low	low3	4	40	1	2	41	42	43	44	3	list3	list3_7283_genetics_low3	3300	11300	
13086	13085	pinch	48167	312	261	277	233	6.1176	2.4955	3.1116	2.4183	Noun	158	0.50641	3.7874	1	45.75	5	5	1	high	high1	1	10	1	2	11	12	13	14	3	list3	list3_13086_pinch_high1	3400	11400	
8408	8407	holiday	30757	1086	617	897	534	21.2941	3.0362	7.3557	2.791	Noun	1045	0.96225	4.3281	3	35	7	0	1	high	high3	2	20	1	2	21	22	23	24	3	list3	list3_8408_holiday_high3	3250	11250	
264	263	alias	1536	208	155	143	112	4.0784	2.3201	1.8479	2.1931	Noun	162	0.77143	3.612	3	21.25	5	1	1	low	low3	4	40	1	2	41	42	43	44	3	list3	list3_264_alias_low3	3350	11350	
4456	4455	dam	16102	293	124	227	101	5.7451	2.4683	1.4783	2.0969	Noun	270	0.93103	3.7602	1	6	3	11	1	high	high1	1	10	1	2	11	12	13	14	3	list3	list3_4456_dam_high1	3300	11300	
10519	10518	management	38829	594	423	506	382	11.6471	2.7745	5.0429	2.6274	Noun	591	0.99831	4.0664	3	49.11	10	0	1	high	high3	2	20	1	2	21	22	23	24	3	list3	list3_10519_management_high3	3400	11400	
1763	1762	blush	6830	136	115	127	110	2.6667	2.1367	1.371	2.0645	Noun	91	0.66912	3.4286	1	30	5	4	1	low	low1	3	30	1	2	31	32	33	34	3	list3	list3_1763_blush_low1	3450	11450	
2173	2172	bronze	8068	143	99	90	68	2.8039	2.1584	1.1803	2	Noun	142	0.99301	3.4502	1	35.4	6	0	1	low	low1	3	30	1	2	31	32	33	34	3	list3	list3_2173_bronze_low1	3300	11300	
9716	9715	larceny	36362	113	87	104	83	2.2157	2.0569	1.0372	1.9445	Noun	112	0.99115	3.3487	3	61.5	7	0	1	low	low3	4	40	1	2	41	42	43	44	3	list3	list3_9716_larceny_low3	3450	11450	
