numid|f	X|f	Word|s	Unnamed|f	FREQcount|f	Cdcount|f	FREQlow|f	Cdlow|f	SUBLTLWF|f	Lg10WF|f	SUBTLCD|f	Lg10CD|f	Dom_PoS_SUBTLEX|s	Freq_dom_PoS_SUBTLEX|f	Percentage_dom_PoS|f	Zipfvalue|f	cmu_sylls|f	BF_TP|f	LEN_L|f	N|f	Zipfvalue_incl|f	Zipfvalue_cat|s	cond_name|s	cond_code|f	trigger_code|f	len|f	corr_resp|f	fix_code|f	word_code|f	delay_code|f	audioresp_code|f	
14331	14330	reactor	52485	204	66	170	58	4	2.3118	0.78684	1.8261	Noun	198	0.97537	3.6036	3	72.5	7	0	1	low	low3	4	40	1	2	41	42	43	44	
7670	7669	grid	28386	282	190	267	183	5.5294	2.4518	2.2651	2.281	Noun	282	1	3.7436	1	14.67	4	5	1	high	high1	1	10	1	2	11	12	13	14	
18521	18520	underpants	69070	150	102	130	92	2.9412	2.179	1.216	2.0128	Noun	143	0.95333	3.4708	3	70.44	10	0	1	low	low3	4	40	1	2	41	42	43	44	
12885	12884	permission	47395	1587	1063	1382	983	31.1176	3.2009	12.6729	3.0269	Noun	1587	1	4.4927	3	92.89	10	0	1	high	high3	2	20	1	2	21	22	23	24	
2794	2793	casserole	9914	85	64	83	63	1.6667	1.9345	0.76299	1.8129	Noun	85	1	3.2263	3	62.5	9	0	1	low	low3	4	40	1	2	41	42	43	44	
11105	11104	miracle	40822	1359	871	1258	827	26.6471	3.1335	10.3839	2.9405	Noun	1354	0.99779	4.4254	3	48	7	0	1	high	high3	2	20	1	2	21	22	23	24	
4902	4901	dice	18014	533	295	507	280	10.451	2.7275	3.5169	2.4713	Noun	533	1	4.0194	1	17.67	4	11	1	high	high1	1	10	1	2	11	12	13	14	
14775	14774	revolver	54888	141	101	140	101	2.7647	2.1523	1.2041	2.0086	Noun	144	1	3.4441	3	82.43	8	2	1	low	low3	4	40	1	2	41	42	43	44	
6982	6981	frequency	25946	337	231	326	227	6.6078	2.5289	2.7539	2.3655	Noun	337	1	3.8208	3	43	9	0	1	high	high3	2	20	1	2	21	22	23	24	
3795	3794	consultant	13767	187	142	179	137	3.6667	2.2742	1.6929	2.1553	Noun	187	1	3.566	3	71.67	10	0	1	low	low3	4	40	1	2	41	42	43	44	
14072	14071	quart	51629	106	77	100	74	2.0784	2.0294	0.91798	1.8921	Noun	105	1	3.3212	1	28	5	0	1	low	low1	3	30	1	2	31	32	33	34	
16474	16473	space	61019	3369	1674	3073	1604	66.0588	3.5276	19.9571	3.224	Noun	3253	0.96672	4.8195	1	33.25	5	6	1	high	high1	1	10	1	2	11	12	13	14	
4128	4127	creation	15062	310	247	282	234	6.0784	2.4928	2.9447	2.3945	Noun	310	1	3.7846	3	118.57	8	0	1	high	high3	2	20	1	2	21	22	23	24	
15941	15940	shrine	58867	151	93	121	88	2.9608	2.1818	1.1087	1.9731	Noun	151	1	3.4737	1	90	6	1	1	low	low1	3	30	1	2	31	32	33	34	
9088	9087	interview	33991	1505	815	1470	799	29.5098	3.1778	9.7163	2.9117	Noun	1193	0.79427	4.4697	3	84.13	9	0	1	high	high3	2	20	1	2	21	22	23	24	
8209	8208	heist	30048	160	100	142	92	3.1373	2.2068	1.1922	2.0043	Noun	154	0.96855	3.4987	1	24.25	5	1	1	low	low1	3	30	1	2	31	32	33	34	
15808	15807	shell	58422	674	403	520	370	13.2157	2.8293	4.8045	2.6064	Noun	593	0.76418	4.1211	1	34	5	5	1	high	high1	1	10	1	2	11	12	13	14	
9616	9615	lace	36068	189	136	144	117	3.7059	2.2788	1.6214	2.1367	Noun	174	0.92063	3.5706	1	23.33	4	13	1	low	low1	3	30	1	2	31	32	33	34	
14944	14943	role	55460	929	653	920	649	18.2157	2.9685	7.7849	2.8156	Noun	928	1	4.2603	1	31.33	4	14	1	high	high1	1	10	1	2	11	12	13	14	
6609	6608	flair	24596	116	88	110	86	2.2745	2.0682	1.0491	1.9494	Noun	115	1	3.36	1	35.25	5	1	1	low	low1	3	30	1	2	31	32	33	34	
9180	9179	itch	34458	213	155	211	154	4.1765	2.3304	1.8479	2.1931	Noun	145	0.68075	3.6222	1	4.33	4	1	1	low	low1	3	30	1	2	31	32	33	34	
16524	16523	specimen	61209	242	175	234	171	4.7451	2.3856	2.0863	2.2455	Noun	238	1	3.6774	3	38.86	8	0	1	high	high3	2	20	1	2	21	22	23	24	
16967	16966	strap	62830	263	217	221	190	5.1569	2.4216	2.587	2.3385	Noun	190	0.72243	3.7134	1	26.25	5	4	1	high	high1	1	10	1	2	11	12	13	14	
15327	15326	scale	56732	485	391	469	383	9.5098	2.6866	4.6614	2.5933	Noun	425	0.8781	3.9785	1	27.75	5	6	1	high	high1	1	10	1	2	11	12	13	14	
14392	14391	recipe	52796	388	274	379	270	7.6078	2.5899	3.2666	2.4393	Noun	389	1	3.8818	3	38.6	6	1	1	high	high3	2	20	1	2	21	22	23	24	
13606	13605	pregnancy	49836	334	220	322	213	6.549	2.525	2.6228	2.3444	Noun	334	1	3.8169	3	51.38	9	0	1	high	high3	2	20	1	2	21	22	23	24	
12149	12148	optimist	44707	78	73	77	72	1.5294	1.8976	0.87029	1.8692	Noun	78	1	3.1895	3	50.29	8	1	1	low	low3	4	40	1	2	41	42	43	44	
4076	4075	crab	14861	352	188	241	150	6.902	2.5478	2.2413	2.2765	Noun	339	0.96307	3.8396	1	14.67	4	6	1	high	high1	1	10	1	2	11	12	13	14	
7801	7800	guild	28755	103	53	14	11	2.0196	2.017	0.63186	1.7324	Noun	100	0.97087	3.3089	1	24.5	5	3	1	low	low1	3	30	1	2	31	32	33	34	
19095	19094	wasp	72107	73	43	41	23	1.4314	1.8692	0.51264	1.6435	Noun	73	1	3.1611	1	24.33	4	6	1	low	low1	3	30	1	2	31	32	33	34	
15603	15602	selection	57692	232	201	225	196	4.549	2.3674	2.3963	2.3054	Noun	232	1	3.6592	3	112.25	9	0	1	high	high3	2	20	1	2	21	22	23	24	
5220	5219	doom	19510	286	173	174	145	5.6078	2.4579	2.0625	2.2405	Noun	255	0.89789	3.7497	1	28	4	6	1	high	high1	1	10	1	2	11	12	13	14	
15368	15367	scenery	56872	193	161	187	157	3.7843	2.2878	1.9194	2.2095	Noun	193	1	3.5796	3	88.83	7	0	1	low	low3	4	40	1	2	41	42	43	44	
9738	9737	latch	36436	98	73	80	63	1.9216	1.9956	0.87029	1.8692	Noun	56	0.56566	3.2875	1	42.25	5	7	1	low	low1	3	30	1	2	31	32	33	34	
3654	3653	company	12944	7507	3283	6473	3073	147.1961	3.8755	39.1392	3.5164	Noun	7493	0.99987	5.1674	3	61	7	0	1	high	high3	2	20	1	2	21	22	23	24	
4148	4147	creep	15105	573	432	531	410	11.2353	2.7589	5.1502	2.6365	Noun	369	0.64623	4.0507	1	35.75	5	3	1	high	high1	1	10	1	2	11	12	13	14	
5386	5385	drone	20009	144	54	133	53	2.8235	2.1614	0.64378	1.7404	Noun	120	0.83333	3.4532	1	41	5	3	1	low	low1	3	30	1	2	31	32	33	34	
7246	7245	gear	26883	816	559	779	553	16	2.9122	6.6643	2.7482	Noun	795	0.97546	4.2041	1	30	4	10	1	high	high1	1	10	1	2	11	12	13	14	
15251	15250	sap	56458	178	132	171	128	3.4902	2.2529	1.5737	2.1239	Noun	162	0.90503	3.5447	1	9	3	19	1	low	low1	3	30	1	2	31	32	33	34	
16638	16637	spree	61675	109	83	98	80	2.1373	2.0414	0.98951	1.9243	Noun	101	0.93519	3.3332	1	31.5	5	1	1	low	low1	3	30	1	2	31	32	33	34	
15352	15351	scar	56806	432	307	385	301	8.4706	2.6365	3.66	2.4886	Noun	343	0.79582	3.9283	1	10	4	5	1	high	high1	1	10	1	2	11	12	13	14	
12899	12898	persuasion	47518	100	88	89	82	1.9608	2.0043	1.0491	1.9494	Noun	100	1	3.2962	3	84.33	10	0	1	low	low3	4	40	1	2	41	42	43	44	
4839	4838	deuce	17772	146	84	82	62	2.8627	2.1673	1.0014	1.9294	Noun	92	0.63014	3.4592	1	20.5	5	0	1	low	low1	3	30	1	2	31	32	33	34	
17687	17686	term	65601	890	693	879	685	17.451	2.9499	8.2618	2.8414	Noun	842	0.94713	4.2417	1	16	4	3	1	high	high1	1	10	1	2	11	12	13	14	
15636	15635	senator	57796	1691	305	594	165	33.1569	3.2284	3.6361	2.4857	Noun	1679	0.99703	4.5202	3	50.17	7	0	1	high	high3	2	20	1	2	21	22	23	24	
14066	14065	quarantine	51613	227	91	202	87	4.451	2.3579	1.0849	1.9638	Noun	195	0.85903	3.6498	3	126	10	0	1	low	low3	4	40	1	2	41	42	43	44	
3732	3731	conductor	13327	155	107	122	91	3.0392	2.1931	1.2756	2.0334	Noun	155	1	3.485	3	68.88	9	0	1	low	low3	4	40	1	2	41	42	43	44	
9977	9976	library	37121	1170	687	1061	647	22.9412	3.0686	8.1903	2.8376	Noun	1169	1	4.3604	3	42	7	0	1	high	high3	2	20	1	2	21	22	23	24	
506	505	ant	2393	273	111	200	95	5.3529	2.4378	1.3233	2.0492	Noun	249	0.91544	3.7296	1	2	3	6	1	high	high1	1	10	1	2	11	12	13	14	
19229	19228	whim	72682	119	96	117	96	2.3333	2.0792	1.1445	1.9868	Noun	119	1	3.371	1	11	4	5	1	low	low1	3	30	1	2	31	32	33	34	
1767	1766	boar	6846	111	60	93	55	2.1765	2.0492	0.71531	1.7853	Noun	111	1	3.3411	1	26.33	4	5	1	low	low1	3	30	1	2	31	32	33	34	
19033	19032	wand	71931	157	74	152	73	3.0784	2.1987	0.88221	1.8751	Noun	155	1	3.4905	1	34	4	9	1	low	low1	3	30	1	2	31	32	33	34	
17756	17755	therapy	65879	944	576	878	552	18.5098	2.9754	6.867	2.7612	Noun	941	1	4.2673	3	32.33	7	0	1	high	high3	2	20	1	2	21	22	23	24	
2188	2187	brow	8107	94	78	94	78	1.8431	1.9777	0.9299	1.8976	Noun	94	1	3.2696	1	13.33	4	5	1	low	low1	3	30	1	2	31	32	33	34	
7533	7532	gorilla	27918	283	156	259	148	5.549	2.4533	1.8598	2.1959	Noun	281	1	3.7452	3	41.33	7	0	1	high	high3	2	20	1	2	21	22	23	24	
18820	18819	victory	71270	1094	636	871	577	21.451	3.0394	7.5823	2.8041	Noun	1072	0.97989	4.3312	3	48.17	7	1	1	high	high3	2	20	1	2	21	22	23	24	
4574	4573	debt	16505	725	489	720	487	14.2157	2.8609	5.8298	2.6902	Noun	724	0.99862	4.1528	1	7.67	4	2	1	high	high1	1	10	1	2	11	12	13	14	
9906	9905	lens	36918	238	177	229	172	4.6667	2.3784	2.1102	2.2504	Noun	238	1	3.6702	1	27	4	13	1	high	high1	1	10	1	2	11	12	13	14	
14919	14918	robbery	55365	1175	568	1061	536	23.0392	3.0704	6.7716	2.7551	Noun	1157	0.99914	4.3622	3	86.83	7	2	1	high	high3	2	20	1	2	21	22	23	24	
357	356	ambition	1846	273	233	257	221	5.3529	2.4378	2.7778	2.3692	Noun	273	1	3.7296	3	82.29	8	0	1	high	high3	2	20	1	2	21	22	23	24	
8609	8608	hull	31420	215	114	165	96	4.2157	2.3345	1.3591	2.0607	Noun	165	0.76744	3.6263	1	28	4	14	1	low	low1	3	30	1	2	31	32	33	34	
6693	6692	flock	24897	237	162	221	154	4.6471	2.3766	1.9313	2.2122	Noun	201	0.8481	3.6684	1	39.25	5	5	1	high	high1	1	10	1	2	11	12	13	14	
8820	8819	impression	32487	946	787	946	787	18.549	2.9763	9.3825	2.8965	Noun	947	1	4.2682	3	98.78	10	0	1	high	high3	2	20	1	2	21	22	23	24	
8851	8850	incision	32688	121	95	119	94	2.3725	2.0864	1.1326	1.9823	Noun	119	1	3.3782	3	75.14	8	0	1	low	low3	4	40	1	2	41	42	43	44	
2200	2199	brunch	8148	189	107	180	102	3.7059	2.2788	1.2756	2.0334	Noun	139	0.73545	3.5706	1	38.6	6	2	1	low	low1	3	30	1	2	31	32	33	34	
8849	8848	incident	32672	883	685	878	683	17.3137	2.9465	8.1664	2.8363	Noun	883	1	4.2383	3	62.43	8	0	1	high	high3	2	20	1	2	21	22	23	24	
10239	10238	loneliness	37824	255	207	225	184	5	2.4082	2.4678	2.3181	Noun	255	1	3.7001	3	66	10	1	1	high	high3	2	20	1	2	21	22	23	24	
3766	3765	connection	13549	1386	1008	1356	988	27.1765	3.1421	12.0172	3.0039	Noun	1314	0.94942	4.4339	3	154.78	10	2	1	high	high3	2	20	1	2	21	22	23	24	
1658	1657	bleach	6478	118	71	110	70	2.3137	2.0755	0.84645	1.8573	Noun	84	0.70588	3.3674	1	37.4	6	1	1	low	low1	3	30	1	2	31	32	33	34	
2693	2692	cardinal	9589	208	85	90	48	4.0784	2.3201	1.0134	1.9345	Noun	156	0.75	3.612	3	82.57	8	0	1	low	low3	4	40	1	2	41	42	43	44	
5032	5031	discretion	18601	187	161	173	153	3.6667	2.2742	1.9194	2.2095	Noun	188	1	3.566	3	131.44	10	0	1	low	low3	4	40	1	2	41	42	43	44	
17800	17799	threat	66097	1059	757	1033	747	20.7647	3.0253	9.0248	2.8797	Noun	1060	1	4.3171	1	33.8	6	2	1	high	high1	1	10	1	2	11	12	13	14	
16742	16741	stance	62056	96	73	93	73	1.8824	1.9868	0.87029	1.8692	Noun	95	1	3.2786	1	55	6	1	1	low	low1	3	30	1	2	31	32	33	34	
8371	8370	hoax	30653	123	82	122	82	2.4118	2.0934	0.97759	1.9191	Noun	119	0.96748	3.3853	1	17.67	4	1	1	low	low1	3	30	1	2	31	32	33	34	
6707	6706	flop	24932	118	91	117	90	2.3137	2.0755	1.0849	1.9638	Noun	87	0.73729	3.3674	1	18.33	4	7	1	low	low1	3	30	1	2	31	32	33	34	
11076	11075	minister	40759	941	395	515	273	18.451	2.9741	4.7091	2.5977	Noun	891	0.94687	4.2659	3	100.29	8	1	1	high	high3	2	20	1	2	21	22	23	24	
13939	13938	pump	51213	645	458	550	412	12.6471	2.8102	5.4602	2.6618	Noun	376	0.58567	4.1021	1	16.67	4	9	1	high	high1	1	10	1	2	11	12	13	14	
945	944	autopsy	4004	489	291	463	280	9.5882	2.6902	3.4692	2.4654	Noun	489	1	3.982	3	15.17	7	0	1	high	high3	2	20	1	2	21	22	23	24	
9055	9054	intellect	33717	109	98	109	98	2.1373	2.0414	1.1683	1.9956	Noun	109	1	3.3332	3	64.75	9	0	1	low	low3	4	40	1	2	41	42	43	44	
17590	17589	technician	65272	132	101	109	91	2.5882	2.1239	1.2041	2.0086	Noun	117	0.89313	3.4157	3	26.44	10	0	1	low	low3	4	40	1	2	41	42	43	44	
17654	17653	temptation	65479	216	178	188	163	4.2353	2.3365	2.1221	2.2529	Noun	216	1	3.6283	3	134.44	10	0	1	low	low3	4	40	1	2	41	42	43	44	
264	263	alias	1536	208	155	143	112	4.0784	2.3201	1.8479	2.1931	Noun	162	0.77143	3.612	3	21.25	5	1	1	low	low3	4	40	1	2	41	42	43	44	
14292	14291	rat	52314	1663	941	1489	893	32.6078	3.2212	11.2184	2.9741	Noun	1542	0.93172	4.513	1	10.5	3	22	1	high	high1	1	10	1	2	11	12	13	14	
17289	17288	survivor	64129	221	153	191	138	4.3333	2.3464	1.824	2.1875	Noun	219	1	3.6382	3	33.86	8	0	1	low	low3	4	40	1	2	41	42	43	44	
16577	16576	spine	61407	293	241	288	237	5.7451	2.4683	2.8732	2.3838	Noun	291	1	3.7602	1	43.75	5	9	1	high	high1	1	10	1	2	11	12	13	14	
3545	3544	collision	12581	137	100	118	90	2.6863	2.1399	1.1922	2.0043	Noun	136	1	3.4317	3	112.75	9	1	1	low	low3	4	40	1	2	41	42	43	44	
18699	18698	vase	70874	196	121	191	119	3.8431	2.2945	1.4425	2.0864	Noun	196	0.99492	3.5863	1	20.67	4	6	1	low	low1	3	30	1	2	31	32	33	34	
15000	14999	rotation	55632	149	108	147	108	2.9216	2.1761	1.2876	2.0374	Noun	149	1	3.4679	3	89.14	8	1	1	low	low3	4	40	1	2	41	42	43	44	
8096	8095	hay	29739	325	200	252	184	6.3725	2.5132	2.3844	2.3032	Noun	252	0.77778	3.8051	1	10.5	3	20	1	high	high1	1	10	1	2	11	12	13	14	
19159	19158	wedge	72347	119	97	107	90	2.3333	2.0792	1.1564	1.9912	Noun	91	0.76471	3.371	1	21.5	5	3	1	low	low1	3	30	1	2	31	32	33	34	
14181	14180	radius	51995	224	194	222	193	4.3922	2.3522	2.3128	2.29	Noun	224	1	3.644	3	35.4	6	1	1	low	low3	4	40	1	2	41	42	43	44	
4881	4880	dialogue	17959	208	149	179	137	4.0784	2.3201	1.7763	2.1761	Noun	208	1	3.612	3	32.86	8	0	1	low	low3	4	40	1	2	41	42	43	44	
6078	6077	exhaustion	22791	82	73	78	70	1.6078	1.9191	0.87029	1.8692	Noun	82	1	3.2109	3	110.78	10	0	1	low	low3	4	40	1	2	41	42	43	44	
4218	4217	crop	15332	248	178	232	173	4.8627	2.3962	2.1221	2.2529	Noun	233	0.94332	3.688	1	13	4	5	1	high	high1	1	10	1	2	11	12	13	14	
19418	19417	wool	73458	161	131	153	123	3.1569	2.2095	1.5618	2.1206	Noun	161	1	3.5013	1	25.33	4	6	1	low	low1	3	30	1	2	31	32	33	34	
19031	19030	waltz	71924	279	181	231	161	5.4706	2.4472	2.1578	2.2601	Noun	184	0.66426	3.739	1	25.75	5	0	1	high	high1	1	10	1	2	11	12	13	14	
5680	5679	elf	21016	193	76	158	67	3.7843	2.2878	0.90606	1.8865	Noun	190	0.98446	3.5796	1	2	3	3	1	low	low1	3	30	1	2	31	32	33	34	
8631	8630	hump	31509	225	162	197	156	4.4118	2.3541	1.9313	2.2122	Noun	127	0.56696	3.6459	1	16	4	8	1	low	low1	3	30	1	2	31	32	33	34	
3786	3785	constable	13703	144	67	73	46	2.8235	2.1614	0.79876	1.8325	Noun	114	0.78621	3.4532	3	87.75	9	0	1	low	low3	4	40	1	2	41	42	43	44	
10423	10422	magician	38525	390	191	372	187	7.6471	2.5922	2.2771	2.2833	Noun	382	0.99479	3.884	3	42.57	8	0	1	high	high3	2	20	1	2	21	22	23	24	
5751	5750	employment	21325	272	234	252	219	5.3333	2.4362	2.7897	2.3711	Noun	271	1	3.728	3	45	10	0	1	high	high3	2	20	1	2	21	22	23	24	
2751	2750	cart	9805	461	325	449	321	9.0392	2.6646	3.8746	2.5132	Noun	427	0.93435	3.9565	1	34	4	14	1	high	high1	1	10	1	2	11	12	13	14	
8540	8539	host	31194	766	511	698	481	15.0196	2.8848	6.092	2.7093	Noun	656	0.85528	4.1766	1	28.33	4	8	1	high	high1	1	10	1	2	11	12	13	14	
13809	13808	property	50655	1698	1104	1636	1074	33.2941	3.2302	13.1617	3.0434	Noun	1694	1	4.522	3	80	8	1	1	high	high3	2	20	1	2	21	22	23	24	
18905	18904	visitor	71487	446	372	429	363	8.7451	2.6503	4.4349	2.5717	Noun	445	1	3.9421	3	34.5	7	0	1	high	high3	2	20	1	2	21	22	23	24	
1491	1490	betrayal	5865	216	191	201	178	4.2353	2.3365	2.2771	2.2833	Noun	217	1	3.6283	3	44.29	8	0	1	low	low3	4	40	1	2	41	42	43	44	
15623	15622	seminar	57763	217	132	212	129	4.2549	2.3385	1.5737	2.1239	Noun	217	1	3.6303	3	38.83	7	1	1	low	low3	4	40	1	2	41	42	43	44	
1402	1401	beep	5405	332	209	252	178	6.5098	2.5224	2.4917	2.3222	Noun	198	0.60366	3.8143	1	27.33	4	11	1	high	high1	1	10	1	2	11	12	13	14	
19066	19065	warmth	72028	227	199	218	192	4.451	2.3579	2.3724	2.301	Noun	223	0.98673	3.6498	1	45.8	6	0	1	low	low1	3	30	1	2	31	32	33	34	
10415	10414	magazine	38507	1693	857	1498	786	33.1961	3.2289	10.217	2.9335	Noun	1690	0.99882	4.5207	3	143.71	8	0	1	high	high3	2	20	1	2	21	22	23	24	
16699	16698	stadium	61951	312	184	185	122	6.1176	2.4955	2.1936	2.2672	Noun	312	1	3.7874	3	55.5	7	0	1	high	high3	2	20	1	2	21	22	23	24	
9321	9320	journalist	35038	311	185	287	176	6.098	2.4942	2.2055	2.2695	Noun	310	0.99678	3.786	3	41	10	1	1	high	high3	2	20	1	2	21	22	23	24	
3722	3721	condition	13296	1936	1375	1891	1360	37.9608	3.2871	16.3925	3.1386	Noun	1911	0.98913	4.579	3	142	9	0	1	high	high3	2	20	1	2	21	22	23	24	
18296	18295	troll	67858	138	54	107	48	2.7059	2.143	0.64378	1.7404	Noun	135	0.99265	3.4348	1	37.75	5	2	1	low	low1	3	30	1	2	31	32	33	34	
17316	17315	swat	64256	196	105	21	20	3.8431	2.2945	1.2518	2.0253	Noun	87	0.44388	3.5863	1	13.67	4	9	1	low	low1	3	30	1	2	31	32	33	34	
13751	13750	production	50409	645	403	567	360	12.6471	2.8102	4.8045	2.6064	Noun	643	0.99845	4.1021	3	132.89	10	0	1	high	high3	2	20	1	2	21	22	23	24	
10916	10915	metaphor	40226	198	159	197	158	3.8824	2.2989	1.8956	2.2041	Noun	199	1	3.5907	3	26.57	8	0	1	low	low3	4	40	1	2	41	42	43	44	
9122	9121	investment	34188	497	373	485	362	9.7451	2.6972	4.4468	2.5729	Noun	497	1	3.9891	3	65	10	0	1	high	high3	2	20	1	2	21	22	23	24	
16257	16256	smear	60085	111	90	104	84	2.1765	2.0492	1.073	1.959	Noun	69	0.62162	3.3411	1	22	5	3	1	low	low1	3	30	1	2	31	32	33	34	
17239	17238	superstar	63904	175	100	130	85	3.4314	2.2455	1.1922	2.0043	Noun	175	1	3.5373	3	49.38	9	0	1	low	low3	4	40	1	2	41	42	43	44	
10234	10233	lollipop	37808	91	61	65	47	1.7843	1.9638	0.72723	1.7924	Noun	89	1	3.2556	3	35.71	8	0	1	low	low3	4	40	1	2	41	42	43	44	
1420	1419	behaviour	5491	1142	861	1125	850	22.3922	3.058	10.2647	2.9355	Noun	1134	0.99912	4.3499	3	31	8	0	1	high	high3	2	20	1	2	21	22	23	24	
3675	3674	compliment	13062	523	461	512	451	10.2549	2.7193	5.4959	2.6646	Noun	411	0.78585	4.0112	3	81.67	10	1	1	high	high3	2	20	1	2	21	22	23	24	
10683	10682	massacre	39357	202	140	155	117	3.9608	2.3075	1.6691	2.1492	Noun	163	0.815	3.5993	3	35.86	8	0	1	low	low3	4	40	1	2	41	42	43	44	
9992	9991	lid	37154	251	219	247	217	4.9216	2.4014	2.6109	2.3424	Noun	250	1	3.6932	1	6.5	3	13	1	high	high1	1	10	1	2	11	12	13	14	
218	217	aisle	1378	379	284	343	263	7.4314	2.5798	3.3858	2.4548	Noun	379	1	3.8716	1	17.5	5	0	1	high	high1	1	10	1	2	11	12	13	14	
3217	3216	chunk	11460	211	136	142	130	4.1373	2.3263	1.6214	2.1367	Noun	201	0.95261	3.6182	1	30.25	5	3	1	low	low1	3	30	1	2	31	32	33	34	
10355	10354	lung	38247	420	239	305	210	8.2353	2.6243	2.8493	2.3802	Noun	368	0.88249	3.9161	1	22	4	7	1	high	high1	1	10	1	2	11	12	13	14	
13930	13929	pulp	51173	93	82	74	66	1.8235	1.9731	0.97759	1.9191	Noun	85	0.93407	3.265	1	15	4	3	1	low	low1	3	30	1	2	31	32	33	34	
17754	17753	therapist	65877	485	307	470	302	9.5098	2.6866	3.66	2.4886	Noun	482	0.99587	3.9785	3	46.25	9	0	1	high	high3	2	20	1	2	21	22	23	24	
19294	19293	wilderness	72996	201	145	174	137	3.9412	2.3054	1.7287	2.1644	Noun	196	0.97512	3.5972	3	49.22	10	0	1	low	low3	4	40	1	2	41	42	43	44	
12718	12717	paw	46781	159	112	150	107	3.1176	2.2041	1.3352	2.0531	Noun	118	0.74214	3.496	1	8.5	3	16	1	low	low1	3	30	1	2	31	32	33	34	
10505	10504	malt	38788	84	66	73	61	1.6471	1.9294	0.78684	1.8261	Noun	84	1	3.2213	1	29.67	4	7	1	low	low1	3	30	1	2	31	32	33	34	
6619	6618	flan	24625	86	11	39	10	1.6863	1.9395	0.13114	1.0792	Noun	86	1	3.2314	1	20.67	4	8	1	low	low1	3	30	1	2	31	32	33	34	
391	390	amp	1977	93	73	73	60	1.8235	1.9731	0.87029	1.8692	Noun	92	1	3.265	1	1.5	3	1	1	low	low1	3	30	1	2	31	32	33	34	
14879	14878	rite	55260	74	59	63	50	1.451	1.8751	0.70339	1.7782	Noun	72	1	3.1669	1	21	4	12	1	low	low1	3	30	1	2	31	32	33	34	
17841	17840	tiara	66267	91	45	88	44	1.7843	1.9638	0.53648	1.6628	Noun	89	1	3.2556	3	25.5	5	0	1	low	low3	4	40	1	2	41	42	43	44	
14367	14366	rebellion	52669	130	106	115	95	2.549	2.1173	1.2637	2.0294	Noun	129	1	3.4091	3	102.5	9	0	1	low	low3	4	40	1	2	41	42	43	44	
3534	3533	collector	12557	220	166	202	158	4.3137	2.3444	1.979	2.2227	Noun	220	1	3.6362	3	70	9	0	1	low	low3	4	40	1	2	41	42	43	44	
3387	3386	cloth	12066	311	236	304	230	6.098	2.4942	2.8135	2.3747	Noun	311	1	3.786	1	39.75	5	2	1	high	high1	1	10	1	2	11	12	13	14	
17535	17534	task	65080	649	488	613	467	12.7255	2.8129	5.8178	2.6893	Noun	645	1	4.1047	1	23	4	7	1	high	high1	1	10	1	2	11	12	13	14	
9834	9833	lease	36706	320	201	315	200	6.2745	2.5065	2.3963	2.3054	Noun	288	0.8972	3.7983	1	51.25	5	5	1	high	high1	1	10	1	2	11	12	13	14	
19463	19462	wound	73604	1353	937	1316	926	26.5294	3.1316	11.1707	2.9722	Noun	866	0.64101	4.4235	1	33.5	5	8	1	high	high1	1	10	1	2	11	12	13	14	
3274	3273	clam	11692	200	158	165	134	3.9216	2.3032	1.8836	2.2014	Noun	144	0.72	3.595	1	17.33	4	7	1	low	low1	3	30	1	2	31	32	33	34	
7297	7296	gent	27016	82	64	76	60	1.6078	1.9191	0.76299	1.8129	Noun	82	1	3.2109	1	19.67	4	10	1	low	low1	3	30	1	2	31	32	33	34	
18224	18223	trend	67604	106	79	84	76	2.0784	2.0294	0.94182	1.9031	Noun	87	0.83654	3.3212	1	33	5	1	1	low	low1	3	30	1	2	31	32	33	34	
3031	3030	charity	10705	841	538	787	522	16.4902	2.9253	6.4139	2.7316	Noun	840	1	4.2171	3	77.5	7	1	1	high	high3	2	20	1	2	21	22	23	24	
1351	1350	beard	5238	643	399	625	390	12.6078	2.8089	4.7568	2.6021	Noun	645	0.99845	4.1007	1	50.5	5	3	1	high	high1	1	10	1	2	11	12	13	14	
6049	6048	excitement	22674	628	523	602	508	12.3137	2.7987	6.2351	2.7193	Noun	622	0.99361	4.0905	3	56.67	10	0	1	high	high3	2	20	1	2	21	22	23	24	
17664	17663	tenderness	65521	129	96	116	87	2.5294	2.1139	1.1445	1.9868	Noun	129	1	3.4058	3	57.89	10	0	1	low	low3	4	40	1	2	41	42	43	44	
12689	12688	patriot	46702	133	95	91	66	2.6078	2.1271	1.1326	1.9823	Noun	129	0.96992	3.4189	3	60	7	0	1	low	low3	4	40	1	2	41	42	43	44	
17737	17736	theatre	65812	582	236	488	188	11.4118	2.7657	2.8135	2.3747	Noun	578	0.99827	4.0575	3	48.33	7	0	1	high	high3	2	20	1	2	21	22	23	24	
531	530	antidote	2497	221	82	213	81	4.3333	2.3464	0.97759	1.9191	Noun	222	1	3.6382	3	44	8	0	1	low	low3	4	40	1	2	41	42	43	44	
4257	4256	crumb	15475	92	63	64	60	1.8039	1.9685	0.75107	1.8062	Noun	92	1	3.2603	1	25	5	0	1	low	low1	3	30	1	2	31	32	33	34	
16518	16517	specialist	61182	264	220	240	203	5.1765	2.4232	2.6228	2.3444	Noun	260	0.98485	3.7151	3	41.11	10	1	1	high	high3	2	20	1	2	21	22	23	24	
10833	10832	melody	39895	337	139	174	114	6.6078	2.5289	1.6571	2.1461	Noun	337	0.9941	3.8208	3	30.8	6	0	1	high	high3	2	20	1	2	21	22	23	24	
166	165	aid	1276	709	496	613	448	13.902	2.8513	5.9132	2.6964	Noun	604	0.85311	4.1431	1	6	3	12	1	high	high1	1	10	1	2	11	12	13	14	
13138	13137	pit	48343	674	450	602	419	13.2157	2.8293	5.3648	2.6542	Noun	649	0.96721	4.1211	1	8	3	18	1	high	high1	1	10	1	2	11	12	13	14	
14913	14912	roar	55348	205	143	180	131	4.0196	2.3139	1.7048	2.1584	Noun	105	0.5122	3.6057	1	25	4	6	1	low	low1	3	30	1	2	31	32	33	34	
16356	16355	sock	60575	458	302	383	276	8.9804	2.6618	3.6004	2.4814	Noun	336	0.73362	3.9536	1	27.33	4	12	1	high	high1	1	10	1	2	11	12	13	14	
2964	2963	chain	10480	1082	739	1021	708	21.2157	3.0346	8.8102	2.8692	Noun	1020	0.94183	4.3265	1	33.75	5	1	1	high	high1	1	10	1	2	11	12	13	14	
9242	9241	jeep	34715	524	239	386	172	10.2745	2.7202	2.8493	2.3802	Noun	524	1	4.012	1	21	4	7	1	high	high1	1	10	1	2	11	12	13	14	
16398	16397	solution	60725	807	636	788	628	15.8235	2.9074	7.5823	2.8041	Noun	808	1	4.1992	3	86.29	8	0	1	high	high3	2	20	1	2	21	22	23	24	
6180	6179	face	23275	14747	5610	14152	5529	289.1569	4.1687	66.8813	3.749	Noun	11894	0.80719	5.4606	1	19	4	11	1	high	high1	1	10	1	2	11	12	13	14	
3421	3420	clutch	12160	127	82	118	78	2.4902	2.1072	0.97759	1.9191	Noun	100	0.7874	3.399	1	28.2	6	1	1	low	low1	3	30	1	2	31	32	33	34	
16464	16463	souvenir	60996	240	202	221	186	4.7059	2.382	2.4082	2.3075	Noun	239	1	3.6739	3	38.86	8	0	1	high	high3	2	20	1	2	21	22	23	24	
18497	18496	ultrasound	68557	125	75	111	71	2.451	2.1004	0.89413	1.8808	Noun	111	0.888	3.3922	3	18	10	0	1	low	low3	4	40	1	2	41	42	43	44	
19525	19524	yarn	73860	81	60	78	59	1.5882	1.9138	0.71531	1.7853	Noun	81	1	3.2056	1	28	4	7	1	low	low1	3	30	1	2	31	32	33	34	
851	850	atmosphere	3663	493	362	483	356	9.6667	2.6937	4.3157	2.5599	Noun	493	1	3.9856	3	20.56	10	0	1	high	high3	2	20	1	2	21	22	23	24	
11205	11204	modeling	41206	185	107	165	101	3.6275	2.2695	1.2756	2.0334	Noun	138	0.74595	3.5613	3	289.71	8	0	1	low	low3	4	40	1	2	41	42	43	44	
16844	16843	stepmother	62361	216	132	182	129	4.2353	2.3365	1.5737	2.1239	Noun	216	1	3.6283	3	26.44	10	0	1	low	low3	4	40	1	2	41	42	43	44	
6452	6451	field	24146	3580	1919	3172	1803	70.1961	3.554	22.8779	3.2833	Noun	3333	0.93231	4.8458	1	20.25	5	3	1	high	high1	1	10	1	2	11	12	13	14	
16701	16700	staff	61953	1632	987	1457	923	32	3.213	11.7668	2.9948	Noun	1603	0.98163	4.5048	1	30	5	2	1	high	high1	1	10	1	2	11	12	13	14	
17248	17247	supplier	63962	99	76	99	76	1.9412	2	0.90606	1.8865	Noun	99	1	3.2918	3	93.71	8	2	1	low	low3	4	40	1	2	41	42	43	44	
12082	12081	olympics	44496	217	131	6	6	4.2549	2.3385	1.5618	2.1206	Noun	218	1	3.6303	3	21.71	8	0	1	low	low3	4	40	1	2	41	42	43	44	
3636	3635	commotion	12883	106	95	100	91	2.0784	2.0294	1.1326	1.9823	Noun	106	1	3.3212	3	128.25	9	0	1	low	low3	4	40	1	2	41	42	43	44	
15619	15618	semester	57738	354	250	352	249	6.9412	2.5502	2.9804	2.3997	Noun	352	0.99435	3.8421	3	100.14	8	0	1	high	high3	2	20	1	2	21	22	23	24	
12951	12950	pharmacy	47683	175	130	148	115	3.4314	2.2455	1.5498	2.1173	Noun	166	0.94857	3.5373	3	32.14	8	0	1	low	low3	4	40	1	2	41	42	43	44	
618	617	approval	2836	428	333	423	330	8.3922	2.6325	3.97	2.5237	Noun	429	1	3.9243	3	35.86	8	0	1	high	high3	2	20	1	2	21	22	23	24	
17587	17586	tech	65262	326	215	192	149	6.3922	2.5145	2.5632	2.3345	Noun	325	1	3.8064	1	12.33	4	1	1	high	high1	1	10	1	2	11	12	13	14	
15445	15444	scotch	57109	752	478	301	200	14.7451	2.8768	5.6986	2.6803	Noun	662	0.88032	4.1686	1	26.6	6	1	1	high	high1	1	10	1	2	11	12	13	14	
6495	6494	filmmaker	24263	104	62	100	59	2.0392	2.0212	0.73915	1.7993	Noun	101	0.97115	3.313	3	29	9	0	1	low	low3	4	40	1	2	41	42	43	44	
14935	14934	rod	55417	547	265	304	207	10.7255	2.7388	3.1593	2.4249	Noun	537	0.98172	4.0306	1	7	3	14	1	high	high1	1	10	1	2	11	12	13	14	
12336	12335	override	45566	263	114	244	108	5.1569	2.4216	1.3591	2.0607	Noun	174	0.64925	3.7134	3	60.29	8	1	1	high	high3	2	20	1	2	21	22	23	24	
15798	15797	sheet	58402	592	464	579	459	11.6078	2.7731	5.5317	2.6675	Noun	590	1	4.0649	1	38.25	5	5	1	high	high1	1	10	1	2	11	12	13	14	
8703	8702	hypocrite	31827	166	137	154	127	3.2549	2.2227	1.6333	2.1399	Noun	162	0.99387	3.5146	3	63.38	9	0	1	low	low3	4	40	1	2	41	42	43	44	
7932	7931	hall	29177	2649	1573	1798	1248	51.9412	3.4232	18.753	3.197	Noun	2576	0.97318	4.7151	1	37.67	4	17	1	high	high1	1	10	1	2	11	12	13	14	
12918	12917	pet	47588	1029	623	910	574	20.1765	3.0128	7.4273	2.7952	Noun	887	0.86537	4.3047	1	10	3	22	1	high	high1	1	10	1	2	11	12	13	14	
6758	6757	foam	25117	179	140	165	132	3.5098	2.2553	1.6691	2.1492	Noun	163	0.91061	3.5471	1	21	4	4	1	low	low1	3	30	1	2	31	32	33	34	
18707	18706	vault	70901	614	237	588	231	12.0392	2.7889	2.8255	2.3766	Noun	595	0.97064	4.0807	1	14.25	5	1	1	high	high1	1	10	1	2	11	12	13	14	
3676	3675	component	13070	81	65	78	63	1.5882	1.9138	0.77492	1.8195	Noun	81	1	3.2056	3	98	9	0	1	low	low3	4	40	1	2	41	42	43	44	
13562	13561	prank	49630	204	152	199	151	4	2.3118	1.8121	2.1847	Noun	205	1	3.6036	1	45.75	5	4	1	low	low1	3	30	1	2	31	32	33	34	
9531	9530	kit	35731	900	424	473	354	17.6471	2.9547	5.0548	2.6284	Noun	897	0.99778	4.2466	1	7	3	12	1	high	high1	1	10	1	2	11	12	13	14	
5117	5116	diversion	19156	158	133	151	130	3.098	2.2014	1.5856	2.1271	Noun	158	1	3.4932	3	105.5	9	0	1	low	low3	4	40	1	2	41	42	43	44	
7008	7007	fringe	26040	85	69	71	63	1.6667	1.9345	0.8226	1.8451	Noun	85	1	3.2263	1	52	6	2	1	low	low1	3	30	1	2	31	32	33	34	
8975	8974	ink	33377	382	276	360	267	7.4902	2.5832	3.2904	2.4425	Noun	375	0.98425	3.875	1	1.5	3	2	1	high	high1	1	10	1	2	11	12	13	14	
9118	9117	inventor	34156	117	83	114	82	2.2941	2.0719	0.98951	1.9243	Noun	117	1	3.3637	3	61.57	8	1	1	low	low3	4	40	1	2	41	42	43	44	
11987	11986	objective	44089	359	270	348	266	7.0392	2.5563	3.2189	2.433	Noun	229	0.63611	3.8481	3	73.38	9	0	1	high	high3	2	20	1	2	21	22	23	24	
10342	10341	lump	38216	181	149	177	147	3.549	2.2601	1.7763	2.1761	Noun	156	0.86188	3.5519	1	13.67	4	8	1	low	low1	3	30	1	2	31	32	33	34	
5072	5071	disposal	18898	250	212	245	209	4.902	2.3997	2.5274	2.3284	Noun	250	1	3.6915	3	56.71	8	0	1	high	high3	2	20	1	2	21	22	23	24	
