numid|f	X1|f	X|f	Word|s	FREQcount|f	Cdcount|f	FREQlow|f	Cdlow|f	SUBTLWF|f	Lg10WF|f	SUBTLCD|f	Lg10CD|f	Dom_PoS_SUBTLEX|s	numDom_PoS_SUBTLEX|f	Freq_dom_PoS_SUBTLEX|f	Percentage_dom_PoS|f	All_PoS_SUBTLEX|s	All_freqs_SUBTLEX|f	Zipfvalue|f	Zipfvalue_cat|s	Zipfvalue_ncat|f	cmu_sylls|f	BF_TK|f	BF_TP|f	LEN_L|f	N|f	
1714	11308	38017	lour	4	2	4	2	0.078431	0.69897	0.023844	0.47712	Noun	1	4	1	Noun	4	1.9908	low	1	1	2334.48	21	4	9	
499	3243	10314	censorship	54	33	49	32	1.0588	1.7404	0.39342	1.5315	Noun	1	54	1	Noun	54	3.0322	high	2	3	185.79	27.67	10	0	
2574	16834	57011	schtick	3	3	3	3	0.058824	0.60206	0.035765	0.60206	Noun	1	3	1	Noun	3	1.8939	low	1	1	553.34	55.67	7	0	
824	5307	17696	detector	166	127	164	125	3.2549	2.2227	1.5141	2.1072	Noun	1	166	1	Noun	166	3.5146	high	2	3	472.88	52.57	8	1	
409	2533	8303	bugaboo	7	7	7	7	0.13725	0.90309	0.083453	0.90309	Noun	1	7	1	Noun	7	2.1949	low	1	3	86.6	23.17	7	0	
2062	13682	45881	pageantry	10	9	10	9	0.19608	1.0414	0.1073	1	Noun	1	10	1	Noun	10	2.3332	low	1	3	234.35	42.13	9	0	
1822	12073	40482	midsummer	30	24	6	5	0.58824	1.4914	0.28612	1.3979	Noun	1	28	1	Noun	28	2.7832	high	2	3	145.7	30.38	9	0	
3612	26931	49660	preach	122	82	99	72	2.3922	2.0899	0.97759	1.9191	Verb	2	122	1	Verb	122	3.3817	high	2	1	510.05	47.4	6	1	
717	4696	15532	crutch	67	53	66	53	1.3137	1.8325	0.63186	1.7324	Noun	1	67	1	Noun	67	3.1243	high	2	1	221.93	32.8	6	3	
2504	16228	55085	ries	2	2	2	2	0.039216	0.47712	0.023844	0.47712	Noun	1	1	1	Noun	1	1.769	low	1	1	830.9	22	4	8	
1117	6996	23816	fedora	13	11	13	11	0.2549	1.1461	0.13114	1.0792	Noun	1	13	1	Noun	13	2.438	low	1	3	435.67	23.8	6	0	
369	2206	7240	boor	3	3	3	3	0.058824	0.60206	0.035765	0.60206	Noun	1	3	1	Noun	3	1.8939	low	1	1	2316.77	29.33	4	9	
1917	12767	42681	nausea	110	89	93	78	2.1569	2.0453	1.061	1.9542	Noun	1	110	1	Noun	110	3.3372	high	2	3	504.58	36.8	6	0	
28	103	407	accountant	315	191	303	185	6.1765	2.4997	2.2771	2.2833	Noun	1	315	1	Noun	315	3.7915	high	2	3	358.8	38.89	10	0	
3851	29612	70731	validate	41	38	40	38	0.80392	1.6232	0.45303	1.5911	Verb	2	41	1	Verb	41	2.9151	high	2	3	365.91	51.71	8	0	
3069	20756	71593	vogue	119	61	24	11	2.3333	2.0792	0.72723	1.7924	Noun	1	118	1	Noun	118	3.371	high	2	1	200.17	11.75	5	2	
345	1941	6306	bitumen	2	2	2	2	0.039216	0.47712	0.023844	0.47712	Noun	1	2	1	Noun	2	1.769	low	1	3	526.89	37	7	0	
3393	24642	25558	formulate	30	23	27	21	0.58824	1.4914	0.2742	1.3802	Verb	2	30	1	Verb	30	2.7832	high	2	3	285.82	61.63	9	0	
3325	23872	20480	earn	783	623	761	612	15.3529	2.8943	7.4273	2.7952	Verb	2	783	1	Verb	783	4.1862	high	2	1	1197.65	28.33	4	7	
2707	18067	61318	sperm	318	161	300	152	6.2353	2.5038	1.9194	2.2095	Noun	1	320	1	Noun	320	3.7956	high	2	1	1674.84	26	5	0	
286	1431	4581	balloting	4	4	3	3	0.078431	0.69897	0.047687	0.69897	Noun	1	4	1	Noun	4	1.9908	low	1	3	1365.85	243.13	9	0	
3386	24535	24769	flee	233	167	214	154	4.5686	2.3692	1.9909	2.2253	Verb	2	232	1	Verb	232	3.661	high	2	1	221.83	13.33	4	8	
1416	9455	31449	humanness	2	2	2	2	0.039216	0.47712	0.023844	0.47712	Noun	1	2	1	Noun	2	1.769	low	1	3	219.33	61.25	9	0	
390	2346	7684	bravado	24	24	22	22	0.47059	1.3979	0.28612	1.3979	Noun	1	24	1	Noun	24	2.6898	low	1	3	375.3	44	7	0	
217	1045	3315	ascendant	34	17	0	0	0.66667	1.5441	0.20267	1.2553	Noun	1	34	1	Noun	34	2.8359	high	2	3	541.46	54	9	0	
1825	12091	40546	mile	1071	779	950	746	21	3.0302	9.2871	2.8921	Noun	1	1095	1	Noun	1095	4.322	high	2	1	1637.4	29.67	4	18	
426	2695	8829	byte	6	6	6	6	0.11765	0.8451	0.071531	0.8451	Noun	1	6	1	Noun	6	2.1369	low	1	1	270.56	9.33	4	2	
239	1144	3663	atmosphere	493	362	483	356	9.6667	2.6937	4.3157	2.5599	Noun	1	493	1	Noun	493	3.9856	high	2	3	171.04	20.56	10	0	
2361	15593	51995	radius	224	194	222	193	4.3922	2.3522	2.3128	2.29	Noun	1	224	1	Noun	224	3.644	high	2	3	327.77	35.4	6	1	
3114	21237	73251	wit	302	227	287	219	5.9216	2.4814	2.7062	2.3579	Noun	1	300	1	Noun	300	3.7733	high	2	1	338.32	6.5	3	12	
3594	26662	46455	parse	6	5	6	5	0.11765	0.8451	0.059609	0.77815	Verb	2	6	1	Verb	6	2.1369	low	1	1	2178.83	46.75	5	3	
209	1014	3228	arsenic	63	31	47	25	1.2353	1.8062	0.36958	1.5051	Noun	1	63	1	Noun	63	3.098	high	2	3	339.68	30.83	7	0	
2443	15986	53919	renewal	49	37	47	35	0.96078	1.699	0.44111	1.5798	Noun	1	49	1	Noun	49	2.9908	high	2	3	1034.67	71.33	7	0	
387	2337	7656	brank	1	1	1	1	0.019608	0.30103	0.011922	0.30103	Noun	1	1	1	Noun	1	1.5929	low	1	1	1222.04	47.5	5	7	
3751	28248	58438	shelve	10	8	6	5	0.19608	1.0414	0.095374	0.95424	Verb	2	10	1	Verb	10	2.3332	low	1	1	508.68	29	6	0	
2938	19833	67375	translator	115	77	106	71	2.2549	2.0645	0.91798	1.8921	Noun	1	114	1	Noun	114	3.3563	high	2	3	148.16	49.78	10	0	
383	2310	7552	bra	557	323	534	315	10.9216	2.7466	3.8507	2.5105	Noun	1	558	1	Noun	558	4.0385	high	2	1	16.54	1.5	3	3	
2137	14198	47376	perle	1	1	1	1	0.019608	0.30103	0.011922	0.30103	Noun	1	1	1	Noun	1	1.5929	low	1	1	934.62	29.5	5	0	
3634	27158	51690	quell	17	17	17	17	0.33333	1.2553	0.20267	1.2553	Verb	2	17	1	Verb	17	2.5471	low	1	1	827.92	20.5	5	1	
406	2479	8107	brow	94	78	94	78	1.8431	1.9777	0.9299	1.8976	Noun	1	94	1	Noun	94	3.2696	high	2	1	2152.35	13.33	4	5	
1154	7210	24455	firth	8	4	2	2	0.15686	0.95424	0.047687	0.69897	Noun	1	7	1	Noun	7	2.2461	low	1	1	1641.9	29.5	5	6	
910	5682	19278	doctorate	46	39	45	38	0.90196	1.6721	0.46495	1.6021	Noun	1	46	1	Noun	46	2.9639	high	2	3	278.8	55.38	9	0	
3145	21469	74060	youth	858	600	747	536	16.8235	2.934	7.1531	2.7789	Noun	1	861	1	Noun	861	4.2258	high	2	1	2802.36	27.75	5	2	
2729	18301	62197	statism	1	1	1	1	0.019608	0.30103	0.011922	0.30103	Noun	1	1	1	Noun	1	1.5929	low	1	3	838.54	87	7	0	
3764	28514	60514	soar	78	67	74	66	1.5294	1.8976	0.79876	1.8325	Verb	2	78	1	Verb	78	3.1895	high	2	1	1652.94	24.67	4	8	
2220	14827	49224	pore	24	19	22	19	0.47059	1.3979	0.22651	1.301	Noun	1	24	1	Noun	24	2.6898	low	1	1	4396.39	35.67	4	19	
1461	9710	32487	impression	946	787	946	787	18.549	2.9763	9.3825	2.8965	Noun	1	947	1	Noun	947	4.2682	high	2	3	980.29	98.78	10	0	
2995	20247	69094	underseas	1	1	1	1	0.019608	0.30103	0.011922	0.30103	Noun	1	1	1	Noun	1	1.5929	low	1	3	245.63	54.75	9	0	
3769	28544	60728	solve	994	754	964	737	19.4902	2.9978	8.989	2.8779	Verb	2	996	1	Verb	996	4.2897	high	2	1	528.66	27.5	5	1	
1078	6769	23007	explosion	841	467	763	438	16.4902	2.9253	5.5675	2.6702	Noun	1	840	1	Noun	840	4.2171	high	2	3	808.99	80.5	9	0	
3576	26563	45598	overshoot	7	5	7	5	0.13725	0.90309	0.059609	0.77815	Verb	2	7	1	Verb	7	2.1949	low	1	3	170.29	30.13	9	0	
2911	19607	66655	togs	12	11	12	11	0.23529	1.1139	0.13114	1.0792	Noun	1	12	1	Noun	12	2.4058	low	1	1	597.08	24.67	4	19	
310	1622	5143	bawd	8	3	8	3	0.15686	0.95424	0.035765	0.60206	Noun	1	8	1	Noun	8	2.2461	low	1	1	718.94	15.67	4	4	
694	4435	14732	courtesy	414	357	368	321	8.1176	2.618	4.2561	2.5539	Noun	1	414	1	Noun	414	3.9099	high	2	3	624.72	89.43	8	0	
3424	25056	30288	herniate	2	2	2	2	0.039216	0.47712	0.023844	0.47712	Verb	2	2	1	Verb	2	1.769	low	1	3	326	52.71	8	0	
102	503	1616	allergist	2	2	2	2	0.039216	0.47712	0.023844	0.47712	Noun	1	2	1	Noun	2	1.769	low	1	3	317.53	59.5	9	0	
2706	18058	61259	speech	1940	1090	1823	1050	38.0392	3.288	12.9948	3.0378	Noun	1	1936	1	Noun	1936	4.5799	high	2	1	467.4	36.8	6	0	
2998	20255	69144	undertow	27	16	20	13	0.52941	1.4472	0.19075	1.2304	Noun	1	30	1	Noun	30	2.739	low	1	3	325.52	53.29	8	0	
2807	18869	64315	sweetener	14	11	11	10	0.27451	1.1761	0.13114	1.0792	Noun	1	14	1	Noun	14	2.4679	low	1	3	400.5	52	9	1	
1624	10663	36166	lait	11	8	10	8	0.21569	1.0792	0.095374	0.95424	Noun	1	11	1	Noun	11	2.371	low	1	1	2026.92	28.33	4	7	
3266	23302	16754	deem	30	28	29	28	0.58824	1.4914	0.33381	1.4624	Verb	2	30	1	Verb	30	2.7832	high	2	1	3041.96	24.67	4	4	
3879	29902	73662	wrest	6	6	5	5	0.11765	0.8451	0.071531	0.8451	Verb	2	6	1	Verb	6	2.1369	low	1	1	1574.65	28.25	5	2	
2922	19706	66920	torque	37	25	30	20	0.72549	1.5798	0.29804	1.415	Noun	1	37	1	Noun	37	2.8716	high	2	1	364.88	30.6	6	0	
1926	12826	42872	negligence	91	69	88	67	1.7843	1.9638	0.8226	1.8451	Noun	1	91	1	Noun	91	3.2556	high	2	3	366.17	43.44	10	0	
3726	27999	55712	rouse	47	40	38	33	0.92157	1.6812	0.47687	1.6128	Verb	2	47	1	Verb	47	2.9731	high	2	1	3584.67	42	5	7	
1790	11873	39835	megaphone	15	13	15	13	0.29412	1.2041	0.15498	1.1461	Noun	1	15	1	Noun	15	2.496	low	1	3	252.62	35.25	9	0	
1167	7323	24760	fleck	7	4	3	3	0.13725	0.90309	0.047687	0.69897	Noun	1	7	1	Noun	7	2.1949	low	1	1	627.57	31.5	5	2	
2810	18908	64479	syllable	42	35	42	35	0.82353	1.6335	0.41726	1.5563	Noun	1	42	1	Noun	42	2.9253	high	2	3	465.31	45.86	8	0	
3686	27538	53578	reinstall	2	2	2	2	0.039216	0.47712	0.023844	0.47712	Verb	2	2	1	Verb	2	1.769	low	1	3	364.19	60.63	9	0	
2908	19561	66523	tiredness	2	2	2	2	0.039216	0.47712	0.023844	0.47712	Noun	1	2	1	Noun	2	1.769	low	1	3	239.28	64.63	9	0	
524	3435	10929	cheque	294	151	284	145	5.7647	2.4698	1.8002	2.1818	Noun	1	296	1	Noun	296	3.7617	high	2	1	375.56	25.8	6	0	
2824	18966	64663	tablespoon	9	8	9	8	0.17647	1	0.095374	0.95424	Noun	1	9	1	Noun	9	2.2918	low	1	3	378.09	43.44	10	0	
2921	19700	66905	tormentor	3	3	3	3	0.058824	0.60206	0.035765	0.60206	Noun	1	3	1	Noun	3	1.8939	low	1	3	236.23	54.75	9	0	
3340	23983	21285	empathize	32	27	31	26	0.62745	1.5185	0.32189	1.4472	Verb	2	32	1	Verb	32	2.8103	high	2	3	397.61	33.13	9	0	
477	3101	9934	caste	44	19	35	19	0.86275	1.6532	0.22651	1.301	Noun	1	44	1	Noun	44	2.945	high	2	1	898.88	41.5	5	6	
1081	6776	23033	exposure	291	240	281	237	5.7059	2.4654	2.8612	2.382	Noun	1	290	1	Noun	290	3.7572	high	2	3	328.36	29.71	8	0	
3165	21731	1285	ail	11	6	11	6	0.21569	1.0792	0.071531	0.8451	Verb	2	11	1	Verb	11	2.371	low	1	1	245.24	3.5	3	6	
162	759	2425	antenna	122	81	113	78	2.3922	2.0899	0.96567	1.9138	Noun	1	122	1	Noun	122	3.3817	high	2	3	473.24	27	7	0	
1811	12029	40377	microchip	74	33	70	32	1.451	1.8751	0.39342	1.5315	Noun	1	74	1	Noun	74	3.1669	high	2	3	90.93	22.13	9	0	
2727	18280	62122	stargazer	2	2	2	2	0.039216	0.47712	0.023844	0.47712	Noun	1	2	1	Noun	2	1.769	low	1	3	216.48	44.5	9	0	
775	5084	16744	deduction	87	68	87	68	1.7059	1.9445	0.81068	1.8388	Noun	1	88	1	Noun	88	3.2363	high	2	3	1019.88	112.75	9	2	
2577	16849	57055	sconce	8	5	8	5	0.15686	0.95424	0.059609	0.77815	Noun	1	8	1	Noun	8	2.2461	low	1	1	488.89	29.6	6	0	
839	5377	17959	dialogue	208	149	179	137	4.0784	2.3201	1.7763	2.1761	Noun	1	208	1	Noun	208	3.612	high	2	3	231.74	32.86	8	0	
2957	19985	67892	troth	35	15	33	15	0.68627	1.5563	0.17883	1.2041	Noun	1	35	1	Noun	35	2.8481	high	2	1	1280.29	42.75	5	5	
1510	9893	33358	injector	16	10	15	9	0.31373	1.2304	0.11922	1.0414	Noun	1	16	1	Noun	16	2.5223	low	1	3	435.86	38.71	8	0	
2120	14136	47147	pentathlon	3	1	3	1	0.058824	0.60206	0.011922	0.30103	Noun	1	3	1	Noun	3	1.8939	low	1	3	396.09	51.56	10	0	
1736	11461	38548	magnetics	2	2	1	1	0.039216	0.47712	0.023844	0.47712	Noun	1	2	1	Noun	2	1.769	low	1	3	433.56	67.38	9	0	
1236	7896	26657	gap	218	178	165	133	4.2745	2.3404	2.1221	2.2529	Noun	1	217	1	Noun	217	3.6323	high	2	1	136.2	9	3	16	
1970	13109	43842	nowaday	1	1	1	1	0.019608	0.30103	0.011922	0.30103	Noun	1	1	1	Noun	1	1.5929	low	1	3	368.61	20.17	7	0	
1889	12556	41987	muck	97	81	92	79	1.902	1.9912	0.96567	1.9138	Noun	1	97	1	Noun	97	3.2831	high	2	1	2113.64	23.33	4	14	
3722	27939	55048	rid	3052	2034	3029	2028	59.8431	3.4847	24.2489	3.3086	Verb	2	3031	1	Verb	3031	4.7766	high	2	1	699.83	6.5	3	13	
856	5464	18224	dimension	236	133	226	133	4.6275	2.3747	1.5856	2.1271	Noun	1	234	1	Noun	234	3.6666	high	2	3	1020.03	89.13	9	0	
3867	29734	72030	warn	1293	1025	1234	999	25.3529	3.1119	12.2198	3.0111	Verb	2	1292	1	Verb	1292	4.4038	high	2	1	1356.22	36.67	4	14	
1659	10921	36911	leniency	22	19	22	19	0.43137	1.3617	0.22651	1.301	Noun	1	22	1	Noun	22	2.6536	low	1	3	536.53	48.29	8	0	
3739	28153	57316	scrutinize	11	11	10	10	0.21569	1.0792	0.13114	1.0792	Verb	2	11	1	Verb	11	2.371	low	1	3	118.34	34.78	10	0	
859	5492	18306	dinosaur	203	116	180	110	3.9804	2.3096	1.3829	2.0682	Noun	1	202	1	Noun	202	3.6015	high	2	3	253.21	36.43	8	0	
356	2080	6846	boar	111	60	93	55	2.1765	2.0492	0.71531	1.7853	Noun	1	111	1	Noun	111	3.3411	high	2	1	1259.72	26.33	4	5	
1524	9967	33567	inspector	1124	290	465	190	22.0392	3.0512	3.4573	2.4639	Noun	1	1133	1	Noun	1133	4.343	high	2	3	419.99	55.5	9	0	
2713	18104	61435	spire	5	5	5	5	0.098039	0.77815	0.059609	0.77815	Noun	1	5	1	Noun	5	2.07	low	1	1	1571.59	32.75	5	7	
1183	7464	25232	font	48	34	46	33	0.94118	1.6902	0.40534	1.5441	Noun	1	48	1	Noun	48	2.982	high	2	1	1686.57	25.33	4	4	
3268	23360	16973	deign	16	14	15	13	0.31373	1.2304	0.16691	1.1761	Verb	2	16	1	Verb	16	2.5223	low	1	1	352.63	15.5	5	2	
2027	13418	44752	orb	140	67	122	61	2.7451	2.1492	0.79876	1.8325	Noun	1	140	1	Noun	140	3.4411	high	2	1	1.99	1.5	3	1	
2788	18708	63714	sump	14	8	14	8	0.27451	1.1761	0.095374	0.95424	Noun	1	14	1	Noun	14	2.4679	low	1	1	565.72	15.33	4	8	
236	1134	3637	atheneum	1	1	0	0	0.019608	0.30103	0.011922	0.30103	Noun	1	1	1	Noun	1	1.5929	low	1	3	247.95	39.71	8	0	
3638	27236	52436	raze	8	7	4	4	0.15686	0.95424	0.083453	0.90309	Verb	2	9	1	Verb	9	2.2461	low	1	1	260.86	14.67	4	12	
990	6349	21325	employment	272	234	252	219	5.3333	2.4362	2.7897	2.3711	Noun	1	271	1	Noun	271	3.728	high	2	3	549.62	45	10	0	
249	1181	3781	attraction	348	263	307	251	6.8235	2.5428	3.1354	2.4216	Noun	1	348	1	Noun	348	3.8347	high	2	3	944.84	117.89	10	0	
2641	17320	58568	shire	44	18	14	10	0.86275	1.6532	0.21459	1.2788	Noun	1	44	1	Noun	44	2.945	high	2	1	3508.1	40	5	5	
2070	13750	46085	pane	24	21	23	20	0.47059	1.3979	0.25036	1.3424	Noun	1	24	1	Noun	24	2.6898	low	1	1	1989.29	37	4	17	
155	717	2287	anisette	2	2	1	1	0.039216	0.47712	0.023844	0.47712	Noun	1	2	1	Noun	2	1.769	low	1	3	283.59	38.43	8	0	
1489	9816	33083	infamy	22	20	22	20	0.43137	1.3617	0.23844	1.3222	Noun	1	22	1	Noun	22	2.6536	low	1	3	270.87	20.4	6	0	
959	6098	20453	ear	1632	1106	1579	1092	32	3.213	13.1855	3.0441	Noun	1	1630	1	Noun	1630	4.5048	high	2	1	721.29	6	3	11	
1256	8080	27215	gibe	2	2	1	1	0.039216	0.47712	0.023844	0.47712	Noun	1	2	1	Noun	2	1.769	low	1	1	283.54	5.67	4	1	
1920	12782	42723	naysayer	3	2	3	2	0.058824	0.60206	0.023844	0.47712	Noun	1	3	1	Noun	3	1.8939	low	1	3	386.21	32.57	8	0	
1271	8193	27551	glop	2	2	2	2	0.039216	0.47712	0.023844	0.47712	Noun	1	2	1	Noun	2	1.769	low	1	1	235.92	14.33	4	4	
2693	17964	60945	soup	1285	763	1189	722	25.1961	3.1092	9.0963	2.8831	Noun	1	1283	1	Noun	1283	4.4011	high	2	1	1770.72	16.33	4	4	
2154	14266	47655	phage	1	1	1	1	0.019608	0.30103	0.011922	0.30103	Noun	1	1	1	Noun	1	1.5929	low	1	1	550.43	23.75	5	2	
860	5494	18308	dint	4	3	4	3	0.078431	0.69897	0.035765	0.60206	Noun	1	4	1	Noun	4	1.9908	low	1	1	1633.97	32.33	4	9	
2750	18453	62731	storyline	7	6	7	6	0.13725	0.90309	0.071531	0.8451	Noun	1	7	1	Noun	7	2.1949	low	1	3	669.1	134.88	9	0	
1194	7558	25473	forfeiture	10	6	9	5	0.19608	1.0414	0.071531	0.8451	Noun	1	10	1	Noun	10	2.3332	low	1	3	169.68	29	10	0	
2958	19988	67916	trough	72	58	70	56	1.4118	1.8633	0.69146	1.7709	Noun	1	72	1	Noun	72	3.1552	high	2	1	1527.79	36	6	1	
2343	15456	51528	quackery	2	2	2	2	0.039216	0.47712	0.023844	0.47712	Noun	1	2	1	Noun	2	1.769	low	1	3	407.31	67.57	8	0	
1084	6780	23055	expressway	49	41	33	28	0.96078	1.699	0.48879	1.6232	Noun	1	49	1	Noun	49	2.9908	high	2	3	366.27	39	10	0	
1507	9870	33262	ingestion	15	14	14	13	0.29412	1.2041	0.16691	1.1761	Noun	1	15	1	Noun	15	2.496	low	1	3	1043.57	120.25	9	0	
1381	9105	30270	herl	2	2	2	2	0.039216	0.47712	0.023844	0.47712	Noun	1	2	1	Noun	2	1.769	low	1	1	2955.11	15.33	4	9	
1494	9829	33116	inference	12	10	12	10	0.23529	1.1139	0.11922	1.0414	Noun	1	12	1	Noun	12	2.4058	low	1	3	642.6	86.88	9	0	
3866	29710	71843	waive	88	73	80	69	1.7255	1.9494	0.87029	1.8692	Verb	2	88	1	Verb	88	3.2412	high	2	1	687.91	31.5	5	1	
1407	9330	31079	horde	58	21	33	18	1.1373	1.7709	0.25036	1.3424	Noun	1	58	1	Noun	58	3.0627	high	2	1	1151.9	34	5	1	
1744	11543	38788	malt	84	66	73	61	1.6471	1.9294	0.78684	1.8261	Noun	1	84	1	Noun	84	3.2213	high	2	1	1971.54	29.67	4	7	
3117	21249	73310	wizardry	20	14	12	10	0.39216	1.3222	0.16691	1.1761	Noun	1	20	1	Noun	20	2.6141	low	1	3	179.95	24.86	8	0	
3504	25858	38142	lucked	47	42	44	40	0.92157	1.6812	0.50072	1.6335	Verb	2	47	1	Verb	47	2.9731	high	2	1	2304.89	197.6	6	11	
3757	28336	59284	sing	4977	1746	4218	1600	97.5882	3.6971	20.8155	3.2423	Verb	2	4969	1	Verb	4969	4.9889	high	2	1	1565.82	32.33	4	13	
510	3308	10498	chaise	15	14	15	14	0.29412	1.2041	0.16691	1.1761	Noun	1	15	1	Noun	15	2.496	low	1	1	762.55	51	6	0	
630	4116	13357	conference	1296	797	1193	745	25.4118	3.1129	9.5017	2.902	Noun	1	1295	1	Noun	1295	4.4048	high	2	3	796.87	89.56	10	0	
3216	22666	11298	choose	2451	1625	2281	1553	48.0588	3.3895	19.3729	3.2111	Verb	2	2449	1	Verb	2449	4.6814	high	2	1	1131.7	43	6	1	
2660	17588	59457	skein	5	2	5	2	0.098039	0.77815	0.023844	0.47712	Noun	1	5	1	Noun	5	2.07	low	1	1	1083.74	9.5	5	1	
756	4982	16357	daze	28	25	22	19	0.54902	1.4624	0.29804	1.415	Noun	1	28	1	Noun	28	2.7542	low	1	1	361.38	12.67	4	10	
1200	7588	25607	fortitude	33	31	32	30	0.64706	1.5315	0.36958	1.5051	Noun	1	33	1	Noun	33	2.8233	high	2	3	376.79	58	9	0	
2821	18950	64602	synthesis	15	14	14	13	0.29412	1.2041	0.16691	1.1761	Noun	1	15	1	Noun	15	2.496	low	1	3	118.62	22	9	0	
3606	26827	48601	plead	357	249	340	239	7	2.5539	2.9685	2.3979	Verb	2	356	1	Verb	356	3.8457	high	2	1	992.42	28.25	5	2	
975	6262	20986	elegance	65	56	61	54	1.2745	1.8195	0.66762	1.7559	Noun	1	65	1	Noun	65	3.1114	high	2	3	467.33	34.14	8	0	
1710	11294	37957	lore	34	28	21	20	0.66667	1.5441	0.33381	1.4624	Noun	1	35	1	Noun	35	2.8359	high	2	1	5048.2	36	4	17	
427	2701	8840	cab	1826	961	1709	926	35.8039	3.2617	11.4568	2.9832	Noun	1	1822	1	Noun	1822	4.5536	high	2	1	1234.16	6.5	3	13	
1161	7270	24596	flair	116	88	110	86	2.2745	2.0682	1.0491	1.9494	Noun	1	115	1	Noun	115	3.36	high	2	1	1690.79	35.25	5	1	
1311	8498	28496	grocery	280	231	268	223	5.4902	2.4487	2.7539	2.3655	Noun	1	280	1	Noun	280	3.7405	high	2	3	1180.65	108	7	1	
1184	7471	25250	foolery	4	4	4	4	0.078431	0.69897	0.047687	0.69897	Noun	1	4	1	Noun	4	1.9908	low	1	3	904.71	104.5	7	0	
2614	17149	57988	serf	9	7	9	7	0.17647	1	0.083453	0.90309	Noun	1	9	1	Noun	9	2.2918	low	1	1	2474.52	15.33	4	2	
2025	13412	44746	oration	4	4	4	4	0.078431	0.69897	0.047687	0.69897	Noun	1	4	1	Noun	4	1.9908	low	1	3	932.47	86.5	7	1	
438	2800	9078	calles	2	2	2	2	0.039216	0.47712	0.023844	0.47712	Noun	1	2	1	Noun	2	1.769	low	1	1	1709.92	150	6	5	
1175	7395	25036	fluke	89	65	80	61	1.7451	1.9542	0.77492	1.8195	Noun	1	89	1	Noun	89	3.2461	high	2	1	274.56	25.25	5	2	
1299	8380	28099	grandbaby	10	9	10	9	0.19608	1.0414	0.1073	1	Noun	1	10	1	Noun	10	2.3332	low	1	3	132.34	25.38	9	0	
2371	15696	52328	rath	1	1	1	1	0.019608	0.30103	0.011922	0.30103	Noun	1	1	1	Noun	1	1.5929	low	1	1	3035.91	22	4	9	
3589	26597	45694	overwrite	5	5	4	4	0.098039	0.77815	0.059609	0.77815	Verb	2	5	1	Verb	5	2.07	low	1	3	396.42	70.88	9	0	
714	4678	15474	crum	2	1	2	1	0.039216	0.47712	0.011922	0.30103	Noun	1	2	1	Noun	2	1.769	low	1	1	44.21	7.33	4	4	
3709	27725	54243	require	542	454	541	454	10.6275	2.7348	5.4125	2.658	Verb	2	543	1	Verb	543	4.0266	high	2	3	630.98	51.67	7	0	
348	1967	6407	blan	1	1	0	0	0.019608	0.30103	0.011922	0.30103	Noun	1	1	1	Noun	1	1.5929	low	1	1	1052.84	17.33	4	6	
2535	16514	56046	sac	66	46	41	34	1.2941	1.8261	0.5484	1.6721	Noun	1	62	1	Noun	62	3.1179	high	2	1	775.3	5	3	10	
3091	20961	72191	watershed	6	6	6	6	0.11765	0.8451	0.071531	0.8451	Noun	1	6	1	Noun	6	2.1369	low	1	3	914.5	139.63	9	0	
1422	9498	31612	husbandry	10	9	10	9	0.19608	1.0414	0.1073	1	Noun	1	10	1	Noun	10	2.3332	low	1	3	169.21	28	9	0	
563	3764	12066	cloth	311	236	304	230	6.098	2.4942	2.8135	2.3747	Noun	1	311	1	Noun	311	3.786	high	2	1	1170.05	39.75	5	2	
1209	7680	25954	freres	1	1	0	0	0.019608	0.30103	0.011922	0.30103	Noun	1	1	1	Noun	1	1.5929	low	1	1	1023.58	109.8	6	0	
2909	19569	66546	tithe	1	1	1	1	0.019608	0.30103	0.011922	0.30103	Noun	1	1	1	Noun	1	1.5929	low	1	1	218.39	17.25	5	2	
3872	29824	72946	wield	39	29	38	28	0.76471	1.6021	0.34573	1.4771	Verb	2	39	1	Verb	39	2.8939	high	2	1	1809.67	19.5	5	2	
1875	12473	41735	mortician	31	24	29	23	0.60784	1.5051	0.28612	1.3979	Noun	1	30	1	Noun	30	2.797	high	2	3	352.42	59.5	9	0	
585	3944	12595	collusion	15	13	15	13	0.29412	1.2041	0.15498	1.1461	Noun	1	15	1	Noun	15	2.496	low	1	3	1030.13	104.13	9	1	
1496	9837	33142	infielder	2	2	2	2	0.039216	0.47712	0.023844	0.47712	Noun	1	2	1	Noun	2	1.769	low	1	3	348.9	56.63	9	0	
3407	24841	27457	glean	2	2	2	2	0.039216	0.47712	0.023844	0.47712	Verb	2	2	1	Verb	2	1.769	low	1	1	1062.75	27.5	5	2	
1586	10328	35095	jubilee	41	23	15	13	0.80392	1.6232	0.2742	1.3802	Noun	1	41	1	Noun	41	2.9151	high	2	3	320.24	61.33	7	0	
847	5430	18134	diffusion	11	10	9	8	0.21569	1.0792	0.11922	1.0414	Noun	1	11	1	Noun	11	2.371	low	1	3	903.58	76.5	9	0	
1100	6888	23408	fajitas	20	10	15	9	0.39216	1.3222	0.11922	1.0414	Noun	1	20	1	Noun	20	2.6141	low	1	3	202.31	21.5	7	0	
2584	16923	57319	scrutiny	58	53	57	53	1.1373	1.7709	0.63186	1.7324	Noun	1	58	1	Noun	58	3.0627	high	2	3	1192.61	175.71	8	0	
3189	22250	5985	bide	28	21	17	17	0.54902	1.4624	0.25036	1.3424	Verb	2	27	1	Verb	27	2.7542	low	1	1	858.6	16.33	4	13	
115	562	1796	amalgam	9	5	9	5	0.17647	1	0.059609	0.77815	Noun	1	9	1	Noun	9	2.2918	low	1	3	160.75	15.17	7	0	
262	1252	4047	avenue	861	564	87	72	16.8824	2.9355	6.7239	2.752	Noun	1	857	1	Noun	857	4.2273	high	2	3	208.81	15.2	6	1	
3873	29833	73043	wilt	93	58	56	38	1.8235	1.9731	0.69146	1.7709	Verb	2	93	1	Verb	93	3.265	high	2	1	4537.71	27	4	11	
2562	16702	56605	sauerkraut	51	33	44	30	1	1.716	0.39342	1.5315	Noun	1	51	1	Noun	51	3.0078	high	2	3	232.63	26.89	10	0	
2206	14723	48937	polio	45	32	41	30	0.88235	1.6628	0.3815	1.5185	Noun	1	45	1	Noun	45	2.9546	high	2	3	366.78	22.25	5	1	
1080	6774	23021	exporter	4	4	4	4	0.078431	0.69897	0.047687	0.69897	Noun	1	4	1	Noun	4	1.9908	low	1	3	815.43	89.29	8	1	
3569	26540	45525	overplay	7	7	7	7	0.13725	0.90309	0.083453	0.90309	Verb	2	7	1	Verb	7	2.1949	low	1	3	171.66	33	8	0	
3331	23918	21019	elicit	25	25	25	25	0.4902	1.415	0.29804	1.415	Verb	2	25	1	Verb	25	2.7068	low	1	3	164.27	23	6	0	
1918	12772	42696	nav	16	11	10	7	0.31373	1.2304	0.13114	1.0792	Noun	1	16	1	Noun	16	2.5223	low	1	1	4.78	2	3	4	
3723	27951	55149	rile	17	16	17	16	0.33333	1.2553	0.19075	1.2304	Verb	2	17	1	Verb	17	2.5471	low	1	1	1477.43	29	4	15	
393	2388	7830	brevity	11	8	8	7	0.21569	1.0792	0.095374	0.95424	Noun	1	11	1	Noun	11	2.371	low	1	3	682.57	54.67	7	0	
444	2863	9264	candidate	434	277	406	263	8.5098	2.6385	3.3023	2.444	Noun	1	434	1	Noun	434	3.9303	high	2	3	317.28	60.75	9	0	
3529	26156	42170	mummify	4	4	4	4	0.078431	0.69897	0.047687	0.69897	Verb	2	4	1	Verb	4	1.9908	low	1	3	155.3	35.33	7	0	
2692	17958	60918	souk	1	1	1	1	0.019608	0.30103	0.011922	0.30103	Noun	1	1	1	Noun	1	1.5929	low	1	1	1761.73	15.67	4	5	
3209	22600	10242	cede	6	6	6	6	0.11765	0.8451	0.071531	0.8451	Verb	2	6	1	Verb	6	2.1369	low	1	1	674.19	8.33	4	1	
3854	29629	70921	veer	55	23	16	15	1.0784	1.7482	0.2742	1.3802	Verb	2	55	1	Verb	55	3.04	high	2	1	3085	24.67	4	6	
2354	15526	51774	quilt	39	34	39	34	0.76471	1.6021	0.40534	1.5441	Noun	1	39	1	Noun	39	2.8939	high	2	1	1200.29	25	5	5	
2664	17639	59634	slab	94	66	72	63	1.8431	1.9777	0.78684	1.8261	Noun	1	94	1	Noun	94	3.2696	high	2	1	288.68	17	4	8	
1060	6689	22644	exception	409	375	396	367	8.0196	2.6128	4.4707	2.5752	Noun	1	410	1	Noun	410	3.9046	high	2	3	1012.96	101.5	9	0	
2103	13971	46653	path	1252	870	1198	848	24.549	3.098	10.372	2.94	Noun	1	1252	1	Noun	1252	4.3898	high	2	1	3361.16	23.67	4	8	
1923	12816	42840	needlework	14	13	9	9	0.27451	1.1761	0.15498	1.1461	Noun	1	14	1	Noun	14	2.4679	low	1	3	66.65	18.44	10	0	
2432	15954	53770	rem	78	30	2	2	1.5294	1.8976	0.35765	1.4914	Noun	1	78	1	Noun	78	3.1895	high	2	1	102.82	3.5	3	10	
2691	17953	60906	sot	13	12	13	12	0.2549	1.1461	0.14306	1.1139	Noun	1	12	1	Noun	12	2.438	low	1	1	3331.76	9	3	21	
2472	16102	54572	ret	1	1	1	1	0.019608	0.30103	0.011922	0.30103	Noun	1	1	1	Noun	1	1.5929	low	1	1	1458.69	8.5	3	18	
1739	11499	38656	maize	9	7	7	5	0.17647	1	0.083453	0.90309	Noun	1	9	1	Noun	9	2.2918	low	1	1	382.42	26	5	1	
1821	12072	40480	midst	175	157	167	156	3.4314	2.2455	1.8717	2.1987	Noun	1	174	1	Noun	174	3.5373	high	2	1	863.93	22.5	5	1	
1548	10072	34151	invention	310	195	309	195	6.0784	2.4928	2.3247	2.2923	Noun	1	310	1	Noun	310	3.7846	high	2	3	1201.91	129.63	9	1	
3089	20955	72170	waterfowl	1	1	1	1	0.019608	0.30103	0.011922	0.30103	Noun	1	1	1	Noun	1	1.5929	low	1	3	344.36	47.38	9	0	
