numid|f	X1|f	X|f	Word|s	FREQcount|f	Cdcount|f	FREQlow|f	Cdlow|f	SUBTLWF|f	Lg10WF|f	SUBTLCD|f	Lg10CD|f	Dom_PoS_SUBTLEX|s	numDom_PoS_SUBTLEX|f	Freq_dom_PoS_SUBTLEX|f	Percentage_dom_PoS|f	All_PoS_SUBTLEX|s	All_freqs_SUBTLEX|f	Zipfvalue|f	Zipfvalue_cat|s	Zipfvalue_ncat|f	cmu_sylls|f	BF_TK|f	BF_TP|f	LEN_L|f	N|f	
3118	21254	73330	woe	119	86	76	56	2.3333	2.0792	1.0253	1.9395	Noun	1	117	1	Noun	117	3.371	high	2	1	55.7	6	3	11	
3249	23025	13999	convalesce	3	3	3	3	0.058824	0.60206	0.035765	0.60206	Verb	2	3	1	Verb	3	1.8939	low	1	3	452.67	58	10	0	
2210	14741	48991	polluter	2	2	2	2	0.039216	0.47712	0.023844	0.47712	Noun	1	2	1	Noun	2	1.769	low	1	3	862.61	90.29	8	2	
2393	15795	52827	reclaimer	1	1	1	1	0.019608	0.30103	0.011922	0.30103	Noun	1	1	1	Noun	1	1.5929	low	1	3	524.83	68.88	9	1	
1079	6772	23014	exponent	4	4	3	3	0.078431	0.69897	0.047687	0.69897	Noun	1	4	1	Noun	4	1.9908	low	1	3	547.58	63.14	8	0	
2715	18149	61608	spore	7	6	7	6	0.13725	0.90309	0.071531	0.8451	Noun	1	7	1	Noun	7	2.1949	low	1	1	1684.99	32.75	5	9	
2587	16960	57427	seam	33	30	31	29	0.64706	1.5315	0.35765	1.4914	Noun	1	33	1	Noun	33	2.8233	high	2	1	1855.78	33.33	4	9	
3287	23595	18402	disable	79	59	63	53	1.549	1.9031	0.70339	1.7782	Verb	2	79	1	Verb	79	3.1949	high	2	3	463.9	55.33	7	0	
2340	15430	51442	putsch	6	3	6	3	0.11765	0.8451	0.035765	0.60206	Noun	1	6	1	Noun	6	2.1369	low	1	1	331.04	26.6	6	0	
3334	23949	21139	embarrass	450	378	440	375	8.8235	2.6542	4.5064	2.5786	Verb	2	450	1	Verb	450	3.946	high	2	3	164.52	42	9	0	
3771	28564	61055	spake	13	12	11	10	0.2549	1.1461	0.14306	1.1139	Verb	2	13	1	Verb	13	2.438	low	1	1	445.41	26.25	5	9	
1113	6979	23715	fave	6	6	6	6	0.11765	0.8451	0.071531	0.8451	Noun	1	6	1	Noun	6	2.1369	low	1	1	4486.13	17	4	15	
661	4229	14048	converter	11	10	9	8	0.21569	1.0792	0.11922	1.0414	Noun	1	11	1	Noun	11	2.371	low	1	3	907.87	120.25	9	1	
2135	14194	47362	perjurer	3	3	3	3	0.058824	0.60206	0.035765	0.60206	Noun	1	3	1	Noun	3	1.8939	low	1	3	834.42	83.86	8	1	
2790	18762	63910	superstore	22	3	3	1	0.43137	1.3617	0.035765	0.60206	Noun	1	22	1	Noun	22	2.6536	low	1	3	469.92	54.11	10	0	
843	5401	18026	dicier	1	1	1	1	0.019608	0.30103	0.011922	0.30103	Noun	1	1	1	Noun	1	1.5929	low	1	3	1794.44	107.4	6	0	
1106	6927	23544	farce	89	68	88	67	1.7451	1.9542	0.81068	1.8388	Noun	1	89	1	Noun	89	3.2461	high	2	1	1221.18	35.75	5	1	
207	1008	3216	arrowroot	1	1	1	1	0.019608	0.30103	0.011922	0.30103	Noun	1	1	1	Noun	1	1.5929	low	1	3	83.2	18.75	9	0	
3400	24784	26852	gawk	16	13	16	13	0.31373	1.2304	0.15498	1.1461	Verb	2	16	1	Verb	16	2.5223	low	1	1	257.94	12.33	4	1	
496	3226	10275	cell	2772	1459	2656	1430	54.3529	3.4429	17.3939	3.1644	Noun	1	2769	1	Noun	2769	4.7348	high	2	1	3165.54	24.67	4	10	
1292	8342	27995	gown	334	263	324	258	6.549	2.525	3.1354	2.4216	Noun	1	334	1	Noun	334	3.8169	high	2	1	1544.82	14.33	4	4	
1431	9536	31726	hymn	83	62	63	49	1.6275	1.9243	0.73915	1.7993	Noun	1	82	1	Noun	82	3.2161	high	2	1	18.27	1.33	4	0	
2668	17669	59800	sleeve	286	241	285	241	5.6078	2.4579	2.8732	2.3838	Noun	1	286	1	Noun	286	3.7497	high	2	1	251.98	27.6	6	0	
3599	26719	47232	percolate	8	7	7	6	0.15686	0.95424	0.083453	0.90309	Verb	2	8	1	Verb	8	2.2461	low	1	3	296.2	60.63	9	0	
2107	13996	46717	patronage	19	17	18	16	0.37255	1.301	0.20267	1.2553	Noun	1	19	1	Noun	19	2.5929	low	1	3	222.06	48.13	9	0	
1903	12648	42280	musician	308	208	294	202	6.0392	2.49	2.4797	2.3201	Noun	1	308	1	Noun	308	3.7818	high	2	3	390.02	38.71	8	0	
1650	10834	36647	leadership	249	197	232	187	4.8824	2.3979	2.3486	2.2967	Noun	1	249	1	Noun	249	3.6898	high	2	3	226.28	32.33	10	1	
913	5712	19378	doke	1	1	1	1	0.019608	0.30103	0.011922	0.30103	Noun	1	1	1	Noun	1	1.5929	low	1	1	2210.48	17	4	13	
751	4927	16172	dane	158	48	0	0	3.098	2.2014	0.57225	1.6902	Noun	1	158	1	Noun	158	3.4932	high	2	1	1764.56	33.33	4	18	
705	4543	15071	creator	142	95	110	67	2.7843	2.1553	1.1326	1.9823	Noun	1	142	1	Noun	142	3.4472	high	2	3	555.31	59.5	7	0	
1502	9857	33215	informer	63	50	61	50	1.2353	1.8062	0.59609	1.7076	Noun	1	63	1	Noun	63	3.098	high	2	3	692.34	69.29	8	1	
1672	10976	37071	liaison	139	106	130	100	2.7255	2.1461	1.2637	2.0294	Noun	1	139	1	Noun	139	3.438	high	2	3	398.49	32.5	7	0	
2194	14653	48718	ploy	78	68	76	66	1.5294	1.8976	0.81068	1.8388	Noun	1	78	1	Noun	78	3.1895	high	2	1	237.92	12	4	4	
1544	10056	34106	intuit	1	1	1	1	0.019608	0.30103	0.011922	0.30103	Noun	1	1	1	Noun	1	1.5929	low	1	3	406.25	24.2	6	0	
473	3074	9875	caseloads	3	3	3	3	0.058824	0.60206	0.035765	0.60206	Noun	1	3	1	Noun	3	1.8939	low	1	3	174.35	36.38	9	0	
2597	17017	57585	seducer	20	11	17	9	0.39216	1.3222	0.13114	1.0792	Noun	1	20	1	Noun	20	2.6141	low	1	3	983.12	81.67	7	2	
3308	23714	18917	disproven	3	3	3	3	0.058824	0.60206	0.035765	0.60206	Verb	2	3	1	Verb	3	1.8939	low	1	3	324.98	45.88	9	1	
2761	18550	63124	stull	1	1	1	1	0.019608	0.30103	0.011922	0.30103	Noun	1	1	1	Noun	1	1.5929	low	1	1	2660.64	31.25	5	3	
1133	7107	24144	fief	1	1	1	1	0.019608	0.30103	0.011922	0.30103	Noun	1	1	1	Noun	1	1.5929	low	1	1	712.71	12.67	4	1	
2140	14207	47410	peroxide	55	40	51	38	1.0784	1.7482	0.47687	1.6128	Noun	1	55	1	Noun	55	3.04	high	2	3	203.41	36.14	8	0	
2549	16598	56304	salvation	256	217	187	164	5.0196	2.4099	2.587	2.3385	Noun	1	255	1	Noun	255	3.7018	high	2	3	922.71	106.88	9	0	
3319	23800	19615	doth	117	57	112	57	2.2941	2.0719	0.67954	1.7634	Verb	2	117	1	Verb	117	3.3637	high	2	1	3718.12	17.33	4	3	
77	362	1222	agonist	1	1	1	1	0.019608	0.30103	0.011922	0.30103	Noun	1	1	1	Noun	1	1.5929	low	1	3	586.16	50.67	7	0	
3844	29500	69892	unravel	49	46	48	46	0.96078	1.699	0.5484	1.6721	Verb	2	50	1	Verb	50	2.9908	high	2	3	254.8	33	7	0	
2293	15179	50548	prom	906	321	857	309	17.7647	2.9576	3.8269	2.5079	Noun	1	910	1	Noun	910	4.2494	high	2	1	3134.58	12	4	8	
2675	17734	60084	smattering	9	8	6	6	0.17647	1	0.095374	0.95424	Noun	1	9	1	Noun	9	2.2918	low	1	3	545.8	152.78	10	3	
3378	24446	23853	feign	23	23	21	21	0.45098	1.3802	0.2742	1.3802	Verb	2	23	1	Verb	23	2.672	low	1	1	299	12.25	5	2	
535	3572	11385	chrome	65	54	57	48	1.2745	1.8195	0.64378	1.7404	Noun	1	64	1	Noun	64	3.1114	high	2	1	742.3	33.8	6	0	
3181	22031	4232	babysit	104	87	101	84	2.0392	2.0212	1.0372	1.9445	Verb	2	104	1	Verb	104	3.313	high	2	3	121.05	21.33	7	0	
1101	6894	23422	falconry	2	2	2	2	0.039216	0.47712	0.023844	0.47712	Noun	1	2	1	Noun	2	1.769	low	1	3	273.23	33.71	8	0	
3192	22290	6493	bleed	515	398	493	387	10.098	2.7126	4.7449	2.601	Verb	2	514	1	Verb	514	4.0045	high	2	1	1295.81	72.5	5	3	
2545	16572	56214	salary	548	406	535	400	10.7451	2.7396	4.8402	2.6096	Noun	1	548	1	Noun	548	4.0314	high	2	3	537.89	50.8	6	0	
1839	12200	40840	mirth	11	11	10	10	0.21569	1.0792	0.13114	1.0792	Noun	1	11	1	Noun	11	2.371	low	1	1	1431.37	28.75	5	3	
3185	22104	5075	bathe	128	115	114	104	2.5098	2.1106	1.371	2.0645	Verb	2	127	1	Verb	127	3.4024	high	2	1	499.35	28.75	5	2	
2291	15172	50527	projector	62	44	52	38	1.2157	1.7993	0.52456	1.6532	Noun	1	62	1	Noun	62	3.0912	high	2	3	416.75	45.88	9	1	
740	4847	15960	cyclist	5	5	5	5	0.098039	0.77815	0.059609	0.77815	Noun	1	4	1	Noun	4	2.07	low	1	3	620.59	60	7	0	
2219	14825	49219	porch	491	336	480	334	9.6275	2.692	4.0057	2.5276	Noun	1	491	1	Noun	491	3.9838	high	2	1	2021.79	41.25	5	4	
1412	9389	31248	hots	74	67	71	65	1.451	1.8751	0.79876	1.8325	Noun	1	74	1	Noun	74	3.1669	high	2	1	873.83	28.67	4	12	
1755	11612	38996	manpower	105	96	102	94	2.0588	2.0253	1.1445	1.9868	Noun	1	105	1	Noun	105	3.3171	high	2	3	560.76	63	8	0	
3012	20372	70506	urethane	5	3	4	3	0.098039	0.77815	0.035765	0.60206	Noun	1	5	1	Noun	5	2.07	low	1	3	411.01	50.14	8	0	
2141	14209	47435	pers	3	3	3	3	0.058824	0.60206	0.035765	0.60206	Noun	1	3	1	Noun	3	1.8939	low	1	1	2182.85	17.33	4	8	
1444	9649	32122	illusion	421	305	412	301	8.2549	2.6253	3.6361	2.4857	Noun	1	421	1	Noun	421	3.9171	high	2	3	600.15	45.29	8	1	
1605	10508	35666	kinetics	1	1	1	1	0.019608	0.30103	0.011922	0.30103	Noun	1	1	1	Noun	1	1.5929	low	1	3	584.39	65.86	8	0	
1355	8824	29439	harassment	300	188	287	180	5.8824	2.4786	2.2413	2.2765	Noun	1	300	1	Noun	300	3.7704	high	2	3	526.33	48.44	10	0	
3426	25058	30320	hert	9	1	0	0	0.17647	1	0.011922	0.30103	Verb	2	8	1	Verb	8	2.2918	low	1	1	3182.96	19.67	4	9	
525	3447	10963	chest	2090	1177	1940	1134	40.9804	3.3204	14.032	3.0711	Noun	1	2085	1	Noun	2085	4.6122	high	2	1	3547.22	32	5	3	
2010	13352	44565	ons	33	8	32	7	0.64706	1.5315	0.095374	0.95424	Noun	1	31	1	Noun	31	2.8233	high	2	1	1727.85	0.5	3	2	
2529	16446	55835	ruff	27	13	10	6	0.52941	1.4472	0.15498	1.1461	Noun	1	27	1	Noun	27	2.739	low	1	1	75.36	11	4	6	
1000	6380	21473	ende	1	1	1	1	0.019608	0.30103	0.011922	0.30103	Noun	1	1	1	Noun	1	1.5929	low	1	1	595.17	8.33	4	1	
3817	29128	66254	thwart	17	16	16	15	0.33333	1.2553	0.19075	1.2304	Verb	2	17	1	Verb	17	2.5471	low	1	1	697.84	26	6	0	
3286	23584	18262	dine	219	169	209	168	4.2941	2.3424	2.0148	2.2304	Verb	2	219	1	Verb	219	3.6343	high	2	1	1484.32	34	4	17	
3680	27482	53372	refurbish	4	4	4	4	0.078431	0.69897	0.047687	0.69897	Verb	2	4	1	Verb	4	1.9908	low	1	3	294.57	54.38	9	0	
3130	21356	73644	wreath	54	42	52	42	1.0588	1.7404	0.50072	1.6335	Noun	1	54	1	Noun	54	3.0322	high	2	1	425.78	39.2	6	1	
2884	19391	65969	thigh	191	152	177	146	3.7451	2.2833	1.8121	2.1847	Noun	1	191	1	Noun	191	3.5751	high	2	1	4717.87	21.5	5	0	
1738	11473	38598	maid	1164	614	1082	580	22.8235	3.0663	7.32	2.7889	Noun	1	1160	1	Noun	1160	4.3582	high	2	1	3542.57	26.33	4	7	
2533	16489	55955	ruse	85	72	85	72	1.6667	1.9345	0.85837	1.8633	Noun	1	85	1	Noun	85	3.2263	high	2	1	1316.46	20.67	4	9	
3716	27839	54617	retested	5	5	5	5	0.098039	0.77815	0.059609	0.77815	Verb	2	5	1	Verb	5	2.07	low	1	3	1856.15	220.57	8	1	
1946	13002	43423	node	25	20	25	20	0.4902	1.415	0.23844	1.3222	Noun	1	25	1	Noun	25	2.7068	low	1	1	796.06	16.33	4	10	
2619	17194	58085	settler	4	3	3	3	0.078431	0.69897	0.035765	0.60206	Noun	1	4	1	Noun	4	1.9908	low	1	3	1494.75	137.83	7	2	
1873	12454	41686	morn	45	39	42	36	0.88235	1.6628	0.46495	1.6021	Noun	1	45	1	Noun	45	2.9546	high	2	1	3078.2	25.33	4	10	
3321	23813	19747	dowse	2	2	2	2	0.039216	0.47712	0.023844	0.47712	Verb	2	2	1	Verb	2	1.769	low	1	1	1374.59	28.75	5	1	
289	1455	4636	bandana	12	11	12	11	0.23529	1.1139	0.13114	1.0792	Noun	1	12	1	Noun	12	2.4058	low	1	3	375.07	56.67	7	0	
2636	17268	58388	sheep	685	392	614	372	13.4314	2.8363	4.6733	2.5944	Noun	1	680	1	Noun	680	4.1282	high	2	1	2981.34	33	5	6	
3747	28232	58225	shall	9441	3061	7220	2422	185.1176	3.9751	36.4926	3.486	Verb	2	9432	1	Verb	9432	5.2669	high	2	1	1347.16	38.5	5	6	
346	1943	6313	biz	95	78	86	74	1.8627	1.9823	0.9299	1.8976	Noun	1	94	1	Noun	94	3.2741	high	2	1	290.14	3.5	3	5	
2732	18316	62232	stead	54	44	44	40	1.0588	1.7404	0.52456	1.6532	Noun	1	55	1	Noun	55	3.0322	high	2	1	1525.86	37.25	5	4	
1730	11413	38361	lynx	1	1	1	1	0.019608	0.30103	0.011922	0.30103	Noun	1	1	1	Noun	1	1.5929	low	1	1	0.67	1	4	0	
530	3529	11223	chloroform	51	34	38	30	1	1.716	0.40534	1.5441	Noun	1	51	1	Noun	51	3.0078	high	2	3	75.29	21.22	10	0	
1320	8558	28717	guerrilla	55	34	49	31	1.0784	1.7482	0.40534	1.5441	Noun	1	55	1	Noun	55	3.04	high	2	3	233.72	31.75	9	0	
3770	28547	60823	soothe	66	62	61	57	1.2941	1.8261	0.73915	1.7993	Verb	2	66	1	Verb	66	3.1179	high	2	1	434.5	35.2	6	0	
1172	7382	24968	flotation	20	17	20	17	0.39216	1.3222	0.20267	1.2553	Noun	1	20	1	Noun	20	2.6141	low	1	3	987.95	110.25	9	0	
3339	23973	21235	emigrate	14	7	14	7	0.27451	1.1761	0.083453	0.90309	Verb	2	14	1	Verb	14	2.4679	low	1	3	335.45	49.71	8	0	
2147	14230	47562	peseta	4	3	3	2	0.078431	0.69897	0.035765	0.60206	Noun	1	4	1	Noun	4	1.9908	low	1	3	708.54	25	6	0	
56	228	833	adoption	239	140	227	135	4.6863	2.3802	1.6691	2.1492	Noun	1	239	1	Noun	239	3.672	high	2	3	887.22	78.57	8	0	
1662	10927	36938	lep	21	1	0	0	0.41176	1.3424	0.011922	0.30103	Noun	1	21	1	Noun	21	2.6343	low	1	1	310.95	4.5	3	12	
1132	7106	24135	fides	3	3	3	3	0.058824	0.60206	0.035765	0.60206	Noun	1	3	1	Noun	3	1.8939	low	1	1	1773.58	80.25	5	11	
1394	9180	30538	hinge	29	27	27	27	0.56863	1.4771	0.32189	1.4472	Noun	1	29	1	Noun	29	2.769	high	2	1	600.38	39.5	5	2	
147	679	2177	anecdote	55	41	55	41	1.0784	1.7482	0.48879	1.6232	Noun	1	55	1	Noun	55	3.04	high	2	3	256.35	30.43	8	0	
3329	23907	20873	eke	4	4	4	4	0.078431	0.69897	0.047687	0.69897	Verb	2	4	1	Verb	4	1.9908	low	1	1	0	0	3	4	
2812	18914	64490	sym	1	1	1	1	0.019608	0.30103	0.011922	0.30103	Noun	1	1	1	Noun	1	1.5929	low	1	1	2.04	0.5	3	2	
2964	20020	68029	tsar	19	10	3	3	0.37255	1.301	0.11922	1.0414	Noun	1	19	1	Noun	19	2.5929	low	1	1	487.69	8.33	4	1	
3255	23140	15265	criticize	110	98	109	97	2.1569	2.0453	1.1683	1.9956	Verb	2	110	1	Verb	110	3.3372	high	2	3	272.28	44.38	9	0	
2841	19134	65154	taverna	2	2	2	2	0.039216	0.47712	0.023844	0.47712	Noun	1	2	1	Noun	2	1.769	low	1	3	408.69	35	7	1	
3406	24833	27407	glamorize	1	1	1	1	0.019608	0.30103	0.011922	0.30103	Verb	2	1	1	Verb	1	1.5929	low	1	3	251.99	53.88	9	0	
3525	26116	41655	moralize	1	1	1	1	0.019608	0.30103	0.011922	0.30103	Verb	2	1	1	Verb	1	1.5929	low	1	3	383.05	77.71	8	0	
727	4764	15726	cunt	350	176	313	165	6.8627	2.5453	2.0982	2.248	Noun	1	349	1	Noun	349	3.8371	high	2	1	820.72	24	4	8	
928	5816	19652	dough	810	407	783	400	15.8824	2.909	4.8522	2.6107	Noun	1	809	1	Noun	809	4.2009	high	2	1	2340.21	27	5	4	
1896	12596	42077	mule	358	213	323	202	7.0196	2.5551	2.5393	2.3304	Noun	1	357	1	Noun	357	3.8469	high	2	1	1214.55	22	4	8	
1457	9698	32437	importance	390	334	390	334	7.6471	2.5922	3.9819	2.525	Noun	1	391	1	Noun	391	3.884	high	2	3	453.78	49.56	10	0	
744	4870	16007	czar	35	20	20	10	0.68627	1.5563	0.23844	1.3222	Noun	1	35	1	Noun	35	2.8481	high	2	1	487.69	8.33	4	1	
2057	13613	45716	owl	286	137	191	117	5.6078	2.4579	1.6333	2.1399	Noun	1	286	1	Noun	286	3.7497	high	2	1	467.29	2	3	3	
3485	25672	36015	kvetch	1	1	1	1	0.019608	0.30103	0.011922	0.30103	Verb	2	1	1	Verb	1	1.5929	low	1	1	167.2	14.8	6	0	
2339	15423	51422	pussyfoot	7	7	7	7	0.13725	0.90309	0.083453	0.90309	Noun	1	7	1	Noun	7	2.1949	low	1	3	105.98	15.75	9	0	
1014	6426	21668	enlarger	7	4	6	4	0.13725	0.90309	0.047687	0.69897	Noun	1	7	1	Noun	7	2.1949	low	1	3	495.33	55.57	8	2	
3277	23496	17717	determine	428	374	422	370	8.3922	2.6325	4.4588	2.574	Verb	2	428	1	Verb	428	3.9243	high	2	3	945.4	161	9	0	
2967	20047	68106	tuition	206	140	191	131	4.0392	2.316	1.6691	2.1492	Noun	1	205	1	Noun	205	3.6078	high	2	3	898.12	68.17	7	0	
853	5457	18203	dilemma	133	114	123	107	2.6078	2.1271	1.3591	2.0607	Noun	1	134	1	Noun	134	3.4189	high	2	3	266.66	27.5	7	0	
1589	10349	35149	jujitsu	16	13	13	11	0.31373	1.2304	0.15498	1.1461	Noun	1	15	1	Noun	15	2.5223	low	1	3	81.41	8.17	7	0	
3068	20752	71584	vocation	42	37	42	37	0.82353	1.6335	0.44111	1.5798	Noun	1	42	1	Noun	42	2.9253	high	2	3	912.52	83.86	8	2	
3615	26948	49757	predicate	1	1	1	1	0.019608	0.30103	0.011922	0.30103	Verb	2	1	1	Verb	1	1.5929	low	1	3	499.39	67.25	9	0	
335	1810	5897	beverage	119	99	112	92	2.3333	2.0792	1.1803	2	Noun	1	119	1	Noun	119	3.371	high	2	3	526.06	63.57	8	1	
3483	25649	35794	knead	9	5	8	5	0.17647	1	0.059609	0.77815	Verb	2	9	1	Verb	9	2.2918	low	1	1	758.92	20.75	5	0	
3625	27059	50604	pronged	2	2	2	2	0.039216	0.47712	0.023844	0.47712	Verb	2	2	1	Verb	2	1.769	low	1	1	2172.28	209.5	7	1	
2928	19750	67046	tournedos	1	1	1	1	0.019608	0.30103	0.011922	0.30103	Noun	1	1	1	Noun	1	1.5929	low	1	3	106.67	18.5	9	0	
1614	10583	35867	knorr	1	1	0	0	0.019608	0.30103	0.011922	0.30103	Noun	1	1	1	Noun	1	1.5929	low	1	1	414.2	14.75	5	0	
967	6193	20722	eel	73	52	64	50	1.4314	1.8692	0.61993	1.7243	Noun	1	72	1	Noun	72	3.1611	high	2	1	4.66	1.5	3	1	
8	26	89	abeyance	2	2	2	2	0.039216	0.47712	0.023844	0.47712	Noun	1	2	1	Noun	2	1.769	low	1	3	374.36	28.29	8	0	
2318	15267	50895	prow	6	6	6	6	0.11765	0.8451	0.071531	0.8451	Noun	1	6	1	Noun	6	2.1369	low	1	1	2159.77	13.67	4	7	
309	1619	5139	baud	1	1	1	1	0.019608	0.30103	0.011922	0.30103	Noun	1	1	1	Noun	1	1.5929	low	1	1	686.83	13.67	4	4	
3143	21447	73966	yew	2	2	2	2	0.039216	0.47712	0.023844	0.47712	Noun	1	2	1	Noun	2	1.769	low	1	1	1453.95	6	3	10	
2778	18653	63546	suddenness	9	9	8	8	0.17647	1	0.1073	1	Noun	1	9	1	Noun	9	2.2918	low	1	3	169.74	51.33	10	0	
3617	26958	49803	preen	3	3	3	3	0.058824	0.60206	0.035765	0.60206	Verb	2	3	1	Verb	3	1.8939	low	1	1	1413.93	38	5	1	
1309	8493	28486	gro	7	5	2	2	0.13725	0.90309	0.059609	0.77815	Noun	1	7	1	Noun	7	2.1949	low	1	1	6.37	1	3	3	
1776	11759	39483	matinee	58	51	53	47	1.1373	1.7709	0.60801	1.716	Noun	1	58	1	Noun	58	3.0627	high	2	3	624.58	64.5	7	0	
3132	21364	73672	wretch	83	68	81	67	1.6275	1.9243	0.81068	1.8388	Noun	1	83	1	Noun	83	3.2161	high	2	1	283.54	29	6	1	
1315	8529	28614	growth	329	243	320	238	6.451	2.5185	2.897	2.3874	Noun	1	327	1	Noun	327	3.8103	high	2	1	659.03	37.8	6	0	
2077	13786	46153	pap	66	39	44	27	1.2941	1.8261	0.46495	1.6021	Noun	1	77	1	Noun	77	3.1179	high	2	1	206.2	10	3	22	
2237	14960	49623	prance	39	25	36	24	0.76471	1.6021	0.29804	1.415	Noun	1	39	1	Noun	39	2.8939	high	2	1	744.12	56.6	6	2	
2827	18989	64719	tact	56	54	50	48	1.098	1.7559	0.64378	1.7404	Noun	1	55	1	Noun	55	3.0477	high	2	1	1677.54	17	4	5	
2546	16580	56231	saleswoman	15	15	15	15	0.29412	1.2041	0.17883	1.2041	Noun	1	15	1	Noun	15	2.496	low	1	3	64.04	16.44	10	0	
739	4840	15929	cuttlefish	10	4	9	4	0.19608	1.0414	0.047687	0.69897	Noun	1	10	1	Noun	10	2.3332	low	1	3	85.33	24.56	10	0	
50	212	766	adjutant	45	26	36	20	0.88235	1.6628	0.30997	1.4314	Noun	1	45	1	Noun	45	2.9546	high	2	3	343.77	41.14	8	0	
351	2014	6629	blog	33	25	32	25	0.64706	1.5315	0.29804	1.415	Noun	1	33	1	Noun	33	2.8233	high	2	1	152	13	4	7	
2932	19813	67225	trait	55	54	55	54	1.0784	1.7482	0.64378	1.7404	Noun	1	55	1	Noun	55	3.04	high	2	1	1019.19	43.5	5	3	
2259	15030	49952	pres	19	13	7	6	0.37255	1.301	0.15498	1.1461	Noun	1	13	1	Noun	13	2.5929	low	1	1	761.68	19	4	5	
3821	29198	67018	toughed	1	1	1	1	0.019608	0.30103	0.011922	0.30103	Verb	2	1	1	Verb	1	1.5929	low	1	1	2087.21	205	7	5	
2990	20233	68997	underclass	3	3	3	3	0.058824	0.60206	0.035765	0.60206	Noun	1	3	1	Noun	3	1.8939	low	1	3	442.37	56.78	10	0	
380	2281	7468	bourn	2	2	2	2	0.039216	0.47712	0.023844	0.47712	Noun	1	2	1	Noun	2	1.769	low	1	1	2375.85	33.25	5	1	
1773	11736	39399	masterwork	2	2	2	2	0.039216	0.47712	0.023844	0.47712	Noun	1	2	1	Noun	2	1.769	low	1	3	205.22	41.89	10	0	
2665	17647	59678	slang	71	55	65	52	1.3922	1.8573	0.6557	1.7482	Noun	1	71	1	Noun	71	3.1492	high	2	1	1942.76	46.75	5	4	
1788	11867	39822	megabyte	2	2	2	2	0.039216	0.47712	0.023844	0.47712	Noun	1	2	1	Noun	2	1.769	low	1	3	208.07	29.57	8	0	
3664	27365	52921	reconquer	2	2	2	2	0.039216	0.47712	0.023844	0.47712	Verb	2	2	1	Verb	2	1.769	low	1	3	397.22	60.75	9	0	
821	5301	17676	detachment	65	49	54	41	1.2745	1.8195	0.58417	1.699	Noun	1	65	1	Noun	65	3.1114	high	2	3	551.42	53.22	10	0	
2935	19826	67306	transducer	10	7	9	7	0.19608	1.0414	0.083453	0.90309	Noun	1	10	1	Noun	10	2.3332	low	1	3	128.79	35.11	10	0	
228	1106	3501	assistance	558	447	532	429	10.9412	2.7474	5.329	2.6513	Noun	1	557	1	Noun	557	4.0392	high	2	3	413.94	47.44	10	0	
1393	9173	30508	hilt	28	27	28	27	0.54902	1.4624	0.32189	1.4472	Noun	1	28	1	Noun	28	2.7542	low	1	1	1387	24	4	9	
1927	12846	42942	neophyte	8	8	7	7	0.15686	0.95424	0.095374	0.95424	Noun	1	8	1	Noun	8	2.2461	low	1	3	175.03	28.86	8	0	
2271	15120	50293	prix	29	17	2	2	0.56863	1.4771	0.20267	1.2553	Noun	1	29	1	Noun	29	2.769	high	2	1	69.83	9.33	4	2	
3750	28246	58370	sheathe	5	5	4	4	0.098039	0.77815	0.059609	0.77815	Verb	2	5	1	Verb	5	2.07	low	1	1	462.91	43.83	7	1	
2235	14951	49579	pox	75	54	74	53	1.4706	1.8808	0.64378	1.7404	Noun	1	76	1	Noun	76	3.1726	high	2	1	74.1	4.5	3	8	
2373	15700	52345	rationale	19	19	19	19	0.37255	1.301	0.22651	1.301	Noun	1	19	1	Noun	19	2.5929	low	1	3	252.03	46.63	9	0	
1202	7642	25770	franc	41	27	36	22	0.80392	1.6232	0.32189	1.4472	Noun	1	41	1	Noun	41	2.9151	high	2	1	729.6	38	5	1	
1727	11406	38341	lymph	14	12	14	12	0.27451	1.1761	0.14306	1.1139	Noun	1	14	1	Noun	14	2.4679	low	1	1	45.49	9	5	1	
3627	27082	50725	prosecute	144	117	141	116	2.8235	2.1614	1.3948	2.0719	Verb	2	144	1	Verb	144	3.4532	high	2	3	465.11	56.75	9	0	
583	3938	12581	collision	137	100	118	90	2.6863	2.1399	1.1922	2.0043	Noun	1	136	1	Noun	136	3.4317	high	2	3	1050.63	112.75	9	1	
1608	10535	35734	kitchener	1	1	0	0	0.019608	0.30103	0.011922	0.30103	Noun	1	1	1	Noun	1	1.5929	low	1	3	270.79	50.13	9	0	
3093	20967	72200	waterworks	23	20	20	18	0.45098	1.3802	0.23844	1.3222	Noun	1	23	1	Noun	23	2.672	low	1	3	266.12	36.22	10	0	
2086	13817	46237	paragon	15	14	14	14	0.29412	1.2041	0.16691	1.1761	Noun	1	15	1	Noun	15	2.496	low	1	3	736.08	69.67	7	0	
2183	14567	48502	plaque	106	65	102	63	2.0784	2.0294	0.77492	1.8195	Noun	1	106	1	Noun	106	3.3212	high	2	1	351.66	29.2	6	1	
1863	12386	41478	monologue	58	37	57	36	1.1373	1.7709	0.44111	1.5798	Noun	1	58	1	Noun	58	3.0627	high	2	3	237.1	34.25	9	0	
2794	18785	64023	surety	7	6	7	6	0.13725	0.90309	0.071531	0.8451	Noun	1	7	1	Noun	7	2.1949	low	1	3	827.73	53.6	6	1	
1216	7712	26057	frist	1	1	1	1	0.019608	0.30103	0.011922	0.30103	Noun	1	1	1	Noun	1	1.5929	low	1	1	1143.9	38.25	5	4	
446	2881	9304	cannabis	23	20	21	18	0.45098	1.3802	0.23844	1.3222	Noun	1	23	1	Noun	23	2.672	low	1	3	225.31	40.29	8	0	
374	2251	7376	botany	20	19	17	16	0.39216	1.3222	0.22651	1.301	Noun	1	20	1	Noun	20	2.6141	low	1	3	468.35	37.2	6	0	
1300	8399	28163	grape	204	137	163	116	4	2.3118	1.6333	2.1399	Noun	1	204	1	Noun	204	3.6036	high	2	1	764.32	39.75	5	8	
1321	8576	28759	guile	52	27	49	25	1.0196	1.7243	0.32189	1.4472	Noun	1	52	1	Noun	52	3.0161	high	2	1	1414.74	31	5	4	
1057	6662	22523	evidence	4335	1755	4177	1721	85	3.6371	20.9227	3.2445	Noun	1	4332	1	Noun	4332	4.9289	high	2	3	700.81	38.57	8	0	
3486	25676	36070	lacerate	1	1	1	1	0.019608	0.30103	0.011922	0.30103	Verb	2	1	1	Verb	1	1.5929	low	1	3	556.48	74.43	8	0	
2782	18672	63607	suggestion	622	519	617	517	12.1961	2.7945	6.1874	2.716	Noun	1	622	1	Noun	622	4.0863	high	2	3	990.39	119.89	10	0	
2571	16804	56930	schlock	6	6	6	6	0.11765	0.8451	0.071531	0.8451	Noun	1	6	1	Noun	6	2.1369	low	1	1	151.42	27.83	7	0	
3006	20323	70362	upbringing	59	56	59	56	1.1569	1.7782	0.66762	1.7559	Noun	1	59	1	Noun	59	3.07	high	2	3	465.94	125.67	10	0	
749	4902	16086	dal	15	7	0	0	0.29412	1.2041	0.083453	0.90309	Noun	1	15	1	Noun	15	2.496	low	1	1	407.2	3	3	6	
1700	11193	37695	location	1263	823	1213	799	24.7647	3.1017	9.8116	2.9159	Noun	1	1258	1	Noun	1258	4.3936	high	2	3	921.47	87.43	8	1	
1204	7653	25831	fraud	512	342	492	332	10.0392	2.7101	4.0773	2.5353	Noun	1	512	1	Noun	512	4.002	high	2	1	456.04	27.75	5	0	
268	1295	4180	ayes	9	9	9	9	0.17647	1	0.1073	1	Noun	1	9	1	Noun	9	2.2918	low	1	1	629.94	12	4	7	
2541	16534	56105	sadism	9	8	9	8	0.17647	1	0.095374	0.95424	Noun	1	9	1	Noun	9	2.2918	low	1	3	262.54	38.6	6	1	
2882	19388	65964	thief	1238	704	1143	670	24.2745	3.0931	8.3929	2.8482	Noun	1	1236	1	Noun	1236	4.3849	high	2	1	4869.56	26	5	1	
2347	15483	51629	quart	106	77	100	74	2.0784	2.0294	0.91798	1.8921	Noun	1	105	1	Noun	105	3.3212	high	2	1	1125.3	28	5	0	
1958	13053	43662	noose	111	89	111	89	2.1765	2.0492	1.061	1.9542	Noun	1	110	1	Noun	110	3.3411	high	2	1	1751.33	37.25	5	4	
1341	8688	29073	hafnium	1	1	1	1	0.019608	0.30103	0.011922	0.30103	Noun	1	1	1	Noun	1	1.5929	low	1	3	316.78	35.5	7	0	
287	1434	4585	ballplayer	32	22	31	21	0.62745	1.5185	0.26228	1.3617	Noun	1	32	1	Noun	32	2.8103	high	2	3	73.24	25.89	10	0	
906	5660	19205	divorcee	24	21	22	19	0.47059	1.3979	0.25036	1.3424	Noun	1	24	1	Noun	24	2.6898	low	1	3	347.01	43.71	8	2	
29	105	422	accrual	2	2	2	2	0.039216	0.47712	0.023844	0.47712	Noun	1	2	1	Noun	2	1.769	low	1	3	435.33	26.67	7	0	
480	3115	9970	catacomb	5	4	3	3	0.098039	0.77815	0.047687	0.69897	Noun	1	5	1	Noun	5	2.07	low	1	3	277.97	37.57	8	0	
3637	27228	52336	ratify	6	6	6	6	0.11765	0.8451	0.071531	0.8451	Verb	2	6	1	Verb	6	2.1369	low	1	3	745.44	40.6	6	0	
3262	23277	16659	decompose	24	20	23	19	0.47059	1.3979	0.23844	1.3222	Verb	2	24	1	Verb	24	2.6898	low	1	3	305.46	39.5	9	0	
3256	23146	15327	croon	12	9	12	9	0.23529	1.1139	0.1073	1	Verb	2	12	1	Verb	12	2.4058	low	1	1	864.74	44.5	5	2	
936	5893	19866	drawer	663	462	654	456	13	2.8222	5.5079	2.6656	Noun	1	662	1	Noun	662	4.114	high	2	1	1605.16	113	6	1	
1638	10786	36498	lauds	2	1	1	1	0.039216	0.47712	0.011922	0.30103	Noun	1	2	1	Noun	2	1.769	low	1	1	778.89	32.5	5	1	
1830	12137	40667	min	219	60	38	30	4.2941	2.3424	0.71531	1.7853	Noun	1	207	1	Noun	207	3.6343	high	2	1	97.48	7	3	14	
