numid|f	X|f	Word|s	Unnamed|f	FREQcount|f	Cdcount|f	FREQlow|f	Cdlow|f	SUBTLWF|f	Lg10WF|f	SUBTLCD|f	Lg10CD|f	Dom_PoS_SUBTLEX|s	Freq_dom_PoS_SUBTLEX|f	Percentage_dom_PoS|f	Zipfvalue|f	cmu_sylls|f	BF_TP|f	LEN_L|f	N|f	Zipfvalue_incl|f	Zipfvalue_cat|s	cond_name|s	cond_code|f	trigger_code|f	len|f	corr_resp|f	fix_code|f	word_code|f	delay_code|f	audioresp_code|f	
18380	62491	stiletto	17	17	15	14	14	0.33333	1.2553	0.17883	1.2041	Noun	17	1	2.5471	3	38.71	8	0	1	low	low3	4	40	1	2	41	42	43	44	
8546	28680	guarantor	9	9	7	8	6	0.17647	1	0.083453	0.90309	Noun	9	1	2.2918	3	43	9	0	1	low	low3	4	40	1	2	41	42	43	44	
5376	17957	dialog	6	6	6	6	6	0.11765	0.8451	0.071531	0.8451	Noun	6	1	2.1369	3	20.2	6	0	1	low	low3	4	40	1	2	41	42	43	44	
12135	40660	mimicry	4	4	4	4	4	0.078431	0.69897	0.047687	0.69897	Noun	4	1	1.9908	3	37.67	7	0	1	low	low3	4	40	1	2	41	42	43	44	
5622	19033	distances	46	46	44	45	43	0.90196	1.6721	0.52456	1.6532	Noun	46	1	2.9639	3	107.13	9	1	1	low	low3	4	40	1	2	41	42	43	44	
11370	38224	lunacy	51	51	43	45	42	1	1.716	0.51264	1.6435	Noun	51	1	3.0078	3	20.6	6	0	1	low	low3	4	40	1	2	41	42	43	44	
1006	3214	arrowheads	10	10	10	10	10	0.19608	1.0414	0.11922	1.0414	Noun	10	1	2.3332	3	12.78	10	0	1	low	low3	4	40	1	2	41	42	43	44	
5433	18143	digestion	52	52	46	52	46	1.0196	1.7243	0.5484	1.6721	Noun	52	1	3.0161	3	119.38	9	0	1	low	low3	4	40	1	2	41	42	43	44	
14994	49735	precursor	7	7	7	7	7	0.13725	0.90309	0.083453	0.90309	Noun	7	1	2.1949	3	48.25	9	0	1	low	low3	4	40	1	2	41	42	43	44	
15038	49994	preserver	14	14	13	14	13	0.27451	1.1761	0.15498	1.1461	Noun	14	1	2.4679	3	75.5	9	2	1	low	low3	4	40	1	2	41	42	43	44	
1636	5198	beads	180	180	106	167	100	3.5294	2.2577	1.2637	2.0294	Noun	180	1	3.5495	1	53	5	11	1	low	low1	3	30	1	2	31	32	33	34	
11688	39229	marriages	199	199	162	192	158	3.902	2.301	1.9313	2.2122	Noun	199	1	3.5929	3	89.38	9	1	1	low	low3	4	40	1	2	41	42	43	44	
6259	20935	electrics	13	13	10	13	10	0.2549	1.1461	0.11922	1.0414	Noun	13	1	2.438	3	51.13	9	0	1	low	low3	4	40	1	2	41	42	43	44	
18584	63250	subculture	6	6	6	6	6	0.11765	0.8451	0.071531	0.8451	Noun	6	1	2.1369	3	25.89	10	0	1	low	low3	4	40	1	2	41	42	43	44	
13544	45184	outpatient	31	31	28	29	26	0.60784	1.5051	0.33381	1.4624	Noun	31	1	2.797	3	47.56	10	0	1	low	low3	4	40	1	2	41	42	43	44	
12457	41693	moroccans	2	2	2	0	0	0.039216	0.47712	0.023844	0.47712	Noun	2	1	1.769	3	51.25	9	0	1	low	low3	4	40	1	2	41	42	43	44	
7168	24334	fingernail	68	68	50	66	48	1.3333	1.8388	0.59609	1.7076	Noun	68	1	3.1307	3	23.78	10	0	1	low	low3	4	40	1	2	41	42	43	44	
15094	50223	princesses	66	66	38	61	33	1.2941	1.8261	0.45303	1.5911	Noun	66	1	3.1179	3	75.89	10	0	1	low	low3	4	40	1	2	41	42	43	44	
17014	57577	sediment	21	21	12	21	12	0.41176	1.3424	0.14306	1.1139	Noun	21	1	2.6343	3	56.29	8	1	1	low	low3	4	40	1	2	41	42	43	44	
16086	54457	responder	1	1	1	1	1	0.019608	0.30103	0.011922	0.30103	Noun	1	1	1.5929	3	81.38	9	1	1	low	low3	4	40	1	2	41	42	43	44	
17883	60682	soles	47	47	40	46	39	0.92157	1.6812	0.47687	1.6128	Noun	47	1	2.9731	1	82.25	5	9	1	low	low1	3	30	1	2	31	32	33	34	
7012	23861	feist	1	1	1	0	0	0.019608	0.30103	0.011922	0.30103	Noun	1	1	1.5929	1	23.75	5	2	1	low	low1	3	30	1	2	31	32	33	34	
6426	21668	enlarger	7	7	4	6	4	0.13725	0.90309	0.047687	0.69897	Noun	7	1	2.1949	3	55.57	8	2	1	low	low3	4	40	1	2	41	42	43	44	
15734	52494	readership	11	11	10	9	8	0.21569	1.0792	0.11922	1.0414	Noun	11	1	2.371	3	51.33	10	1	1	low	low3	4	40	1	2	41	42	43	44	
7309	24711	flattery	70	70	65	53	49	1.3725	1.8513	0.77492	1.8195	Noun	70	1	3.1431	3	85.14	8	1	1	low	low3	4	40	1	2	41	42	43	44	
5056	16596	decider	6	6	5	6	5	0.11765	0.8451	0.059609	0.77815	Noun	6	1	2.1369	3	103.67	7	2	1	low	low3	4	40	1	2	41	42	43	44	
16948	57405	seafarer	3	3	3	3	3	0.058824	0.60206	0.035765	0.60206	Noun	3	1	1.8939	3	88.71	8	0	1	low	low3	4	40	1	2	41	42	43	44	
279	986	aerosol	14	14	10	14	10	0.27451	1.1761	0.11922	1.0414	Noun	14	1	2.4679	3	25.83	7	0	1	low	low3	4	40	1	2	41	42	43	44	
18318	62246	steaks	204	204	145	184	137	4	2.3118	1.7287	2.1644	Noun	204	1	3.6036	1	52.6	6	2	1	low	low1	3	30	1	2	31	32	33	34	
5369	17944	dialect	68	68	54	63	51	1.3333	1.8388	0.64378	1.7404	Noun	68	1	3.1307	3	44.17	7	0	1	low	low3	4	40	1	2	41	42	43	44	
18612	63380	subscriber	21	21	15	21	15	0.41176	1.3424	0.17883	1.2041	Noun	21	1	2.6343	3	35.78	10	1	1	low	low3	4	40	1	2	41	42	43	44	
13598	45581	oversea	2	2	2	1	1	0.039216	0.47712	0.023844	0.47712	Noun	2	1	1.769	3	31.33	7	1	1	low	low3	4	40	1	2	41	42	43	44	
5336	17828	devices	188	188	154	186	152	3.6863	2.2765	1.836	2.1903	Noun	188	1	3.5683	3	123.17	7	0	1	low	low3	4	40	1	2	41	42	43	44	
2243	7340	borrowings	2	2	1	2	1	0.039216	0.47712	0.011922	0.30103	Noun	2	1	1.769	3	29	10	0	1	low	low3	4	40	1	2	41	42	43	44	
13859	46356	parentage	8	8	8	8	8	0.15686	0.95424	0.095374	0.95424	Noun	8	1	2.2461	3	63.5	9	0	1	low	low3	4	40	1	2	41	42	43	44	
7350	24869	flirtation	36	36	28	28	26	0.70588	1.5682	0.33381	1.4624	Noun	36	1	2.86	3	130.56	10	0	1	low	low3	4	40	1	2	41	42	43	44	
15981	53903	rendition	22	22	22	22	22	0.43137	1.3617	0.26228	1.3617	Noun	22	1	2.6536	3	134.63	9	0	1	low	low3	4	40	1	2	41	42	43	44	
12327	41321	moles	41	41	23	28	21	0.80392	1.6232	0.2742	1.3802	Noun	41	1	2.9151	1	86.75	5	13	1	low	low1	3	30	1	2	31	32	33	34	
6973	23679	fats	48	48	28	30	13	0.94118	1.6902	0.33381	1.4624	Noun	48	1	2.982	1	29.67	4	14	1	low	low1	3	30	1	2	31	32	33	34	
11836	39736	media	1137	1137	852	709	483	22.2941	3.0561	10.1574	2.9309	Noun	1134	1	4.348	2	13.5	5	1	1	high	high3	2	20	1	2	21	22	23	24	
10423	35461	keratin	2	2	1	2	1	0.039216	0.47712	0.011922	0.30103	Noun	2	1	1.769	3	46.5	7	0	1	low	low3	4	40	1	2	41	42	43	44	
16923	57319	scrutiny	58	58	53	57	53	1.1373	1.7709	0.63186	1.7324	Noun	58	1	3.0627	3	175.71	8	0	1	low	low3	4	40	1	2	41	42	43	44	
18011	61058	spam	59	59	41	16	7	1.1569	1.7782	0.48879	1.6232	Noun	59	1	3.07	1	11	4	7	1	low	low1	3	30	1	2	31	32	33	34	
12067	40473	midsection	19	19	17	18	16	0.37255	1.301	0.20267	1.2553	Noun	18	1	2.5929	3	119.56	10	0	1	low	low3	4	40	1	2	41	42	43	44	
10513	35677	kingmaker	3	3	3	2	2	0.058824	0.60206	0.035765	0.60206	Noun	3	1	1.8939	3	29.38	9	0	1	low	low3	4	40	1	2	41	42	43	44	
8000	26980	generics	1	1	1	1	1	0.019608	0.30103	0.011922	0.30103	Noun	1	1	1.5929	3	68	8	1	1	low	low3	4	40	1	2	41	42	43	44	
16851	57058	scones	40	40	29	37	27	0.78431	1.6128	0.34573	1.4771	Noun	40	1	2.9046	1	99.8	6	3	1	low	low1	3	30	1	2	31	32	33	34	
20248	69106	underside	12	12	12	12	12	0.23529	1.1139	0.14306	1.1139	Noun	12	1	2.4058	3	70.88	9	0	1	low	low3	4	40	1	2	41	42	43	44	
9469	31498	humorist	2	2	2	2	2	0.039216	0.47712	0.023844	0.47712	Noun	2	1	1.769	3	73	8	0	1	low	low3	4	40	1	2	41	42	43	44	
5745	19454	dominos	5	5	3	5	3	0.098039	0.77815	0.035765	0.60206	Noun	5	1	2.07	3	30.83	7	0	1	low	low3	4	40	1	2	41	42	43	44	
13311	44461	olds	24	24	24	18	18	0.47059	1.3979	0.28612	1.3979	Noun	24	1	2.6898	1	7.33	4	1	1	low	low1	3	30	1	2	31	32	33	34	
4071	13149	computers	551	551	334	502	318	10.8039	2.7419	3.9819	2.525	Noun	552	1	4.0338	3	91.75	9	1	1	high	high3	2	20	1	2	21	22	23	24	
16085	54456	respondent	7	7	6	6	5	0.13725	0.90309	0.071531	0.8451	Noun	7	1	2.1949	3	66.22	10	1	1	low	low3	4	40	1	2	41	42	43	44	
20678	71388	vintages	1	1	1	1	1	0.019608	0.30103	0.011922	0.30103	Noun	1	1	1.5929	3	104.14	8	0	1	low	low3	4	40	1	2	41	42	43	44	
10349	35149	jujitsu	16	16	13	13	11	0.31373	1.2304	0.15498	1.1461	Noun	15	1	2.5223	3	8.17	7	0	1	low	low3	4	40	1	2	41	42	43	44	
17258	58367	shears	48	48	34	44	33	0.94118	1.6902	0.40534	1.5441	Noun	48	1	2.982	1	66	6	3	1	low	low1	3	30	1	2	31	32	33	34	
18451	62729	storybook	27	27	24	26	23	0.52941	1.4472	0.28612	1.3979	Noun	27	1	2.739	3	25.38	9	0	1	low	low3	4	40	1	2	41	42	43	44	
7568	25507	fork	450	450	316	390	285	8.8235	2.6542	3.7673	2.5011	Noun	449	1	3.946	1	24.67	4	8	1	high	high1	1	10	1	2	11	12	13	14	
18729	63762	sunglasses	201	201	136	185	129	3.9412	2.3054	1.6214	2.1367	Noun	200	1	3.5972	3	65.11	10	0	1	low	low3	4	40	1	2	41	42	43	44	
15067	50120	prevention	32	32	31	21	20	0.62745	1.5185	0.36958	1.5051	Noun	32	1	2.8103	3	137.56	10	0	1	low	low3	4	40	1	2	41	42	43	44	
15983	53906	renegade	68	68	57	64	54	1.3333	1.8388	0.67954	1.7634	Noun	68	1	3.1307	3	59.14	8	0	1	low	low3	4	40	1	2	41	42	43	44	
11130	37512	litany	6	6	6	6	6	0.11765	0.8451	0.071531	0.8451	Noun	6	1	2.1369	3	33.2	6	0	1	low	low3	4	40	1	2	41	42	43	44	
8820	29419	happenings	20	20	18	19	17	0.39216	1.3222	0.21459	1.2788	Noun	20	1	2.6141	3	31.11	10	0	1	low	low3	4	40	1	2	41	42	43	44	
14413	48099	pilgrimage	58	58	47	57	46	1.1373	1.7709	0.56032	1.6812	Noun	58	1	3.0627	3	15.11	10	0	1	low	low3	4	40	1	2	41	42	43	44	
7646	25784	francs	261	261	79	256	77	5.1176	2.4183	0.94182	1.9031	Noun	261	1	3.7101	1	49.4	6	1	1	high	high1	1	10	1	2	11	12	13	14	
12212	40925	miseries	15	15	14	15	14	0.29412	1.2041	0.16691	1.1761	Noun	15	1	2.496	3	150.86	8	0	1	low	low3	4	40	1	2	41	42	43	44	
15570	51925	racketeers	6	6	6	6	6	0.11765	0.8451	0.071531	0.8451	Noun	6	1	2.1369	3	34.11	10	0	1	low	low3	4	40	1	2	41	42	43	44	
3124	9990	catalyst	40	40	31	40	31	0.78431	1.6128	0.36958	1.5051	Noun	40	1	2.9046	3	49.43	8	0	1	low	low3	4	40	1	2	41	42	43	44	
11467	38576	magnolias	13	13	10	5	4	0.2549	1.1461	0.11922	1.0414	Noun	13	1	2.438	3	42.88	9	0	1	low	low3	4	40	1	2	41	42	43	44	
19429	66119	thrift	22	22	20	20	18	0.43137	1.3617	0.23844	1.3222	Noun	22	1	2.6536	1	35.4	6	1	1	low	low1	3	30	1	2	31	32	33	34	
15144	50395	prodigal	57	57	51	50	46	1.1176	1.7634	0.60801	1.716	Noun	57	1	3.0553	3	64	8	0	1	low	low3	4	40	1	2	41	42	43	44	
7323	24760	fleck	7	7	4	3	3	0.13725	0.90309	0.047687	0.69897	Noun	7	1	2.1949	1	31.5	5	2	1	low	low1	3	30	1	2	31	32	33	34	
9699	32442	importer	13	13	11	12	10	0.2549	1.1461	0.13114	1.0792	Noun	13	1	2.438	3	88.14	8	1	1	low	low3	4	40	1	2	41	42	43	44	
2391	7836	brewery	92	92	35	79	32	1.8039	1.9685	0.41726	1.5563	Noun	92	1	3.2603	3	98	7	1	1	low	low3	4	40	1	2	41	42	43	44	
73	266	abundance	45	45	41	45	41	0.88235	1.6628	0.48879	1.6232	Noun	45	1	2.9546	3	40.75	9	0	1	low	low3	4	40	1	2	41	42	43	44	
10350	35155	jukeboxes	4	4	4	4	4	0.078431	0.69897	0.047687	0.69897	Noun	4	1	1.9908	3	47.63	9	0	1	low	low3	4	40	1	2	41	42	43	44	
8480	28428	grime	21	21	20	21	20	0.41176	1.3424	0.23844	1.3222	Noun	21	1	2.6343	1	36.25	5	3	1	low	low1	3	30	1	2	31	32	33	34	
2783	9029	calculus	47	47	39	38	32	0.92157	1.6812	0.46495	1.6021	Noun	47	1	2.9731	3	35.43	8	0	1	low	low3	4	40	1	2	41	42	43	44	
13393	44695	oppressors	25	25	19	22	18	0.4902	1.415	0.22651	1.301	Noun	23	1	2.7068	3	52.11	10	0	1	low	low3	4	40	1	2	41	42	43	44	
14710	48911	polaroid	73	73	55	6	4	1.4314	1.8692	0.6557	1.7482	Noun	72	1	3.1611	3	38.57	8	0	1	low	low3	4	40	1	2	41	42	43	44	
3560	11332	chores	214	214	163	208	161	4.1961	2.3324	1.9433	2.2148	Noun	214	1	3.6243	1	115.2	6	6	1	low	low1	3	30	1	2	31	32	33	34	
8859	29553	harp	134	134	81	105	68	2.6275	2.1303	0.96567	1.9138	Noun	135	1	3.4222	1	31.67	4	7	1	low	low1	3	30	1	2	31	32	33	34	
14584	48533	plates	638	638	460	610	447	12.5098	2.8055	5.484	2.6637	Noun	638	1	4.0973	1	137.8	6	4	1	high	high1	1	10	1	2	11	12	13	14	
10766	36446	latency	2	2	2	2	2	0.039216	0.47712	0.023844	0.47712	Noun	2	1	1.769	3	44	7	0	1	low	low3	4	40	1	2	41	42	43	44	
9528	31710	hydroxide	8	8	6	8	6	0.15686	0.95424	0.071531	0.8451	Noun	8	1	2.2461	3	15.25	9	0	1	low	low3	4	40	1	2	41	42	43	44	
20388	70558	usefulness	28	28	24	28	24	0.54902	1.4624	0.28612	1.3979	Noun	28	1	2.7542	3	33.33	10	0	1	low	low3	4	40	1	2	41	42	43	44	
9680	32291	impala	5	5	4	4	3	0.098039	0.77815	0.047687	0.69897	Noun	5	1	2.07	3	17.8	6	0	1	low	low3	4	40	1	2	41	42	43	44	
10563	35811	knees	1320	1320	946	1298	935	25.8824	3.1209	11.278	2.9763	Noun	1317	1	4.4127	1	71.25	5	1	1	high	high1	1	10	1	2	11	12	13	14	
6701	22691	exclusion	12	12	12	11	11	0.23529	1.1139	0.14306	1.1139	Noun	11	1	2.4058	3	73.75	9	0	1	low	low3	4	40	1	2	41	42	43	44	
2656	8685	businesses	155	155	134	150	130	3.0392	2.1931	1.5975	2.1303	Noun	155	1	3.485	3	62.78	10	0	1	low	low3	4	40	1	2	41	42	43	44	
1172	3744	attendee	1	1	1	1	1	0.019608	0.30103	0.011922	0.30103	Noun	1	1	1.5929	3	48	8	1	1	low	low3	4	40	1	2	41	42	43	44	
2813	9131	calypsos	1	1	1	1	1	0.019608	0.30103	0.011922	0.30103	Noun	1	1	1.5929	3	21.86	8	0	1	low	low3	4	40	1	2	41	42	43	44	
14073	46953	pedicures	15	15	12	15	12	0.29412	1.2041	0.14306	1.1139	Noun	15	1	2.496	3	85.38	9	0	1	low	low3	4	40	1	2	41	42	43	44	
55	208	absentee	18	18	18	18	18	0.35294	1.2788	0.21459	1.2788	Noun	18	1	2.5706	3	72	8	0	1	low	low3	4	40	1	2	41	42	43	44	
14386	48036	pigeonhole	4	4	4	4	4	0.078431	0.69897	0.047687	0.69897	Noun	4	1	1.9908	3	27.11	10	0	1	low	low3	4	40	1	2	41	42	43	44	
3109	9960	casuals	4	4	3	2	2	0.078431	0.69897	0.035765	0.60206	Noun	4	1	1.9908	3	52.33	7	0	1	low	low3	4	40	1	2	41	42	43	44	
15872	53303	refocus	13	13	13	12	12	0.2549	1.1461	0.15498	1.1461	Noun	13	1	2.438	3	48.17	7	0	1	low	low3	4	40	1	2	41	42	43	44	
12673	42359	mutinies	6	6	5	6	5	0.11765	0.8451	0.059609	0.77815	Noun	6	1	2.1369	3	126.86	8	0	1	low	low3	4	40	1	2	41	42	43	44	
16045	54238	requester	1	1	1	1	1	0.019608	0.30103	0.011922	0.30103	Noun	1	1	1.5929	3	93.13	9	1	1	low	low3	4	40	1	2	41	42	43	44	
16350	55532	roofs	62	62	54	62	54	1.2157	1.7993	0.64378	1.7404	Noun	62	1	3.0912	1	27.25	5	4	1	low	low1	3	30	1	2	31	32	33	34	
9857	33215	informer	63	63	50	61	50	1.2353	1.8062	0.59609	1.7076	Noun	63	1	3.098	3	69.29	8	1	1	low	low3	4	40	1	2	41	42	43	44	
12668	42340	mutations	44	44	29	42	28	0.86275	1.6532	0.34573	1.4771	Noun	44	1	2.945	3	61	9	0	1	low	low3	4	40	1	2	41	42	43	44	
2424	7937	brine	16	16	12	15	11	0.31373	1.2304	0.14306	1.1139	Noun	16	1	2.5223	1	52.75	5	6	1	low	low1	3	30	1	2	31	32	33	34	
16167	54833	reviewer	26	26	19	26	19	0.5098	1.4314	0.22651	1.301	Noun	26	1	2.7232	3	76.14	8	1	1	low	low3	4	40	1	2	41	42	43	44	
10145	34437	isotope	25	25	17	25	17	0.4902	1.415	0.20267	1.2553	Noun	25	1	2.7068	3	17	7	0	1	low	low3	4	40	1	2	41	42	43	44	
6774	23021	exporter	4	4	4	4	4	0.078431	0.69897	0.047687	0.69897	Noun	4	1	1.9908	3	89.29	8	1	1	low	low3	4	40	1	2	41	42	43	44	
19800	67187	trafficker	8	8	8	8	8	0.15686	0.95424	0.095374	0.95424	Noun	8	1	2.2461	3	30.33	10	1	1	low	low3	4	40	1	2	41	42	43	44	
14329	47888	physicist	69	69	53	67	51	1.3529	1.8451	0.63186	1.7324	Noun	69	1	3.1369	3	36.63	9	0	1	low	low3	4	40	1	2	41	42	43	44	
1026	3263	artichokes	10	10	10	7	7	0.19608	1.0414	0.11922	1.0414	Noun	10	1	2.3332	3	54	10	0	1	low	low3	4	40	1	2	41	42	43	44	
2711	8858	cabbages	37	37	25	36	24	0.72549	1.5798	0.29804	1.415	Noun	37	1	2.8716	3	95.71	8	0	1	low	low3	4	40	1	2	41	42	43	44	
10429	35478	kerosene	66	66	48	57	43	1.2941	1.8261	0.57225	1.6902	Noun	66	1	3.1179	3	42.29	8	0	1	low	low3	4	40	1	2	41	42	43	44	
5149	17008	deletion	6	6	5	5	4	0.11765	0.8451	0.059609	0.77815	Noun	6	1	2.1369	3	103.57	8	0	1	low	low3	4	40	1	2	41	42	43	44	
2785	9035	calendar	363	363	229	351	223	7.1176	2.5611	2.7301	2.3617	Noun	363	1	3.8529	3	47.71	8	0	1	high	high3	2	20	1	2	21	22	23	24	
20636	71266	victories	62	62	54	61	53	1.2157	1.7993	0.64378	1.7404	Noun	63	1	3.0912	3	103.5	9	0	1	low	low3	4	40	1	2	41	42	43	44	
10086	34214	invitee	2	2	2	2	2	0.039216	0.47712	0.023844	0.47712	Noun	2	1	1.769	3	71.5	7	2	1	low	low3	4	40	1	2	41	42	43	44	
16130	54682	retraining	4	4	3	4	3	0.078431	0.69897	0.035765	0.60206	Noun	4	1	1.9908	3	162.89	10	1	1	low	low3	4	40	1	2	41	42	43	44	
12904	43144	newsletter	43	43	30	41	28	0.84314	1.6435	0.35765	1.4914	Noun	43	1	2.9353	3	45	10	0	1	low	low3	4	40	1	2	41	42	43	44	
9018	30012	heels	510	510	402	497	397	10	2.7084	4.7926	2.6053	Noun	507	1	4.0003	1	42.25	5	6	1	high	high1	1	10	1	2	11	12	13	14	
15	61	abdomen	171	171	122	152	116	3.3529	2.2355	1.4545	2.0899	Noun	171	1	3.5274	3	26.83	7	0	1	low	low3	4	40	1	2	41	42	43	44	
2837	9194	campfire	64	64	55	59	50	1.2549	1.8129	0.6557	1.7482	Noun	63	1	3.1047	3	37.43	8	0	1	low	low3	4	40	1	2	41	42	43	44	
15159	50473	profusion	5	5	5	5	5	0.098039	0.77815	0.059609	0.77815	Noun	5	1	2.07	3	83.63	9	0	1	low	low3	4	40	1	2	41	42	43	44	
237	866	ads	258	258	180	242	173	5.0588	2.4133	2.1459	2.2577	Noun	258	1	3.7051	1	2.5	3	4	1	high	high1	1	10	1	2	11	12	13	14	
13527	45109	outfitter	2	2	2	1	1	0.039216	0.47712	0.023844	0.47712	Noun	2	1	1.769	3	66.75	9	0	1	low	low3	4	40	1	2	41	42	43	44	
17507	59167	silks	28	28	23	26	22	0.54902	1.4624	0.2742	1.3802	Noun	28	1	2.7542	1	43.25	5	6	1	low	low1	3	30	1	2	31	32	33	34	
6365	21374	enamel	29	29	26	29	26	0.56863	1.4771	0.30997	1.4314	Noun	29	1	2.769	3	37.6	6	0	1	low	low3	4	40	1	2	41	42	43	44	
14458	48216	pinks	14	14	11	10	10	0.27451	1.1761	0.13114	1.0792	Noun	16	1	2.4679	1	51	5	10	1	low	low1	3	30	1	2	31	32	33	34	
2674	8773	buttonhole	11	11	10	11	10	0.21569	1.0792	0.11922	1.0414	Noun	11	1	2.371	3	30.11	10	0	1	low	low3	4	40	1	2	41	42	43	44	
6641	22439	evader	1	1	1	1	1	0.019608	0.30103	0.011922	0.30103	Noun	1	1	1.5929	3	112.2	6	2	1	low	low3	4	40	1	2	41	42	43	44	
1521	4845	bargainer	2	2	2	2	2	0.039216	0.47712	0.023844	0.47712	Noun	2	1	1.769	3	64.75	9	1	1	low	low3	4	40	1	2	41	42	43	44	
9896	33370	injuries	378	378	291	367	284	7.4118	2.5786	3.4692	2.4654	Noun	378	1	3.8705	3	129.43	8	0	1	high	high3	2	20	1	2	21	22	23	24	
19389	65966	thievery	14	14	14	13	13	0.27451	1.1761	0.16691	1.1761	Noun	14	1	2.4679	3	58	8	0	1	low	low3	4	40	1	2	41	42	43	44	
13133	43902	nuisances	3	3	3	3	3	0.058824	0.60206	0.035765	0.60206	Noun	3	1	1.8939	3	66.13	9	0	1	low	low3	4	40	1	2	41	42	43	44	
5124	16894	deflector	17	17	7	16	6	0.33333	1.2553	0.083453	0.90309	Noun	17	1	2.5471	3	49	9	1	1	low	low3	4	40	1	2	41	42	43	44	
3050	9801	cars	2327	2327	1318	2242	1283	45.6275	3.367	15.7129	3.1202	Noun	2328	1	4.6588	1	33	4	15	1	high	high1	1	10	1	2	11	12	13	14	
3951	12617	colonies	90	90	60	81	53	1.7647	1.959	0.71531	1.7853	Noun	90	1	3.2509	3	141.71	8	0	1	low	low3	4	40	1	2	41	42	43	44	
12251	41104	mite	60	60	51	58	50	1.1765	1.7853	0.60801	1.716	Noun	60	1	3.0772	1	21.67	4	14	1	low	low1	3	30	1	2	31	32	33	34	
11571	38858	mandible	30	30	16	17	15	0.58824	1.4914	0.19075	1.2304	Noun	30	1	2.7832	3	66.43	8	0	1	low	low3	4	40	1	2	41	42	43	44	
16712	56637	savannas	1	1	1	1	1	0.019608	0.30103	0.011922	0.30103	Noun	1	1	1.5929	3	26.14	8	0	1	low	low3	4	40	1	2	41	42	43	44	
15185	50575	promoter	51	51	41	51	41	1	1.716	0.48879	1.6232	Noun	51	1	3.0078	3	101.57	8	3	1	low	low3	4	40	1	2	41	42	43	44	
9501	31621	husks	3	3	3	3	3	0.058824	0.60206	0.035765	0.60206	Noun	3	1	1.8939	1	36.5	5	5	1	low	low1	3	30	1	2	31	32	33	34	
13866	46378	pariahs	3	3	3	2	2	0.058824	0.60206	0.035765	0.60206	Noun	3	1	1.8939	3	58.83	7	0	1	low	low3	4	40	1	2	41	42	43	44	
2843	9206	camps	192	192	133	190	131	3.7647	2.2856	1.5856	2.1271	Noun	192	1	3.5774	1	37.5	5	2	1	low	low1	3	30	1	2	31	32	33	34	
1729	5513	beholder	15	15	15	15	15	0.29412	1.2041	0.17883	1.2041	Noun	15	1	2.496	3	55.71	8	1	1	low	low3	4	40	1	2	41	42	43	44	
8642	28916	gust	24	24	21	23	20	0.47059	1.3979	0.25036	1.3424	Noun	24	1	2.6898	1	24.67	4	9	1	low	low1	3	30	1	2	31	32	33	34	
8409	28184	graphs	16	16	13	16	13	0.31373	1.2304	0.15498	1.1461	Noun	16	1	2.5223	1	42.8	6	1	1	low	low1	3	30	1	2	31	32	33	34	
2818	9146	camcorder	32	32	27	31	26	0.62745	1.5185	0.32189	1.4472	Noun	32	1	2.8103	3	45.75	9	0	1	low	low3	4	40	1	2	41	42	43	44	
5368	17942	diagrams	20	20	20	19	19	0.39216	1.3222	0.23844	1.3222	Noun	20	1	2.6141	3	36.43	8	0	1	low	low3	4	40	1	2	41	42	43	44	
13337	44517	omission	20	20	19	19	19	0.39216	1.3222	0.22651	1.301	Noun	20	1	2.6141	3	47.43	8	1	1	low	low3	4	40	1	2	41	42	43	44	
3645	11648	civilians	306	306	213	291	204	6	2.4871	2.5393	2.3304	Noun	305	1	3.779	3	42.25	9	0	1	high	high3	2	20	1	2	21	22	23	24	
15223	50717	pros	156	156	125	148	120	3.0588	2.1959	1.4902	2.1004	Noun	156	1	3.4877	1	11.67	4	4	1	low	low1	3	30	1	2	31	32	33	34	
44	174	abrasion	18	18	15	15	13	0.35294	1.2788	0.17883	1.2041	Noun	18	1	2.5706	3	56	8	0	1	low	low3	4	40	1	2	41	42	43	44	
20399	70593	utensil	12	12	9	12	9	0.23529	1.1139	0.1073	1	Noun	12	1	2.4058	3	12.67	7	0	1	low	low3	4	40	1	2	41	42	43	44	
12891	43123	newlywed	22	22	17	16	15	0.43137	1.3617	0.20267	1.2553	Noun	22	1	2.6536	3	132.86	8	0	1	low	low3	4	40	1	2	41	42	43	44	
10300	34981	joints	195	195	156	190	153	3.8235	2.2923	1.8598	2.1959	Noun	195	1	3.5841	1	54.2	6	1	1	low	low1	3	30	1	2	31	32	33	34	
4481	14829	cows	480	480	269	442	256	9.4118	2.6821	3.207	2.4314	Noun	481	1	3.974	1	22.67	4	11	1	high	high1	1	10	1	2	11	12	13	14	
9924	33428	inns	15	15	11	14	11	0.29412	1.2041	0.13114	1.0792	Noun	18	1	2.496	1	14.67	4	2	1	low	low1	3	30	1	2	31	32	33	34	
19752	67050	tourniquet	50	50	42	49	42	0.98039	1.7076	0.50072	1.6335	Noun	50	1	2.9994	3	16.44	10	0	1	low	low3	4	40	1	2	41	42	43	44	
13727	46017	palmetto	4	4	3	3	2	0.078431	0.69897	0.035765	0.60206	Noun	4	1	1.9908	3	33.14	8	0	1	low	low3	4	40	1	2	41	42	43	44	
14860	49307	portrayal	18	18	17	18	17	0.35294	1.2788	0.20267	1.2553	Noun	18	1	2.5706	3	52.63	9	0	1	low	low3	4	40	1	2	41	42	43	44	
15147	50400	prodigy	67	67	43	55	41	1.3137	1.8325	0.51264	1.6435	Noun	67	1	3.1243	3	60.17	7	0	1	low	low3	4	40	1	2	41	42	43	44	
11827	39719	medalist	4	4	4	4	4	0.078431	0.69897	0.047687	0.69897	Noun	4	1	1.9908	3	80.43	8	0	1	low	low3	4	40	1	2	41	42	43	44	
13550	45216	outriders	1	1	1	1	1	0.019608	0.30103	0.011922	0.30103	Noun	1	1	1.5929	3	69.13	9	1	1	low	low3	4	40	1	2	41	42	43	44	
17371	58747	shorts	480	480	356	460	347	9.4118	2.6821	4.2442	2.5527	Noun	480	1	3.974	1	65.8	6	7	1	high	high1	1	10	1	2	11	12	13	14	
2007	6603	blob	60	60	45	44	40	1.1765	1.7853	0.53648	1.6628	Noun	60	1	3.0772	1	12	4	4	1	low	low1	3	30	1	2	31	32	33	34	
302	1057	affliction	60	60	53	58	51	1.1765	1.7853	0.63186	1.7324	Noun	60	1	3.0772	3	119.67	10	0	1	low	low3	4	40	1	2	41	42	43	44	
15389	51310	purchaser	5	5	5	5	5	0.098039	0.77815	0.059609	0.77815	Noun	5	1	2.07	3	48.25	9	2	1	low	low3	4	40	1	2	41	42	43	44	
13704	45948	palaces	41	41	34	37	31	0.80392	1.6232	0.40534	1.5441	Noun	41	1	2.9151	3	120.5	7	1	1	low	low3	4	40	1	2	41	42	43	44	
9670	32219	imminence	4	4	4	4	4	0.078431	0.69897	0.047687	0.69897	Noun	4	1	1.9908	3	50.5	9	0	1	low	low3	4	40	1	2	41	42	43	44	
18032	61141	spatulas	13	13	6	13	6	0.2549	1.1461	0.071531	0.8451	Noun	13	1	2.438	1	34	8	0	1	low	low1	3	30	1	2	31	32	33	34	
6693	22658	exchanger	1	1	1	1	1	0.019608	0.30103	0.011922	0.30103	Noun	1	1	1.5929	3	49.5	9	2	1	low	low3	4	40	1	2	41	42	43	44	
893	2856	apricots	14	14	13	14	13	0.27451	1.1761	0.15498	1.1461	Noun	14	1	2.4679	3	53.14	8	0	1	low	low3	4	40	1	2	41	42	43	44	
19920	67689	trickery	38	38	31	36	30	0.7451	1.5911	0.36958	1.5051	Noun	38	1	2.8829	3	83.29	8	0	1	low	low3	4	40	1	2	41	42	43	44	
9577	31906	icebreaker	21	21	20	21	20	0.41176	1.3424	0.23844	1.3222	Noun	21	1	2.6343	3	18.67	10	0	1	low	low3	4	40	1	2	41	42	43	44	
18043	61204	specifics	96	96	90	94	88	1.8824	1.9868	1.073	1.959	Noun	96	1	3.2786	3	33.13	9	1	1	low	low3	4	40	1	2	41	42	43	44	
4228	14043	conversion	66	66	58	63	56	1.2941	1.8261	0.69146	1.7709	Noun	66	1	3.1179	3	125.89	10	0	1	low	low3	4	40	1	2	41	42	43	44	
1516	4814	barbs	12	12	12	12	12	0.23529	1.1139	0.14306	1.1139	Noun	12	1	2.4058	1	35.5	5	2	1	low	low1	3	30	1	2	31	32	33	34	
198	718	adherent	3	3	3	3	3	0.058824	0.60206	0.035765	0.60206	Noun	3	1	1.8939	3	64	8	0	1	low	low3	4	40	1	2	41	42	43	44	
469	1500	alertness	4	4	4	4	4	0.078431	0.69897	0.047687	0.69897	Noun	4	1	1.9908	3	71.25	9	0	1	low	low3	4	40	1	2	41	42	43	44	
4138	13460	confusions	3	3	3	2	2	0.058824	0.60206	0.035765	0.60206	Noun	3	1	1.8939	3	83.33	10	0	1	low	low3	4	40	1	2	41	42	43	44	
9817	33084	infancy	18	18	17	18	17	0.35294	1.2788	0.20267	1.2553	Noun	18	1	2.5706	3	33.5	7	0	1	low	low3	4	40	1	2	41	42	43	44	
9970	33587	installers	1	1	1	1	1	0.019608	0.30103	0.011922	0.30103	Noun	1	1	1.5929	3	65.78	10	0	1	low	low3	4	40	1	2	41	42	43	44	
12512	41848	motorist	25	25	17	25	17	0.4902	1.415	0.20267	1.2553	Noun	25	1	2.7068	3	77.14	8	0	1	low	low3	4	40	1	2	41	42	43	44	
10628	36063	labs	208	208	137	173	117	4.0784	2.3201	1.6333	2.1399	Noun	208	1	3.612	1	21	4	11	1	low	low1	3	30	1	2	31	32	33	34	
15182	50555	prominence	16	16	13	12	12	0.31373	1.2304	0.15498	1.1461	Noun	16	1	2.5223	3	67.56	10	0	1	low	low3	4	40	1	2	41	42	43	44	
10379	35237	justices	23	23	16	15	13	0.45098	1.3802	0.19075	1.2304	Noun	23	1	2.672	3	109.29	8	0	1	low	low3	4	40	1	2	41	42	43	44	
18444	62709	stores	485	485	370	460	363	9.5098	2.6866	4.4111	2.5694	Noun	486	1	3.9785	1	120.2	6	12	1	high	high1	1	10	1	2	11	12	13	14	
2811	9125	calves	82	82	54	81	53	1.6078	1.9191	0.64378	1.7404	Noun	82	1	3.2109	1	121.6	6	3	1	low	low1	3	30	1	2	31	32	33	34	
2334	7636	bran	67	67	47	45	38	1.3137	1.8325	0.56032	1.6812	Noun	67	1	3.1243	1	19	4	7	1	low	low1	3	30	1	2	31	32	33	34	
18679	63630	suites	84	84	54	78	49	1.6471	1.9294	0.64378	1.7404	Noun	84	1	3.2213	1	126.6	6	1	1	low	low1	3	30	1	2	31	32	33	34	
16163	54817	reversal	57	57	46	56	45	1.1176	1.7634	0.5484	1.6721	Noun	57	1	3.0553	3	88.43	8	0	1	low	low3	4	40	1	2	41	42	43	44	
806	2569	ants	365	365	147	329	138	7.1569	2.5635	1.7525	2.1703	Noun	365	1	3.8553	1	18.33	4	4	1	high	high1	1	10	1	2	11	12	13	14	
9795	32980	inducement	13	13	12	13	12	0.2549	1.1461	0.14306	1.1139	Noun	13	1	2.438	3	62.44	10	0	1	low	low3	4	40	1	2	41	42	43	44	
176	651	adaptor	4	4	4	4	4	0.078431	0.69897	0.047687	0.69897	Noun	4	1	1.9908	3	18.67	7	0	1	low	low3	4	40	1	2	41	42	43	44	
19716	66937	tortilla	16	16	15	12	11	0.31373	1.2304	0.17883	1.2041	Noun	16	1	2.5223	3	45.43	8	0	1	low	low3	4	40	1	2	41	42	43	44	
16335	55476	rollover	7	7	6	4	4	0.13725	0.90309	0.071531	0.8451	Noun	7	1	2.1949	3	65.71	8	0	1	low	low3	4	40	1	2	41	42	43	44	
10488	35618	kilowatt	6	6	5	4	4	0.11765	0.8451	0.059609	0.77815	Noun	6	1	2.1369	3	31.43	8	0	1	low	low3	4	40	1	2	41	42	43	44	
12206	40893	misconduct	40	40	36	40	36	0.78431	1.6128	0.42918	1.5682	Noun	40	1	2.9046	3	33	10	0	1	low	low3	4	40	1	2	41	42	43	44	
3058	9831	cartoonist	17	17	16	17	16	0.33333	1.2553	0.19075	1.2304	Noun	17	1	2.5471	3	42.22	10	0	1	low	low3	4	40	1	2	41	42	43	44	
1898	6191	biopsy	79	79	41	73	38	1.549	1.9031	0.48879	1.6232	Noun	79	1	3.1949	3	15	6	0	1	low	low3	4	40	1	2	41	42	43	44	
4384	14523	costumer	8	8	5	7	5	0.15686	0.95424	0.059609	0.77815	Noun	8	1	2.2461	3	87.57	8	2	1	low	low3	4	40	1	2	41	42	43	44	
