numid|f	X|f	Word|s	Unnamed|f	FREQcount|f	Cdcount|f	FREQlow|f	Cdlow|f	SUBTLWF|f	Lg10WF|f	SUBTLCD|f	Lg10CD|f	Dom_PoS_SUBTLEX|s	Freq_dom_PoS_SUBTLEX|f	Percentage_dom_PoS|f	Zipfvalue|f	cmu_sylls|f	BF_TP|f	LEN_L|f	N|f	Zipfvalue_incl|f	Zipfvalue_cat|s	cond_name|s	cond_code|f	trigger_code|f	len|f	corr_resp|f	fix_code|f	word_code|f	delay_code|f	audioresp_code|f	
18841	64226	swamps	45	45	34	38	29	0.88235	1.6628	0.40534	1.5441	Noun	45	1	2.9546	1	21	6	2	1	low	low1	3	30	1	2	31	32	33	34	
10811	36579	laws	868	868	592	811	574	17.0196	2.939	7.0577	2.7731	Noun	864	1	4.2309	1	20.33	4	12	1	high	high1	1	10	1	2	11	12	13	14	
16007	54025	repeater	14	14	13	11	11	0.27451	1.1761	0.15498	1.1461	Noun	14	1	2.4679	3	120.57	8	1	1	low	low3	4	40	1	2	41	42	43	44	
8314	27907	gorge	67	67	43	45	39	1.3137	1.8325	0.51264	1.6435	Noun	67	1	3.1243	1	33.25	5	3	1	low	low1	3	30	1	2	31	32	33	34	
3630	11600	circuses	16	16	14	14	12	0.31373	1.2304	0.16691	1.1761	Noun	15	1	2.5223	3	91.43	8	0	1	low	low3	4	40	1	2	41	42	43	44	
14070	46944	pedestal	67	67	44	66	43	1.3137	1.8325	0.52456	1.6532	Noun	67	1	3.1243	3	55.57	8	0	1	low	low3	4	40	1	2	41	42	43	44	
20284	69573	uniqueness	18	18	16	18	16	0.35294	1.2788	0.19075	1.2304	Noun	18	1	2.5706	3	57.11	10	0	1	low	low3	4	40	1	2	41	42	43	44	
10621	36048	laborer	23	23	20	22	20	0.45098	1.3802	0.23844	1.3222	Noun	23	1	2.672	3	85.17	7	0	1	low	low3	4	40	1	2	41	42	43	44	
17324	58579	shirt	2365	2365	1400	2330	1383	46.3725	3.374	16.6905	3.1464	Noun	2363	1	4.6658	1	36.5	5	4	1	high	high1	1	10	1	2	11	12	13	14	
18132	61522	splints	14	14	12	14	12	0.27451	1.1761	0.14306	1.1139	Noun	14	1	2.4679	1	64.17	7	1	1	low	low1	3	30	1	2	31	32	33	34	
15810	52989	recruiter	35	35	26	34	26	0.68627	1.5563	0.30997	1.4314	Noun	35	1	2.8481	3	93.88	9	1	1	low	low3	4	40	1	2	41	42	43	44	
12532	41910	mousse	59	59	43	54	39	1.1569	1.7782	0.51264	1.6435	Noun	59	1	3.07	1	39.6	6	0	1	low	low1	3	30	1	2	31	32	33	34	
7055	23999	fest	69	69	47	49	35	1.3529	1.8451	0.56032	1.6812	Noun	69	1	3.1369	1	21.67	4	15	1	low	low1	3	30	1	2	31	32	33	34	
7184	24399	fireflies	52	52	28	43	24	1.0196	1.7243	0.33381	1.4624	Noun	52	1	3.0161	3	95.63	9	0	1	low	low3	4	40	1	2	41	42	43	44	
15226	50723	prose	48	48	38	44	37	0.94118	1.6902	0.45303	1.5911	Noun	48	1	2.982	1	43	5	4	1	low	low1	3	30	1	2	31	32	33	34	
584	1861	ambulance	1143	1143	727	1093	707	22.4118	3.0584	8.6671	2.8621	Noun	1142	1	4.3503	3	43	9	0	1	high	high3	2	20	1	2	21	22	23	24	
7451	25201	follicle	12	12	12	12	12	0.23529	1.1139	0.14306	1.1139	Noun	12	1	2.4058	3	58.43	8	0	1	low	low3	4	40	1	2	41	42	43	44	
6542	22136	erosion	28	28	24	28	24	0.54902	1.4624	0.28612	1.3979	Noun	28	1	2.7542	3	62.83	7	0	1	low	low3	4	40	1	2	41	42	43	44	
17666	59787	sleepovers	25	25	22	23	21	0.4902	1.415	0.26228	1.3617	Noun	25	1	2.7068	3	30.11	10	0	1	low	low3	4	40	1	2	41	42	43	44	
13152	43965	nurturer	3	3	3	3	3	0.058824	0.60206	0.035765	0.60206	Noun	3	1	1.8939	3	85	8	1	1	low	low3	4	40	1	2	41	42	43	44	
1455	4636	bandana	12	12	11	12	11	0.23529	1.1139	0.13114	1.0792	Noun	12	1	2.4058	3	56.67	7	0	1	low	low3	4	40	1	2	41	42	43	44	
11671	39187	marketer	1	1	1	1	1	0.019608	0.30103	0.011922	0.30103	Noun	1	1	1.5929	3	103.43	8	1	1	low	low3	4	40	1	2	41	42	43	44	
3037	9778	carriages	32	32	28	30	26	0.62745	1.5185	0.33381	1.4624	Noun	32	1	2.8103	3	90.25	9	1	1	low	low3	4	40	1	2	41	42	43	44	
10340	35131	jugglers	9	9	8	7	7	0.17647	1	0.095374	0.95424	Noun	9	1	2.2918	3	78.57	8	0	1	low	low3	4	40	1	2	41	42	43	44	
3722	11930	cliffs	111	111	87	87	73	2.1765	2.0492	1.0372	1.9445	Noun	110	1	3.3411	1	24.2	6	0	1	low	low1	3	30	1	2	31	32	33	34	
19563	66533	tis	354	354	145	114	56	6.9412	2.5502	1.7287	2.1644	Noun	1	1	3.8421	1	4	3	8	1	high	high1	1	10	1	2	11	12	13	14	
11258	37853	longitude	42	42	37	34	30	0.82353	1.6335	0.44111	1.5798	Noun	41	1	2.9253	3	41.25	9	0	1	low	low3	4	40	1	2	41	42	43	44	
14602	48575	playhouses	3	3	1	2	1	0.058824	0.60206	0.011922	0.30103	Noun	3	1	1.8939	3	53.67	10	0	1	low	low3	4	40	1	2	41	42	43	44	
18469	62805	strait	9	9	8	4	3	0.17647	1	0.095374	0.95424	Noun	9	1	2.2918	1	48.2	6	1	1	low	low1	3	30	1	2	31	32	33	34	
3798	12199	coals	48	48	44	47	43	0.94118	1.6902	0.52456	1.6532	Noun	48	1	2.982	1	51	5	5	1	low	low1	3	30	1	2	31	32	33	34	
9244	30792	holmium	1	1	1	1	1	0.019608	0.30103	0.011922	0.30103	Noun	1	1	1.5929	3	33.67	7	0	1	low	low3	4	40	1	2	41	42	43	44	
11761	39488	matriarch	15	15	12	15	12	0.29412	1.2041	0.14306	1.1139	Noun	15	1	2.496	3	39.38	9	1	1	low	low3	4	40	1	2	41	42	43	44	
13702	45941	pajamas	297	297	205	280	198	5.8235	2.4742	2.444	2.3139	Noun	296	1	3.7661	3	26.67	7	1	1	high	high3	2	20	1	2	21	22	23	24	
9154	30440	highlander	12	12	7	2	1	0.23529	1.1139	0.083453	0.90309	Noun	12	1	2.4058	3	32.33	10	0	1	low	low3	4	40	1	2	41	42	43	44	
7596	25630	forwarder	2	2	1	2	1	0.039216	0.47712	0.011922	0.30103	Noun	2	1	1.769	3	52.5	9	1	1	low	low3	4	40	1	2	41	42	43	44	
7248	24542	fixation	35	35	30	34	29	0.68627	1.5563	0.35765	1.4914	Noun	35	1	2.8481	3	83.29	8	0	1	low	low3	4	40	1	2	41	42	43	44	
11566	38849	mandarin	67	67	42	12	7	1.3137	1.8325	0.50072	1.6335	Noun	67	1	3.1243	3	51	8	0	1	low	low3	4	40	1	2	41	42	43	44	
7797	26361	furnaces	19	19	16	18	16	0.37255	1.301	0.19075	1.2304	Noun	19	1	2.5929	3	92.29	8	0	1	low	low3	4	40	1	2	41	42	43	44	
17637	59630	skywriter	1	1	1	1	1	0.019608	0.30103	0.011922	0.30103	Noun	1	1	1.5929	3	60.38	9	0	1	low	low3	4	40	1	2	41	42	43	44	
11655	39147	marigold	8	8	6	0	0	0.15686	0.95424	0.071531	0.8451	Noun	8	1	2.2461	3	52.86	8	0	1	low	low3	4	40	1	2	41	42	43	44	
