numid|f	X|f	Word|s	Unnamed|f	FREQcount|f	Cdcount|f	FREQlow|f	Cdlow|f	SUBLTLWF|f	Lg10WF|f	SUBTLCD|f	Lg10CD|f	Dom_PoS_SUBTLEX|s	Freq_dom_PoS_SUBTLEX|f	Percentage_dom_PoS|f	Zipfvalue|f	cmu_sylls|f	BF_TP|f	LEN_L|f	N|f	Zipfvalue_incl|f	Zipfvalue_cat|s	cond_name|s	cond_code|f	trigger_code|f	len|f	corr_resp|f	fix_code|f	word_code|f	delay_code|f	audioresp_code|f	
5805	5804	engineer	21603	596	326	485	303	11.6863	2.776	3.8865	2.5145	Noun	562	0.95254	4.0678	3	66.14	8	0	1	high	high3	2	20	1	2	21	22	23	24	
19380	19379	woe	73330	119	86	76	56	2.3333	2.0792	1.0253	1.9395	Noun	117	1	3.371	1	6	3	11	1	low	low1	3	30	1	2	31	32	33	34	
18167	18166	translator	67375	115	77	106	71	2.2549	2.0645	0.91798	1.8921	Noun	114	1	3.3563	3	49.78	10	0	1	low	low3	4	40	1	2	41	42	43	44	
3502	3501	coin	12451	497	287	475	274	9.7451	2.6972	3.4216	2.4594	Noun	472	0.9497	3.9891	1	23	4	5	1	high	high1	1	10	1	2	11	12	13	14	
8371	8370	hoax	30653	123	82	122	82	2.4118	2.0934	0.97759	1.9191	Noun	119	0.96748	3.3853	1	17.67	4	1	1	low	low1	3	30	1	2	31	32	33	34	
12711	12710	pause	46758	275	205	240	186	5.3922	2.4409	2.444	2.3139	Noun	172	0.62545	3.7327	1	36.25	5	2	1	high	high1	1	10	1	2	11	12	13	14	
16785	16784	stash	62163	257	206	244	201	5.0392	2.4116	2.4559	2.316	Noun	167	0.64981	3.7035	1	40.75	5	2	1	high	high1	1	10	1	2	11	12	13	14	
3652	3651	companion	12939	323	247	302	239	6.3333	2.5105	2.9447	2.3945	Noun	324	1	3.8024	3	108	9	0	1	high	high3	2	20	1	2	21	22	23	24	
16984	16983	stream	62872	410	294	357	270	8.0392	2.6138	3.505	2.4698	Noun	382	0.93627	3.9057	1	46.4	6	2	1	high	high1	1	10	1	2	11	12	13	14	
8913	8912	infection	33109	446	296	433	294	8.7451	2.6503	3.5289	2.4728	Noun	445	1	3.9421	3	121.75	9	1	1	high	high3	2	20	1	2	21	22	23	24	
4505	4504	database	16282	290	227	284	224	5.6863	2.4639	2.7062	2.3579	Noun	290	1	3.7557	3	33.14	8	0	1	high	high3	2	20	1	2	21	22	23	24	
12719	12718	pawn	46784	221	136	201	129	4.3333	2.3464	1.6214	2.1367	Noun	145	0.65909	3.6382	1	20	4	7	1	low	low1	3	30	1	2	31	32	33	34	
5052	5051	disk	18767	338	128	332	128	6.6275	2.5302	1.526	2.1106	Noun	338	1	3.822	1	16.67	4	7	1	high	high1	1	10	1	2	11	12	13	14	
16020	16019	silk	59165	499	345	443	320	9.7843	2.699	4.113	2.5391	Noun	494	0.99197	3.9908	1	22	4	7	1	high	high1	1	10	1	2	11	12	13	14	
16706	16705	stag	61960	81	56	72	48	1.5882	1.9138	0.66762	1.7559	Noun	75	0.90361	3.2056	1	8.67	4	7	1	low	low1	3	30	1	2	31	32	33	34	
8609	8608	hull	31420	215	114	165	96	4.2157	2.3345	1.3591	2.0607	Noun	165	0.76744	3.6263	1	28	4	14	1	low	low1	3	30	1	2	31	32	33	34	
5774	5773	encounter	21435	284	251	276	246	5.5686	2.4548	2.9924	2.4014	Noun	187	0.65845	3.7467	3	79.88	9	0	1	high	high3	2	20	1	2	21	22	23	24	
15062	15061	rug	55846	531	354	495	346	10.4118	2.7259	4.2203	2.5502	Noun	531	1	4.0177	1	8	3	16	1	high	high1	1	10	1	2	11	12	13	14	
18762	18761	verge	71080	167	146	167	146	3.2745	2.2253	1.7406	2.1673	Noun	165	0.98802	3.5171	1	28.25	5	4	1	low	low1	3	30	1	2	31	32	33	34	
9577	9576	knot	35868	188	151	187	150	3.6863	2.2765	1.8002	2.1818	Noun	181	0.96277	3.5683	1	10.67	4	4	1	low	low1	3	30	1	2	31	32	33	34	
8152	8151	heap	29872	249	210	240	205	4.8824	2.3979	2.5036	2.3243	Noun	218	0.88259	3.6898	1	31.67	4	8	1	high	high1	1	10	1	2	11	12	13	14	
12336	12335	override	45566	263	114	244	108	5.1569	2.4216	1.3591	2.0607	Noun	174	0.64925	3.7134	3	60.29	8	1	1	high	high3	2	20	1	2	21	22	23	24	
4604	4603	decision	16614	2808	1810	2797	1807	55.0588	3.4486	21.5784	3.2579	Noun	2803	1	4.7404	3	82.86	8	1	1	high	high3	2	20	1	2	21	22	23	24	
2354	2353	burrito	8623	84	50	75	49	1.6471	1.9294	0.59609	1.7076	Noun	80	0.94118	3.2213	3	65.5	7	0	1	low	low3	4	40	1	2	41	42	43	44	
13851	13850	protocol	50818	382	265	360	258	7.4902	2.5832	3.1593	2.4249	Noun	382	1	3.875	3	49	8	0	1	high	high3	2	20	1	2	21	22	23	24	
3394	3393	cloud	12086	599	388	498	358	11.7451	2.7782	4.6257	2.5899	Noun	542	0.90484	4.07	1	30.5	5	2	1	high	high1	1	10	1	2	11	12	13	14	
18787	18786	vest	71158	284	203	280	199	5.5686	2.4548	2.4201	2.3096	Noun	284	1	3.7467	1	21.33	4	11	1	high	high1	1	10	1	2	11	12	13	14	
5896	5895	equipment	22061	1298	849	1270	831	25.451	3.1136	10.1216	2.9294	Noun	1296	1	4.4054	3	42.25	9	0	1	high	high3	2	20	1	2	21	22	23	24	
16030	16029	silverware	59196	109	86	105	84	2.1373	2.0414	1.0253	1.9395	Noun	107	0.98165	3.3332	3	28.33	10	0	1	low	low3	4	40	1	2	41	42	43	44	
16742	16741	stance	62056	96	73	93	73	1.8824	1.9868	0.87029	1.8692	Noun	95	1	3.2786	1	55	6	1	1	low	low1	3	30	1	2	31	32	33	34	
17532	17531	tart	65061	122	93	96	79	2.3922	2.0899	1.1087	1.9731	Noun	107	0.86992	3.3817	1	33	4	12	1	low	low1	3	30	1	2	31	32	33	34	
11712	11711	nest	42986	566	367	514	343	11.098	2.7536	4.3753	2.5658	Noun	541	0.96263	4.0454	1	21	4	13	1	high	high1	1	10	1	2	11	12	13	14	
13839	13838	protector	50788	149	99	115	88	2.9216	2.1761	1.1803	2	Noun	145	0.97973	3.4679	3	60.75	9	1	1	low	low3	4	40	1	2	41	42	43	44	
11015	11014	militia	40569	115	47	101	44	2.2549	2.0645	0.56032	1.6812	Noun	115	1	3.3563	3	35.17	7	0	1	low	low3	4	40	1	2	41	42	43	44	
14674	14673	resident	54363	374	242	285	207	7.3333	2.574	2.8851	2.3856	Noun	252	0.6738	3.8659	3	84	8	0	1	high	high3	2	20	1	2	21	22	23	24	
4726	4725	dent	17272	180	125	131	112	3.5294	2.2577	1.4902	2.1004	Noun	149	0.82778	3.5495	1	24	4	14	1	low	low1	3	30	1	2	31	32	33	34	
10600	10599	mare	39115	148	85	113	65	2.902	2.1732	1.0134	1.9345	Noun	110	0.7483	3.465	1	43.67	4	22	1	low	low1	3	30	1	2	31	32	33	34	
13943	13942	pun	51222	94	85	82	75	1.8431	1.9777	1.0134	1.9345	Noun	86	0.92473	3.2696	1	7.5	3	16	1	low	low1	3	30	1	2	31	32	33	34	
15190	15189	saliva	56242	135	92	122	86	2.6471	2.1335	1.0968	1.9685	Noun	135	1	3.4254	3	39	6	0	1	low	low3	4	40	1	2	41	42	43	44	
4943	4942	dilemma	18203	133	114	123	107	2.6078	2.1271	1.3591	2.0607	Noun	134	1	3.4189	3	27.5	7	0	1	low	low3	4	40	1	2	41	42	43	44	
10579	10578	manual	39026	408	299	366	274	8	2.6117	3.5646	2.4771	Noun	293	0.7199	3.9036	3	54.4	6	0	1	high	high3	2	20	1	2	21	22	23	24	
1755	1754	bluff	6796	317	215	257	198	6.2157	2.5024	2.5632	2.3345	Noun	212	0.66667	3.7943	1	23.25	5	1	1	high	high1	1	10	1	2	11	12	13	14	
7211	7210	gasp	26765	88	60	82	55	1.7255	1.9494	0.71531	1.7853	Noun	45	0.50562	3.2412	1	20.67	4	3	1	low	low1	3	30	1	2	31	32	33	34	
303	302	allowance	1659	265	191	256	189	5.1961	2.4249	2.2771	2.2833	Noun	265	0.99624	3.7167	3	39.75	9	0	1	high	high3	2	20	1	2	21	22	23	24	
7520	7519	goof	27858	113	70	80	64	2.2157	2.0569	0.83453	1.8513	Noun	55	0.48673	3.3487	1	24.33	4	6	1	low	low1	3	30	1	2	31	32	33	34	
12149	12148	optimist	44707	78	73	77	72	1.5294	1.8976	0.87029	1.8692	Noun	78	1	3.1895	3	50.29	8	1	1	low	low3	4	40	1	2	41	42	43	44	
13671	13670	pride	50162	1411	936	1221	881	27.6667	3.1498	11.1588	2.9717	Noun	1301	0.92401	4.4417	1	35	5	5	1	high	high1	1	10	1	2	11	12	13	14	
12000	11999	obsession	44166	289	224	271	217	5.6667	2.4624	2.6705	2.3522	Noun	289	1	3.7542	3	72.63	9	0	1	high	high3	2	20	1	2	21	22	23	24	
15370	15369	scent	56876	304	236	291	228	5.9608	2.4843	2.8135	2.3747	Noun	298	0.98026	3.7761	1	22.5	5	3	1	high	high1	1	10	1	2	11	12	13	14	
5879	5878	episode	21998	627	462	446	316	12.2941	2.798	5.5079	2.6656	Noun	624	1	4.0898	3	23.17	7	0	1	high	high3	2	20	1	2	21	22	23	24	
17775	17774	thigh	65969	191	152	177	146	3.7451	2.2833	1.8121	2.1847	Noun	191	1	3.5751	1	21.5	5	0	1	low	low1	3	30	1	2	31	32	33	34	
11985	11984	objection	44086	1108	361	263	193	21.7255	3.0449	4.3038	2.5587	Noun	1098	1	4.3368	3	96.75	9	0	1	high	high3	2	20	1	2	21	22	23	24	
5205	5204	donation	19466	179	137	173	134	3.5098	2.2553	1.6333	2.1399	Noun	179	1	3.5471	3	103	8	0	1	low	low3	4	40	1	2	41	42	43	44	
8049	8048	harmony	29544	419	202	194	159	8.2157	2.6232	2.4082	2.3075	Noun	414	0.98807	3.9151	3	65.5	7	0	1	high	high3	2	20	1	2	21	22	23	24	
2614	2613	canopy	9353	86	50	83	49	1.6863	1.9395	0.59609	1.7076	Noun	86	1	3.2314	3	46.8	6	0	1	low	low3	4	40	1	2	41	42	43	44	
8344	8343	hint	30543	469	400	456	396	9.1961	2.6721	4.7687	2.6031	Noun	451	0.96368	3.9639	1	30.33	4	8	1	high	high1	1	10	1	2	11	12	13	14	
14896	14895	roach	55317	135	73	89	59	2.6471	2.1335	0.87029	1.8692	Noun	91	0.67407	3.4254	1	41	5	3	1	low	low1	3	30	1	2	31	32	33	34	
7432	7431	gloss	27566	74	65	74	65	1.451	1.8751	0.77492	1.8195	Noun	64	0.85333	3.1669	1	29.5	5	4	1	low	low1	3	30	1	2	31	32	33	34	
13692	13691	principal	50225	701	366	470	320	13.7451	2.8463	4.3634	2.5647	Noun	437	0.62607	4.1382	3	48.25	9	0	1	high	high3	2	20	1	2	21	22	23	24	
15182	15181	salary	56214	548	406	535	400	10.7451	2.7396	4.8402	2.6096	Noun	548	1	4.0314	3	50.8	6	0	1	high	high3	2	20	1	2	21	22	23	24	
6369	6368	fellowship	23889	150	83	127	73	2.9412	2.179	0.98951	1.9243	Noun	150	1	3.4708	3	22.44	10	0	1	low	low3	4	40	1	2	41	42	43	44	
8064	8063	hash	29609	180	133	164	121	3.5294	2.2577	1.5856	2.1271	Noun	132	0.73743	3.5495	1	30	4	12	1	low	low1	3	30	1	2	31	32	33	34	
7114	7113	gag	26474	360	271	339	255	7.0588	2.5575	3.2308	2.4346	Noun	291	0.81058	3.8493	1	9.5	3	18	1	high	high1	1	10	1	2	11	12	13	14	
16473	16472	spa	61018	239	139	213	130	4.6863	2.3802	1.6571	2.1461	Noun	238	1	3.672	1	1.5	3	2	1	high	high1	1	10	1	2	11	12	13	14	
15114	15113	rye	56007	212	140	154	106	4.1569	2.3284	1.6691	2.1492	Noun	156	0.73585	3.6202	1	3.5	3	7	1	low	low1	3	30	1	2	31	32	33	34	
8070	8069	hatch	29642	654	258	508	245	12.8235	2.8162	3.0758	2.4133	Noun	439	0.67435	4.1081	1	42.5	5	7	1	high	high1	1	10	1	2	11	12	13	14	
11205	11204	modeling	41206	185	107	165	101	3.6275	2.2695	1.2756	2.0334	Noun	138	0.74595	3.5613	3	289.71	8	0	1	low	low3	4	40	1	2	41	42	43	44	
16188	16187	sleigh	59805	167	71	158	66	3.2745	2.2253	0.84645	1.8573	Noun	145	0.87879	3.5171	1	19.8	6	0	1	low	low1	3	30	1	2	31	32	33	34	
9113	9112	invasion	34142	434	237	390	209	8.5098	2.6385	2.8255	2.3766	Noun	433	1	3.9303	3	66.14	8	0	1	high	high3	2	20	1	2	21	22	23	24	
7557	7556	gown	27995	334	263	324	258	6.549	2.525	3.1354	2.4216	Noun	334	1	3.8169	1	14.33	4	4	1	high	high1	1	10	1	2	11	12	13	14	
13427	13426	pope	49171	546	246	142	76	10.7059	2.738	2.9328	2.3927	Noun	443	0.81136	4.0298	1	21.33	4	13	1	high	high1	1	10	1	2	11	12	13	14	
11394	11393	moth	41781	116	69	91	65	2.2745	2.0682	0.8226	1.8451	Noun	114	0.98276	3.36	1	17	4	5	1	low	low1	3	30	1	2	31	32	33	34	
15623	15622	seminar	57763	217	132	212	129	4.2549	2.3385	1.5737	2.1239	Noun	217	1	3.6303	3	38.83	7	1	1	low	low3	4	40	1	2	41	42	43	44	
8201	8200	height	30029	476	396	446	377	9.3333	2.6785	4.721	2.5988	Noun	472	1	3.9704	1	24.6	6	1	1	high	high1	1	10	1	2	11	12	13	14	
4131	4130	creator	15071	142	95	110	67	2.7843	2.1553	1.1326	1.9823	Noun	142	1	3.4472	3	59.5	7	0	1	low	low3	4	40	1	2	41	42	43	44	
3947	3946	corruption	14445	218	154	199	145	4.2745	2.3404	1.836	2.1903	Noun	218	1	3.6323	3	136.33	10	0	1	low	low3	4	40	1	2	41	42	43	44	
3742	3741	confession	13369	841	546	809	535	16.4902	2.9253	6.5093	2.738	Noun	836	1	4.2171	3	123.78	10	1	1	high	high3	2	20	1	2	21	22	23	24	
1313	1312	battleship	5128	87	64	70	56	1.7059	1.9445	0.76299	1.8129	Noun	87	1	3.2363	3	29	10	0	1	low	low3	4	40	1	2	41	42	43	44	
6903	6902	foundation	25659	740	374	336	237	14.5098	2.8698	4.4588	2.574	Noun	733	0.99457	4.1617	3	132.22	10	0	1	high	high3	2	20	1	2	21	22	23	24	
264	263	alias	1536	208	155	143	112	4.0784	2.3201	1.8479	2.1931	Noun	162	0.77143	3.612	3	21.25	5	1	1	low	low3	4	40	1	2	41	42	43	44	
16726	16725	stake	62001	847	666	819	652	16.6078	2.9284	7.9399	2.8241	Noun	634	0.74941	4.2202	1	34	5	9	1	high	high1	1	10	1	2	11	12	13	14	
531	530	antidote	2497	221	82	213	81	4.3333	2.3464	0.97759	1.9191	Noun	222	1	3.6382	3	44	8	0	1	low	low3	4	40	1	2	41	42	43	44	
4625	4624	deduction	16744	87	68	87	68	1.7059	1.9445	0.81068	1.8388	Noun	88	1	3.2363	3	112.75	9	2	1	low	low3	4	40	1	2	41	42	43	44	
694	693	ark	3101	199	82	46	42	3.902	2.301	0.97759	1.9191	Noun	186	0.93467	3.5929	1	3	3	5	1	low	low1	3	30	1	2	31	32	33	34	
16526	16525	speck	61213	95	62	58	51	1.8627	1.9823	0.73915	1.7993	Noun	90	0.94737	3.2741	1	30.75	5	2	1	low	low1	3	30	1	2	31	32	33	34	
3872	3871	cop	14171	4393	1467	4131	1408	86.1373	3.6429	17.4893	3.1667	Noun	3914	0.89279	4.9347	1	11	3	22	1	high	high1	1	10	1	2	11	12	13	14	
2845	2844	cathedral	10070	190	99	118	72	3.7255	2.281	1.1803	2	Noun	190	1	3.5729	3	37.5	9	0	1	low	low3	4	40	1	2	41	42	43	44	
10211	10210	lodge	37740	341	180	222	132	6.6863	2.534	2.1459	2.2577	Noun	239	0.70088	3.8259	1	28	5	2	1	high	high1	1	10	1	2	11	12	13	14	
13562	13561	prank	49630	204	152	199	151	4	2.3118	1.8121	2.1847	Noun	205	1	3.6036	1	45.75	5	4	1	low	low1	3	30	1	2	31	32	33	34	
4646	4645	defender	16828	152	111	127	96	2.9804	2.1847	1.3233	2.0492	Noun	153	1	3.4765	3	87.57	8	1	1	low	low3	4	40	1	2	41	42	43	44	
419	418	analyst	2090	177	109	171	107	3.4706	2.2504	1.2995	2.0414	Noun	177	1	3.5423	3	33.33	7	1	1	low	low3	4	40	1	2	41	42	43	44	
1166	1165	bank	4701	4334	1590	3822	1482	84.9804	3.637	18.9557	3.2017	Noun	4194	0.97512	4.9288	1	33.67	4	16	1	high	high1	1	10	1	2	11	12	13	14	
12629	12628	passenger	46557	549	286	443	267	10.7647	2.7404	3.4096	2.4579	Noun	548	1	4.0322	3	59	9	0	1	high	high3	2	20	1	2	21	22	23	24	
1304	1303	battalion	5103	298	140	181	94	5.8431	2.4757	1.6691	2.1492	Noun	298	1	3.7675	3	89.63	9	0	1	high	high3	2	20	1	2	21	22	23	24	
10060	10059	limp	37337	187	152	183	149	3.6667	2.2742	1.8121	2.1847	Noun	109	0.57979	3.566	1	18	4	6	1	low	low1	3	30	1	2	31	32	33	34	
1763	1762	blush	6830	136	115	127	110	2.6667	2.1367	1.371	2.0645	Noun	91	0.66912	3.4286	1	30	5	4	1	low	low1	3	30	1	2	31	32	33	34	
1420	1419	behavior	5491	1142	861	1125	850	22.3922	3.058	10.2647	2.9355	Noun	1134	0.99912	4.3499	3	31	8	0	1	high	high3	2	20	1	2	21	22	23	24	
16225	16224	sloth	59952	74	24	26	18	1.451	1.8751	0.28612	1.3979	Noun	74	1	3.1669	1	40	5	3	1	low	low1	3	30	1	2	31	32	33	34	
18397	18396	turf	68203	218	176	205	164	4.2745	2.3404	2.0982	2.248	Noun	212	0.97248	3.6323	1	14	4	3	1	low	low1	3	30	1	2	31	32	33	34	
9122	9121	investment	34188	497	373	485	362	9.7451	2.6972	4.4468	2.5729	Noun	497	1	3.9891	3	65	10	0	1	high	high3	2	20	1	2	21	22	23	24	
11583	11582	mystery	42430	1171	837	1094	802	22.9608	3.0689	9.9785	2.9232	Noun	1167	0.99744	4.3608	3	103.67	7	1	1	high	high3	2	20	1	2	21	22	23	24	
10628	10627	marketing	39189	243	156	209	140	4.7647	2.3874	1.8598	2.1959	Noun	235	0.96708	3.6792	3	244.63	9	0	1	high	high3	2	20	1	2	21	22	23	24	
18932	18931	vogue	71593	119	61	24	11	2.3333	2.0792	0.72723	1.7924	Noun	118	1	3.371	1	11.75	5	2	1	low	low1	3	30	1	2	31	32	33	34	
11568	11567	mutt	42364	202	126	174	116	3.9608	2.3075	1.5021	2.1038	Noun	202	1	3.5993	1	10.67	4	4	1	low	low1	3	30	1	2	31	32	33	34	
2633	2632	cap	9397	956	619	687	524	18.7451	2.9809	7.3796	2.7924	Noun	765	0.90426	4.2727	1	9.5	3	19	1	high	high1	1	10	1	2	11	12	13	14	
19392	19391	womb	73371	177	141	168	136	3.4706	2.2504	1.681	2.1523	Noun	176	0.99435	3.5423	1	12.67	4	3	1	low	low1	3	30	1	2	31	32	33	34	
4315	4314	cult	15679	227	142	213	135	4.451	2.3579	1.6929	2.1553	Noun	227	1	3.6498	1	19.67	4	4	1	low	low1	3	30	1	2	31	32	33	34	
18352	18351	tub	68050	647	461	634	454	12.6863	2.8116	5.4959	2.6646	Noun	647	0.99846	4.1034	1	5	3	9	1	high	high1	1	10	1	2	11	12	13	14	
3245	3244	cinnamon	11545	152	100	121	91	2.9804	2.1847	1.1922	2.0043	Noun	152	1	3.4765	3	32.29	8	0	1	low	low3	4	40	1	2	41	42	43	44	
1193	1192	barbecue	4787	456	272	408	256	8.9412	2.6599	3.2427	2.4362	Noun	366	0.80617	3.9518	3	40.29	8	0	1	high	high3	2	20	1	2	21	22	23	24	
13092	13091	ping	48191	168	81	59	35	3.2941	2.2279	0.96567	1.9138	Noun	146	0.86905	3.5197	1	33	4	13	1	low	low1	3	30	1	2	31	32	33	34	
14898	14897	road	55319	5709	2766	5043	2567	111.9412	3.7566	32.9757	3.442	Noun	5690	0.9979	5.0485	1	22	4	8	1	high	high1	1	10	1	2	11	12	13	14	
16364	16363	sodium	60594	126	80	87	59	2.4706	2.1038	0.95374	1.9085	Noun	126	1	3.3956	3	25.8	6	1	1	low	low3	4	40	1	2	41	42	43	44	
1207	1206	bargaining	4846	106	79	94	74	2.0784	2.0294	0.94182	1.9031	Noun	65	0.61905	3.3212	3	140.67	10	0	1	low	low3	4	40	1	2	41	42	43	44	
16609	16608	spook	61584	140	106	128	101	2.7451	2.1492	1.2637	2.0294	Noun	69	0.49286	3.4411	1	26	5	4	1	low	low1	3	30	1	2	31	32	33	34	
4596	4595	decency	16578	236	198	224	193	4.6275	2.3747	2.3605	2.2989	Noun	235	0.99576	3.6666	3	49.67	7	0	1	high	high3	2	20	1	2	21	22	23	24	
677	676	arena	3024	185	116	154	95	3.6275	2.2695	1.3829	2.0682	Noun	156	0.84324	3.5613	3	21.5	5	0	1	low	low3	4	40	1	2	41	42	43	44	
5023	5022	discomfort	18537	81	70	78	68	1.5882	1.9138	0.83453	1.8513	Noun	81	1	3.2056	3	40.56	10	0	1	low	low3	4	40	1	2	41	42	43	44	
1658	1657	bleach	6478	118	71	110	70	2.3137	2.0755	0.84645	1.8573	Noun	84	0.70588	3.3674	1	37.4	6	1	1	low	low1	3	30	1	2	31	32	33	34	
2110	2109	bride	7868	1235	638	1148	612	24.2157	3.092	7.6061	2.8055	Noun	1204	0.98206	4.3839	1	36.75	5	3	1	high	high1	1	10	1	2	11	12	13	14	
6139	6138	extinction	23111	76	65	71	63	1.4902	1.8865	0.77492	1.8195	Noun	76	1	3.1783	3	122	10	0	1	low	low3	4	40	1	2	41	42	43	44	
18113	18112	tract	67153	73	56	71	54	1.4314	1.8692	0.66762	1.7559	Noun	70	0.9589	3.1611	1	41.75	5	3	1	low	low1	3	30	1	2	31	32	33	34	
10800	10799	medicine	39769	1744	1000	1552	941	34.1961	3.2418	11.9218	3.0004	Noun	1731	1	4.5336	3	158.43	8	0	1	high	high3	2	20	1	2	21	22	23	24	
19113	19112	waterfall	72168	95	67	91	65	1.8627	1.9823	0.79876	1.8325	Noun	95	1	3.2741	3	51.25	9	0	1	low	low3	4	40	1	2	41	42	43	44	
7712	7711	groom	28506	399	250	381	244	7.8235	2.6021	2.9804	2.3997	Noun	327	0.82161	3.8939	1	38.5	5	2	1	high	high1	1	10	1	2	11	12	13	14	
8845	8844	inch	32664	631	499	621	496	12.3725	2.8007	5.949	2.699	Noun	597	0.95064	4.0926	1	6	4	1	1	high	high1	1	10	1	2	11	12	13	14	
18962	18961	vow	71694	276	200	267	195	5.4118	2.4425	2.3844	2.3032	Noun	205	0.74275	3.7343	1	6.5	3	11	1	high	high1	1	10	1	2	11	12	13	14	
12168	12167	orb	44752	140	67	122	61	2.7451	2.1492	0.79876	1.8325	Noun	140	1	3.4411	1	1.5	3	1	1	low	low1	3	30	1	2	31	32	33	34	
6574	6573	fisherman	24468	221	145	186	126	4.3333	2.3464	1.7287	2.1644	Noun	220	1	3.6382	3	51.63	9	1	1	low	low3	4	40	1	2	41	42	43	44	
3469	3468	coconut	12316	234	140	170	116	4.5882	2.3711	1.6691	2.1492	Noun	234	1	3.6629	3	46.67	7	0	1	high	high3	2	20	1	2	21	22	23	24	
3766	3765	connection	13549	1386	1008	1356	988	27.1765	3.1421	12.0172	3.0039	Noun	1314	0.94942	4.4339	3	154.78	10	2	1	high	high3	2	20	1	2	21	22	23	24	
3732	3731	conductor	13327	155	107	122	91	3.0392	2.1931	1.2756	2.0334	Noun	155	1	3.485	3	68.88	9	0	1	low	low3	4	40	1	2	41	42	43	44	
8769	8768	imagery	32147	74	62	72	62	1.451	1.8751	0.73915	1.7993	Noun	74	1	3.1669	3	84.5	7	0	1	low	low3	4	40	1	2	41	42	43	44	
9785	9784	lawn	36574	630	424	604	411	12.3529	2.8	5.0548	2.6284	Noun	629	1	4.0919	1	19.67	4	7	1	high	high1	1	10	1	2	11	12	13	14	
4306	4305	cuff	15644	291	237	197	164	5.7059	2.4654	2.8255	2.3766	Noun	290	1	3.7572	1	10.67	4	6	1	high	high1	1	10	1	2	11	12	13	14	
9041	9040	insulin	33671	107	56	91	50	2.098	2.0334	0.66762	1.7559	Noun	107	1	3.3253	3	33	7	0	1	low	low3	4	40	1	2	41	42	43	44	
14064	14063	quantity	51610	95	81	88	77	1.8627	1.9823	0.96567	1.9138	Noun	95	1	3.2741	3	91	8	1	1	low	low3	4	40	1	2	41	42	43	44	
404	403	amulet	2024	118	37	117	36	2.3137	2.0755	0.44111	1.5798	Noun	116	1	3.3674	3	55.2	6	0	1	low	low3	4	40	1	2	41	42	43	44	
5627	5626	egg	20787	1328	726	1237	694	26.0392	3.1235	8.6552	2.8615	Noun	1314	0.9902	4.4154	1	1.5	3	1	1	high	high1	1	10	1	2	11	12	13	14	
9474	9473	kidnapper	35569	206	92	194	89	4.0392	2.316	1.0968	1.9685	Noun	202	0.98058	3.6078	3	23.88	9	1	1	low	low3	4	40	1	2	41	42	43	44	
1901	1900	boot	7251	568	374	484	350	11.1373	2.7551	4.4588	2.574	Noun	382	0.67135	4.0469	1	34.67	4	17	1	high	high1	1	10	1	2	11	12	13	14	
12788	12787	peep	46988	226	185	177	153	4.4314	2.356	2.2055	2.2695	Noun	129	0.5708	3.6479	1	25	4	10	1	low	low1	3	30	1	2	31	32	33	34	
2309	2308	bun	8462	147	109	111	85	2.8824	2.1703	1.2995	2.0414	Noun	145	0.98639	3.4621	1	8	3	17	1	low	low1	3	30	1	2	31	32	33	34	
5377	5376	drip	19974	261	168	228	165	5.1176	2.4183	2.0029	2.2279	Noun	177	0.67816	3.7101	1	13.33	4	3	1	high	high1	1	10	1	2	11	12	13	14	
6621	6620	flank	24630	236	132	222	127	4.6275	2.3747	1.5737	2.1239	Noun	217	0.91949	3.6666	1	44.75	5	5	1	high	high1	1	10	1	2	11	12	13	14	
11159	11158	mist	41060	181	121	144	100	3.549	2.2601	1.4425	2.0864	Noun	173	0.9558	3.5519	1	25.33	4	8	1	low	low1	3	30	1	2	31	32	33	34	
19367	19366	wit	73251	302	227	287	219	5.9216	2.4814	2.7062	2.3579	Noun	300	1	3.7733	1	6.5	3	12	1	high	high1	1	10	1	2	11	12	13	14	
7297	7296	gent	27016	82	64	76	60	1.6078	1.9191	0.76299	1.8129	Noun	82	1	3.2109	1	19.67	4	10	1	low	low1	3	30	1	2	31	32	33	34	
3824	3823	contractor	13919	160	123	156	119	3.1373	2.2068	1.4664	2.0934	Noun	160	1	3.4987	3	76	10	0	1	low	low3	4	40	1	2	41	42	43	44	
6874	6873	form	25516	2180	1535	2088	1485	42.7451	3.3387	18.3	3.1864	Noun	1650	0.75758	4.6305	1	22.67	4	10	1	high	high1	1	10	1	2	11	12	13	14	
5606	5605	edition	20691	249	194	229	177	4.8824	2.3979	2.3128	2.29	Noun	248	1	3.6898	3	62.17	7	0	1	high	high3	2	20	1	2	21	22	23	24	
11126	11125	misery	40929	526	381	418	359	10.3137	2.7218	4.5422	2.5821	Noun	523	0.99619	4.0136	3	58.6	6	1	1	high	high3	2	20	1	2	21	22	23	24	
18324	18323	truce	67941	220	150	176	130	4.3137	2.3444	1.7883	2.179	Noun	221	1	3.6362	1	29.25	5	3	1	low	low1	3	30	1	2	31	32	33	34	
11353	11352	morgue	41679	440	269	420	258	8.6275	2.6444	3.207	2.4314	Noun	440	1	3.9363	1	38.4	6	0	1	high	high1	1	10	1	2	11	12	13	14	
7642	7641	gravity	28271	351	265	298	238	6.8824	2.5465	3.1593	2.4249	Noun	351	1	3.8384	3	62.5	7	0	1	high	high3	2	20	1	2	21	22	23	24	
12862	12861	perfection	47266	275	218	239	198	5.3922	2.4409	2.599	2.3404	Noun	274	0.99636	3.7327	3	128.22	10	0	1	high	high3	2	20	1	2	21	22	23	24	
12897	12896	personnel	47498	835	534	773	501	16.3725	2.9222	6.3662	2.7284	Noun	833	0.9976	4.214	3	42.5	9	0	1	high	high3	2	20	1	2	21	22	23	24	
16701	16700	staff	61953	1632	987	1457	923	32	3.213	11.7668	2.9948	Noun	1603	0.98163	4.5048	1	30	5	2	1	high	high1	1	10	1	2	11	12	13	14	
13380	13379	polygraph	49030	81	40	72	37	1.5882	1.9138	0.47687	1.6128	Noun	73	0.90123	3.2056	3	28.25	9	0	1	low	low3	4	40	1	2	41	42	43	44	
9977	9976	library	37121	1170	687	1061	647	22.9412	3.0686	8.1903	2.8376	Noun	1169	1	4.3604	3	42	7	0	1	high	high3	2	20	1	2	21	22	23	24	
2891	2890	cavity	10203	152	123	147	120	2.9804	2.1847	1.4664	2.0934	Noun	152	1	3.4765	3	53	6	0	1	low	low3	4	40	1	2	41	42	43	44	
6763	6762	foe	25136	94	76	91	75	1.8431	1.9777	0.90606	1.8865	Noun	92	1	3.2696	1	5.5	3	11	1	low	low1	3	30	1	2	31	32	33	34	
13916	13915	puff	51117	227	168	174	144	4.451	2.3579	2.0029	2.2279	Noun	187	0.82379	3.6498	1	11.33	4	6	1	low	low1	3	30	1	2	31	32	33	34	
8229	8228	hemisphere	30141	76	62	45	39	1.4902	1.8865	0.73915	1.7993	Noun	76	1	3.1783	3	27.78	10	0	1	low	low3	4	40	1	2	41	42	43	44	
4902	4901	dice	18014	533	295	507	280	10.451	2.7275	3.5169	2.4713	Noun	533	1	4.0194	1	17.67	4	11	1	high	high1	1	10	1	2	11	12	13	14	
875	874	attendance	3740	135	113	118	99	2.6471	2.1335	1.3472	2.0569	Noun	135	1	3.4254	3	46.67	10	0	1	low	low3	4	40	1	2	41	42	43	44	
8194	8193	heel	30007	377	281	305	242	7.3922	2.5775	3.35	2.4502	Noun	310	0.82011	3.8693	1	25.67	4	7	1	high	high1	1	10	1	2	11	12	13	14	
9903	9902	length	36902	358	270	349	263	7.0196	2.5551	3.2189	2.433	Noun	337	0.94134	3.8469	1	36.2	6	0	1	high	high1	1	10	1	2	11	12	13	14	
6113	6112	explorer	23003	97	63	58	45	1.902	1.9912	0.75107	1.8062	Noun	97	1	3.2831	3	83.43	8	2	1	low	low3	4	40	1	2	41	42	43	44	
12218	12217	orphanage	44907	273	136	256	132	5.3529	2.4378	1.6214	2.1367	Noun	273	1	3.7296	3	24.63	9	0	1	high	high3	2	20	1	2	21	22	23	24	
16852	16851	stereo	62380	304	216	260	191	5.9608	2.4843	2.5751	2.3365	Noun	301	1	3.7761	3	49	6	0	1	high	high3	2	20	1	2	21	22	23	24	
10291	10290	lounge	38009	401	273	327	232	7.8627	2.6042	3.2546	2.4378	Noun	388	0.96758	3.8961	1	42.6	6	0	1	high	high1	1	10	1	2	11	12	13	14	
3718	3717	concussion	13269	229	182	206	170	4.4902	2.3617	2.1698	2.2625	Noun	229	1	3.6536	3	118.33	10	1	1	high	high3	2	20	1	2	21	22	23	24	
12314	12313	overcoat	45360	74	55	65	51	1.451	1.8751	0.6557	1.7482	Noun	73	0.98649	3.1669	3	34.71	8	0	1	low	low3	4	40	1	2	41	42	43	44	
2788	2787	casino	9898	1039	325	889	281	20.3725	3.017	3.8746	2.5132	Noun	954	0.91819	4.3089	3	88.2	6	1	1	high	high3	2	20	1	2	21	22	23	24	
12873	12872	period	47325	1417	1022	1278	927	27.7843	3.1517	12.1841	3.0099	Noun	1417	1	4.4435	3	40.2	6	0	1	high	high3	2	20	1	2	21	22	23	24	
11189	11188	mob	41161	660	384	579	346	12.9412	2.8202	4.578	2.5855	Noun	634	0.96353	4.112	1	8	3	14	1	high	high1	1	10	1	2	11	12	13	14	
832	831	astronaut	3591	202	99	190	99	3.9608	2.3075	1.1803	2	Noun	182	0.91	3.5993	3	32.5	9	0	1	low	low3	4	40	1	2	41	42	43	44	
9240	9239	jealousy	34708	293	229	238	194	5.7451	2.4683	2.7301	2.3617	Noun	292	0.99659	3.7602	3	32.57	8	0	1	high	high3	2	20	1	2	21	22	23	24	
9627	9626	lad	36112	736	339	675	316	14.4314	2.8675	4.0415	2.5315	Noun	726	1	4.1593	1	10	3	20	1	high	high1	1	10	1	2	11	12	13	14	
12646	12645	paste	46591	87	71	81	65	1.7059	1.9445	0.84645	1.8573	Noun	66	0.75862	3.2363	1	41	5	8	1	low	low1	3	30	1	2	31	32	33	34	
17834	17833	thumb	66200	603	404	559	388	11.8235	2.781	4.8164	2.6075	Noun	591	0.9801	4.0729	1	14.75	5	1	1	high	high1	1	10	1	2	11	12	13	14	
15989	15988	sigh	59081	173	131	163	125	3.3922	2.2405	1.5618	2.1206	Noun	129	0.74566	3.5324	1	10.33	4	3	1	low	low1	3	30	1	2	31	32	33	34	
12082	12081	olympics	44496	217	131	6	6	4.2549	2.3385	1.5618	2.1206	Noun	218	1	3.6303	3	21.71	8	0	1	low	low3	4	40	1	2	41	42	43	44	
18998	18997	waist	71826	262	220	254	216	5.1373	2.42	2.6228	2.3444	Noun	261	1	3.7118	1	35.5	5	2	1	high	high1	1	10	1	2	11	12	13	14	
6245	6244	fame	23461	441	325	349	267	8.6471	2.6454	3.8746	2.5132	Noun	440	0.99773	3.9373	1	19.67	4	13	1	high	high1	1	10	1	2	11	12	13	14	
10946	10945	microchip	40377	74	33	70	32	1.451	1.8751	0.39342	1.5315	Noun	74	1	3.1669	3	22.13	9	0	1	low	low3	4	40	1	2	41	42	43	44	
5616	5615	eel	20722	73	52	64	50	1.4314	1.8692	0.61993	1.7243	Noun	72	1	3.1611	1	1.5	3	1	1	low	low1	3	30	1	2	31	32	33	34	
259	258	algebra	1519	90	69	67	51	1.7647	1.959	0.8226	1.8451	Noun	74	0.82222	3.2509	3	8.5	7	0	1	low	low3	4	40	1	2	41	42	43	44	
2344	2343	burial	8579	242	197	229	187	4.7451	2.3856	2.3486	2.2967	Noun	243	1	3.6774	3	62.2	6	0	1	high	high3	2	20	1	2	21	22	23	24	
12805	12804	penalty	47060	464	307	449	301	9.098	2.6675	3.66	2.4886	Noun	464	1	3.9593	3	47	7	0	1	high	high3	2	20	1	2	21	22	23	24	
17390	17389	syndicate	64577	102	66	83	62	2	2.0128	0.78684	1.8261	Noun	102	1	3.3047	3	49.38	9	0	1	low	low3	4	40	1	2	41	42	43	44	
11237	11236	mold	41307	219	153	210	151	4.2941	2.3424	1.824	2.1875	Noun	164	0.75229	3.6343	1	23.67	4	11	1	low	low1	3	30	1	2	31	32	33	34	
12913	12912	pest	47573	146	112	116	97	2.8627	2.1673	1.3352	2.0531	Noun	145	1	3.4592	1	23.33	4	14	1	low	low1	3	30	1	2	31	32	33	34	
10176	10175	lobe	37658	95	69	93	68	1.8627	1.9823	0.8226	1.8451	Noun	95	1	3.2741	1	16.67	4	7	1	low	low1	3	30	1	2	31	32	33	34	
13790	13789	promotion	50579	557	391	535	382	10.9216	2.7466	4.6614	2.5933	Noun	557	1	4.0385	3	112.25	9	0	1	high	high3	2	20	1	2	21	22	23	24	
11949	11948	nursery	43959	207	139	202	136	4.0588	2.3181	1.6571	2.1461	Noun	207	1	3.6099	3	95.83	7	0	1	low	low3	4	40	1	2	41	42	43	44	
357	356	ambition	1846	273	233	257	221	5.3529	2.4378	2.7778	2.3692	Noun	273	1	3.7296	3	82.29	8	0	1	high	high3	2	20	1	2	21	22	23	24	
12007	12006	occasion	44208	844	692	839	690	16.549	2.9269	8.2499	2.8407	Noun	838	0.99643	4.2187	3	49.29	8	0	1	high	high3	2	20	1	2	21	22	23	24	
948	947	avalanche	4025	173	54	58	43	3.3922	2.2405	0.64378	1.7404	Noun	173	1	3.5324	3	23.5	9	0	1	low	low3	4	40	1	2	41	42	43	44	
