numid|f	X|f	Word|s	Unnamed|f	FREQcount|f	Cdcount|f	FREQlow|f	Cdlow|f	SUBLTLWF|f	Lg10WF|f	SUBTLCD|f	Lg10CD|f	Dom_PoS_SUBTLEX|s	Freq_dom_PoS_SUBTLEX|f	Percentage_dom_PoS|f	Zipfvalue|f	cmu_sylls|f	BF_TP|f	LEN_L|f	N|f	Zipfvalue_incl|f	Zipfvalue_cat|s	cond_name|s	cond_code|f	trigger_code|f	len|f	corr_resp|f	fix_code|f	word_code|f	delay_code|f	audioresp_code|f	
2583	2582	candidate	9264	434	277	406	263	8.5098	2.6385	3.3023	2.444	Noun	434	1	3.9303	3	60.75	9	0	1	high	high3	2	20	1	2	21	22	23	24	
17053	17052	studio	63106	1190	566	1071	517	23.3333	3.0759	6.7477	2.7536	Noun	1187	0.99832	4.3677	3	30.8	6	0	1	high	high3	2	20	1	2	21	22	23	24	
8131	8130	headmaster	29819	112	49	61	36	2.1961	2.0531	0.58417	1.699	Noun	112	1	3.3449	3	49.89	10	0	1	low	low3	4	40	1	2	41	42	43	44	
13086	13085	pinch	48167	312	261	277	233	6.1176	2.4955	3.1116	2.4183	Noun	158	0.50641	3.7874	1	45.75	5	5	1	high	high1	1	10	1	2	11	12	13	14	
18725	18724	vein	70955	183	138	180	136	3.5882	2.2648	1.6452	2.143	Noun	184	1	3.5567	1	13	4	3	1	low	low1	3	30	1	2	31	32	33	34	
16201	16200	slime	59848	141	106	126	101	2.7647	2.1523	1.2637	2.0294	Noun	127	0.90071	3.4441	1	27.25	5	3	1	low	low1	3	30	1	2	31	32	33	34	
15249	15248	sanity	56446	139	127	132	123	2.7255	2.1461	1.5141	2.1072	Noun	139	1	3.438	3	59.4	6	1	1	low	low3	4	40	1	2	41	42	43	44	
14407	14406	recorder	52953	252	178	232	169	4.9412	2.4031	2.1221	2.2529	Noun	252	1	3.695	3	99	8	1	1	high	high3	2	20	1	2	21	22	23	24	
12358	12357	ownership	45725	116	95	114	93	2.2745	2.0682	1.1326	1.9823	Noun	116	1	3.36	3	35	9	0	1	low	low3	4	40	1	2	41	42	43	44	
3612	3611	commandant	12774	131	50	65	34	2.5686	2.1206	0.59609	1.7076	Noun	131	1	3.4124	3	65.22	10	0	1	low	low3	4	40	1	2	41	42	43	44	
17379	17378	symphony	64532	181	136	110	86	3.549	2.2601	1.6214	2.1367	Noun	180	0.99448	3.5519	3	28.29	8	0	1	low	low3	4	40	1	2	41	42	43	44	
10362	10361	lust	38290	284	211	255	195	5.5686	2.4548	2.5155	2.3263	Noun	277	0.96181	3.7467	1	24.33	4	12	1	high	high1	1	10	1	2	11	12	13	14	
15493	15492	scroll	57271	116	48	102	39	2.2745	2.0682	0.57225	1.6902	Noun	103	0.88793	3.36	1	26.8	6	1	1	low	low1	3	30	1	2	31	32	33	34	
19525	19524	yarn	73860	81	60	78	59	1.5882	1.9138	0.71531	1.7853	Noun	81	1	3.2056	1	28	4	7	1	low	low1	3	30	1	2	31	32	33	34	
16055	16054	sip	59333	260	220	237	201	5.098	2.4166	2.6228	2.3444	Noun	243	0.93462	3.7085	1	9	3	19	1	high	high1	1	10	1	2	11	12	13	14	
7045	7044	fudge	26202	185	122	148	102	3.6275	2.2695	1.4545	2.0899	Noun	168	0.90323	3.5613	1	22.25	5	3	1	low	low1	3	30	1	2	31	32	33	34	
3801	3800	container	13808	219	144	210	141	4.2941	2.3424	1.7167	2.1614	Noun	219	1	3.6343	3	95.75	9	1	1	low	low3	4	40	1	2	41	42	43	44	
3973	3972	cot	14529	102	76	97	73	2	2.0128	0.90606	1.8865	Noun	102	1	3.3047	1	11.5	3	24	1	low	low1	3	30	1	2	31	32	33	34	
15453	15452	scout	57133	657	411	362	216	12.8824	2.8182	4.8999	2.6149	Noun	517	0.78811	4.1101	1	19.75	5	6	1	high	high1	1	10	1	2	11	12	13	14	
17049	17048	stud	63098	354	269	321	250	6.9412	2.5502	3.207	2.4314	Noun	245	0.69801	3.8421	1	7	4	2	1	high	high1	1	10	1	2	11	12	13	14	
18988	18987	wage	71782	159	142	158	141	3.1176	2.2041	1.6929	2.1553	Noun	126	0.79245	3.496	1	20.67	4	11	1	low	low1	3	30	1	2	31	32	33	34	
5780	5779	endeavor	21479	76	67	67	62	1.4902	1.8865	0.79876	1.8325	Noun	54	0.71053	3.1783	3	30.86	8	0	1	low	low3	4	40	1	2	41	42	43	44	
2080	2079	breath	7779	2291	1603	2232	1574	44.9216	3.3602	19.1106	3.2052	Noun	2231	0.97424	4.652	1	48.2	6	2	1	high	high1	1	10	1	2	11	12	13	14	
10188	10187	location	37695	1263	823	1213	799	24.7647	3.1017	9.8116	2.9159	Noun	1258	1	4.3936	3	87.43	8	1	1	high	high3	2	20	1	2	21	22	23	24	
876	875	attendant	3741	158	119	139	108	3.098	2.2014	1.4187	2.0792	Noun	150	0.94937	3.4932	3	59	9	0	1	low	low3	4	40	1	2	41	42	43	44	
14942	14941	rogue	55444	190	114	123	103	3.7255	2.281	1.3591	2.0607	Noun	175	0.92105	3.5729	1	17.75	5	1	1	low	low1	3	30	1	2	31	32	33	34	
9280	9279	jig	34846	87	62	80	58	1.7059	1.9445	0.73915	1.7993	Noun	81	0.93103	3.2363	1	5	3	11	1	low	low1	3	30	1	2	31	32	33	34	
1269	1268	basketball	5023	1091	420	1014	402	21.3922	3.0382	5.0072	2.6243	Noun	1086	0.99908	4.3301	3	11.56	10	0	1	high	high3	2	20	1	2	21	22	23	24	
10567	10566	manpower	38996	105	96	102	94	2.0588	2.0253	1.1445	1.9868	Noun	105	1	3.3171	3	63	8	0	1	low	low3	4	40	1	2	41	42	43	44	
7768	7767	guardian	28689	358	247	309	225	7.0196	2.5551	2.9447	2.3945	Noun	358	1	3.8469	3	40.14	8	0	1	high	high3	2	20	1	2	21	22	23	24	
16166	16165	slate	59705	165	128	145	117	3.2353	2.2201	1.526	2.1106	Noun	165	0.98802	3.5119	1	43.5	5	6	1	low	low1	3	30	1	2	31	32	33	34	
18822	18821	video	71276	2105	1088	1916	1045	41.2745	3.3235	12.9709	3.037	Noun	2033	0.9658	4.6153	3	23	5	1	1	high	high3	2	20	1	2	21	22	23	24	
12885	12884	permission	47395	1587	1063	1382	983	31.1176	3.2009	12.6729	3.0269	Noun	1587	1	4.4927	3	92.89	10	0	1	high	high3	2	20	1	2	21	22	23	24	
14641	14640	republic	54202	286	165	71	49	5.6078	2.4579	1.9671	2.2201	Noun	285	0.9965	3.7497	3	58.29	8	0	1	high	high3	2	20	1	2	21	22	23	24	
5605	5604	editing	20690	108	72	98	67	2.1176	2.0374	0.85837	1.8633	Noun	79	0.73148	3.3293	3	288.33	7	1	1	low	low3	4	40	1	2	41	42	43	44	
13114	13113	pipe	48267	989	643	853	558	19.3922	2.9956	7.6657	2.8089	Noun	810	0.81901	4.2875	1	16.67	4	7	1	high	high1	1	10	1	2	11	12	13	14	
15333	15332	scalp	56749	188	141	177	135	3.6863	2.2765	1.681	2.1523	Noun	158	0.84492	3.5683	1	18.5	5	3	1	low	low1	3	30	1	2	31	32	33	34	
15109	15108	rut	55994	78	44	74	42	1.5294	1.8976	0.52456	1.6532	Noun	73	0.9359	3.1895	1	8	3	17	1	low	low1	3	30	1	2	31	32	33	34	
18676	18675	vanilla	70795	203	147	140	110	3.9804	2.3096	1.7525	2.1703	Noun	202	1	3.6015	3	37.83	7	0	1	low	low3	4	40	1	2	41	42	43	44	
4146	4145	creek	15099	454	241	192	136	8.902	2.658	2.8732	2.3838	Noun	448	0.99115	3.9498	1	35	5	5	1	high	high1	1	10	1	2	11	12	13	14	
10919	10918	meteor	40250	180	68	163	62	3.5294	2.2577	0.81068	1.8388	Noun	179	0.99444	3.5495	3	34.2	6	0	1	low	low3	4	40	1	2	41	42	43	44	
10146	10145	livelihood	37574	76	65	76	65	1.4902	1.8865	0.77492	1.8195	Noun	75	1	3.1783	3	21.56	10	1	1	low	low3	4	40	1	2	41	42	43	44	
18743	18742	vent	71015	225	159	211	152	4.4118	2.3541	1.8956	2.2041	Noun	174	0.78378	3.6459	1	21.33	4	10	1	low	low1	3	30	1	2	31	32	33	34	
8020	8019	harassment	29439	300	188	287	180	5.8824	2.4786	2.2413	2.2765	Noun	300	1	3.7704	3	48.44	10	0	1	high	high3	2	20	1	2	21	22	23	24	
10672	10671	mash	39326	224	150	68	60	4.3922	2.3522	1.7883	2.179	Noun	123	0.54911	3.644	1	30.33	4	15	1	low	low1	3	30	1	2	31	32	33	34	
2283	2282	bulletin	8383	183	148	163	137	3.5882	2.2648	1.7644	2.1732	Noun	183	1	3.5567	3	40.71	8	0	1	low	low3	4	40	1	2	41	42	43	44	
7684	7683	grinch	28436	133	26	3	3	2.6078	2.1271	0.30997	1.4314	Noun	78	0.59091	3.4189	1	56.2	6	0	1	low	low1	3	30	1	2	31	32	33	34	
7185	7184	gardener	26684	214	141	208	135	4.1961	2.3324	1.681	2.1523	Noun	214	1	3.6243	3	91.14	8	0	1	low	low3	4	40	1	2	41	42	43	44	
14938	14937	rodeo	55424	283	109	208	81	5.549	2.4533	1.2995	2.0414	Noun	235	0.83039	3.7452	3	25	5	0	1	high	high3	2	20	1	2	21	22	23	24	
11567	11566	mutiny	42361	126	74	116	70	2.4706	2.1038	0.88221	1.8751	Noun	126	1	3.3956	3	75	6	0	1	low	low3	4	40	1	2	41	42	43	44	
5984	5983	eulogy	22399	84	42	80	42	1.6471	1.9294	0.50072	1.6335	Noun	84	1	3.2213	3	14.4	6	0	1	low	low3	4	40	1	2	41	42	43	44	
5009	5008	disaster	18462	881	684	848	664	17.2745	2.9455	8.1545	2.8357	Noun	876	0.99772	4.2373	3	100.14	8	0	1	high	high3	2	20	1	2	21	22	23	24	
4738	4737	department	17309	3256	1788	2051	1268	63.8431	3.5128	21.3162	3.2526	Noun	3247	1	4.8047	3	56.44	10	1	1	high	high3	2	20	1	2	21	22	23	24	
4046	4045	covenant	14761	341	53	15	14	6.6863	2.534	0.63186	1.7324	Noun	336	0.98534	3.8259	3	82.29	8	0	1	high	high3	2	20	1	2	21	22	23	24	
885	884	attitude	3770	1330	1016	1291	994	26.0784	3.1242	12.1125	3.0073	Noun	1327	0.99925	4.416	3	34.71	8	2	1	high	high3	2	20	1	2	21	22	23	24	
13088	13087	pine	48180	316	211	210	160	6.1961	2.5011	2.5155	2.3263	Noun	269	0.85669	3.7929	1	34.33	4	18	1	high	high1	1	10	1	2	11	12	13	14	
8565	8564	hound	31260	257	167	197	134	5.0392	2.4116	1.9909	2.2253	Noun	235	0.92885	3.7035	1	38	5	7	1	high	high1	1	10	1	2	11	12	13	14	
11490	11489	mule	42077	358	213	323	202	7.0196	2.5551	2.5393	2.3304	Noun	357	1	3.8469	1	22	4	8	1	high	high1	1	10	1	2	11	12	13	14	
7478	7477	godmother	27732	82	49	72	44	1.6078	1.9191	0.58417	1.699	Noun	83	1	3.2109	3	30.38	9	0	1	low	low3	4	40	1	2	41	42	43	44	
4272	4271	crust	15521	166	126	163	124	3.2549	2.2227	1.5021	2.1038	Noun	164	0.98795	3.5146	1	34	5	4	1	low	low1	3	30	1	2	31	32	33	34	
933	932	autograph	3966	416	273	406	271	8.1569	2.6201	3.2546	2.4378	Noun	371	0.89183	3.912	3	24.38	9	0	1	high	high3	2	20	1	2	21	22	23	24	
14258	14257	rank	52210	433	325	416	314	8.4902	2.6375	3.8746	2.5132	Noun	376	0.86836	3.9293	1	32.33	4	13	1	high	high1	1	10	1	2	11	12	13	14	
7944	7943	ham	29228	591	335	473	286	11.5882	2.7723	3.9938	2.5263	Noun	565	0.95601	4.0642	1	8	3	17	1	high	high1	1	10	1	2	11	12	13	14	
6501	6500	filth	24276	231	158	206	148	4.5294	2.3655	1.8836	2.2014	Noun	230	0.99138	3.6573	1	31.25	5	2	1	high	high1	1	10	1	2	11	12	13	14	
5006	5005	dirt	18389	1310	814	1130	782	25.6863	3.1176	9.7043	2.9112	Noun	1310	0.99848	4.4094	1	19.33	4	5	1	high	high1	1	10	1	2	11	12	13	14	
7230	7229	gauge	26830	112	92	111	91	2.1961	2.0531	1.0968	1.9685	Noun	102	0.91071	3.3449	1	24.5	5	2	1	low	low1	3	30	1	2	31	32	33	34	
14431	14430	redemption	53085	112	91	89	77	2.1961	2.0531	1.0849	1.9638	Noun	112	1	3.3449	3	129.33	10	0	1	low	low3	4	40	1	2	41	42	43	44	
8455	8454	honesty	30924	368	298	317	267	7.2157	2.567	3.5527	2.4757	Noun	365	0.99455	3.8589	3	44	7	0	1	high	high3	2	20	1	2	21	22	23	24	
3795	3794	consultant	13767	187	142	179	137	3.6667	2.2742	1.6929	2.1553	Noun	187	1	3.566	3	71.67	10	0	1	low	low3	4	40	1	2	41	42	43	44	
391	390	amp	1977	93	73	73	60	1.8235	1.9731	0.87029	1.8692	Noun	92	1	3.265	1	1.5	3	1	1	low	low1	3	30	1	2	31	32	33	34	
18339	18338	trunk	67993	1010	561	985	553	19.8039	3.0048	6.6881	2.7497	Noun	1010	0.99901	4.2966	1	33.5	5	2	1	high	high1	1	10	1	2	11	12	13	14	
7176	7175	gap	26657	218	178	165	133	4.2745	2.3404	2.1221	2.2529	Noun	217	1	3.6323	1	9	3	16	1	low	low1	3	30	1	2	31	32	33	34	
810	809	assistant	3503	1643	977	1414	861	32.2157	3.2159	11.6476	2.9903	Noun	1095	0.6685	4.5077	3	57.13	9	0	1	high	high3	2	20	1	2	21	22	23	24	
19518	19517	yard	73843	1278	776	1093	714	25.0588	3.1069	9.2513	2.8904	Noun	1280	0.99844	4.3987	1	27.67	4	7	1	high	high1	1	10	1	2	11	12	13	14	
3301	3300	clause	11808	143	99	122	89	2.8039	2.1584	1.1803	2	Noun	130	0.90909	3.4502	1	40	6	0	1	low	low1	3	30	1	2	31	32	33	34	
8753	8752	ignition	32045	212	129	185	106	4.1569	2.3284	1.5379	2.1139	Noun	212	1	3.6202	3	81.71	8	0	1	low	low3	4	40	1	2	41	42	43	44	
3944	3943	corridor	14422	284	207	266	198	5.5686	2.4548	2.4678	2.3181	Noun	283	1	3.7467	3	69.86	8	0	1	high	high3	2	20	1	2	21	22	23	24	
9082	9081	internship	33907	152	74	148	74	2.9804	2.1847	0.88221	1.8751	Noun	150	1	3.4765	3	60.22	10	0	1	low	low3	4	40	1	2	41	42	43	44	
5032	5031	discretion	18601	187	161	173	153	3.6667	2.2742	1.9194	2.2095	Noun	188	1	3.566	3	131.44	10	0	1	low	low3	4	40	1	2	41	42	43	44	
3367	3366	cloak	12000	153	92	147	90	3	2.1875	1.0968	1.9685	Noun	151	0.98693	3.4794	1	29.5	5	2	1	low	low1	3	30	1	2	31	32	33	34	
18026	18025	torch	66889	254	196	220	176	4.9804	2.4065	2.3367	2.2945	Noun	252	0.99213	3.6984	1	40.75	5	2	1	high	high1	1	10	1	2	11	12	13	14	
17688	17687	terminal	65606	390	249	330	211	7.6471	2.5922	2.9685	2.3979	Noun	253	0.64872	3.884	3	66.14	8	0	1	high	high3	2	20	1	2	21	22	23	24	
43	42	accounting	410	230	179	186	151	4.5098	2.3636	2.134	2.2553	Noun	180	0.78261	3.6554	3	175.33	10	0	1	high	high3	2	20	1	2	21	22	23	24	
17985	17984	ton	66747	382	320	334	306	7.4902	2.5832	3.815	2.5065	Noun	380	1	3.875	1	8.5	3	18	1	high	high1	1	10	1	2	11	12	13	14	
16635	16634	spray	61660	492	342	459	320	9.6471	2.6928	4.0773	2.5353	Noun	320	0.65041	3.9847	1	23.25	5	2	1	high	high1	1	10	1	2	11	12	13	14	
5687	5686	elm	21054	73	47	16	15	1.4314	1.8692	0.56032	1.6812	Noun	51	0.70833	3.1611	1	2	3	2	1	low	low1	3	30	1	2	31	32	33	34	
18202	18201	treasury	67548	194	93	50	37	3.8039	2.29	1.1087	1.9731	Noun	193	0.99485	3.5819	3	65.29	8	1	1	low	low3	4	40	1	2	41	42	43	44	
12377	12376	pace	45786	488	337	344	280	9.5686	2.6893	4.0176	2.5289	Noun	437	0.89549	3.9811	1	23.67	4	14	1	high	high1	1	10	1	2	11	12	13	14	
13362	13361	poll	48968	127	79	112	70	2.4902	2.1072	0.94182	1.9031	Noun	129	0.99231	3.399	1	37.67	4	13	1	low	low1	3	30	1	2	31	32	33	34	
18035	18034	torpedo	66914	326	81	254	72	6.3922	2.5145	0.96567	1.9138	Noun	301	0.92901	3.8064	3	36.83	7	0	1	high	high3	2	20	1	2	21	22	23	24	
2046	2045	brat	7678	317	228	299	219	6.2157	2.5024	2.7182	2.3598	Noun	317	1	3.7943	1	20	4	8	1	high	high1	1	10	1	2	11	12	13	14	
17062	17061	stump	63131	125	80	92	75	2.451	2.1004	0.95374	1.9085	Noun	104	0.832	3.3922	1	29.5	5	3	1	low	low1	3	30	1	2	31	32	33	34	
9043	9042	insurance	33681	1955	1025	1852	994	38.3333	3.2914	12.2198	3.0111	Noun	1953	0.99898	4.5832	3	69.13	9	0	1	high	high3	2	20	1	2	21	22	23	24	
3793	3792	consulate	13763	249	78	187	62	4.8824	2.3979	0.9299	1.8976	Noun	237	0.95565	3.6898	3	85.38	9	0	1	high	high3	2	20	1	2	21	22	23	24	
7670	7669	grid	28386	282	190	267	183	5.5294	2.4518	2.2651	2.281	Noun	282	1	3.7436	1	14.67	4	5	1	high	high1	1	10	1	2	11	12	13	14	
16631	16630	spouse	61644	97	80	96	79	1.902	1.9912	0.95374	1.9085	Noun	97	1	3.2831	1	37	6	0	1	low	low1	3	30	1	2	31	32	33	34	
7325	7324	getaway	27156	196	152	182	146	3.8431	2.2945	1.8121	2.1847	Noun	196	1	3.5863	3	27.83	7	0	1	low	low3	4	40	1	2	41	42	43	44	
11973	11972	oath	44041	504	308	485	297	9.8824	2.7033	3.6719	2.49	Noun	504	1	3.9951	1	14	4	6	1	high	high1	1	10	1	2	11	12	13	14	
11203	11202	mode	41203	263	198	236	187	5.1569	2.4216	2.3605	2.2989	Noun	254	0.96578	3.7134	1	19	4	10	1	high	high1	1	10	1	2	11	12	13	14	
5954	5953	estimate	22303	243	201	233	192	4.7647	2.3874	2.3963	2.3054	Noun	150	0.62241	3.6792	3	44.57	8	0	1	high	high3	2	20	1	2	21	22	23	24	
7716	7715	groove	28515	212	139	188	126	4.1569	2.3284	1.6571	2.1461	Noun	212	1	3.6202	1	41.6	6	1	1	low	low1	3	30	1	2	31	32	33	34	
13737	13736	processing	50345	193	154	168	136	3.7843	2.2878	1.836	2.1903	Noun	119	0.61658	3.5796	3	172.22	10	1	1	low	low3	4	40	1	2	41	42	43	44	
7008	7007	fringe	26040	85	69	71	63	1.6667	1.9345	0.8226	1.8451	Noun	85	1	3.2263	1	52	6	2	1	low	low1	3	30	1	2	31	32	33	34	
11331	11330	moor	41611	101	23	82	14	1.9804	2.0086	0.2742	1.3802	Noun	105	0.97222	3.3004	1	26.33	4	6	1	low	low1	3	30	1	2	31	32	33	34	
9219	9218	jar	34643	424	297	413	289	8.3137	2.6284	3.5408	2.4742	Noun	421	0.99292	3.9202	1	8	3	14	1	high	high1	1	10	1	2	11	12	13	14	
4012	4011	coup	14698	133	106	123	98	2.6078	2.1271	1.2637	2.0294	Noun	135	0.97826	3.4189	1	20.33	4	1	1	low	low1	3	30	1	2	31	32	33	34	
12401	12400	pad	45840	415	327	390	312	8.1373	2.6191	3.8984	2.5159	Noun	368	0.88675	3.9109	1	10	3	19	1	high	high1	1	10	1	2	11	12	13	14	
8689	8688	hype	31734	83	61	79	59	1.6275	1.9243	0.72723	1.7924	Noun	83	1	3.2161	1	6.67	4	2	1	low	low1	3	30	1	2	31	32	33	34	
6411	6410	festival	24005	505	271	377	212	9.902	2.7042	3.2308	2.4346	Noun	503	0.99604	3.996	3	61.29	8	0	1	high	high3	2	20	1	2	21	22	23	24	
8408	8407	holiday	30757	1086	617	897	534	21.2941	3.0362	7.3557	2.791	Noun	1045	0.96225	4.3281	3	35	7	0	1	high	high3	2	20	1	2	21	22	23	24	
4823	4822	detention	17700	333	163	291	151	6.5294	2.5237	1.9433	2.2148	Noun	331	1	3.8156	3	131.5	9	2	1	high	high3	2	20	1	2	21	22	23	24	
11082	11081	mink	40771	189	77	123	70	3.7059	2.2788	0.91798	1.8921	Noun	189	1	3.5706	1	31.33	4	13	1	low	low1	3	30	1	2	31	32	33	34	
953	952	avenue	4047	861	564	87	72	16.8824	2.9355	6.7239	2.752	Noun	857	1	4.2273	3	15.2	6	1	1	high	high3	2	20	1	2	21	22	23	24	
3713	3712	conclusion	13241	465	404	455	397	9.1176	2.6684	4.8164	2.6075	Noun	464	1	3.9602	3	110	10	0	1	high	high3	2	20	1	2	21	22	23	24	
15231	15230	sand	56375	1035	618	891	581	20.2941	3.0154	7.3677	2.7917	Noun	995	0.96135	4.3072	1	30.33	4	11	1	high	high1	1	10	1	2	11	12	13	14	
6262	6261	faraway	23543	93	74	81	69	1.8235	1.9731	0.88221	1.8751	Noun	86	0.92473	3.265	3	58.17	7	1	1	low	low3	4	40	1	2	41	42	43	44	
7435	7434	glove	27580	515	336	475	324	10.098	2.7126	4.0057	2.5276	Noun	514	1	4.0045	1	30	5	3	1	high	high1	1	10	1	2	11	12	13	14	
14881	14880	ritual	55263	456	286	437	275	8.9412	2.6599	3.4096	2.4579	Noun	345	0.76497	3.9518	3	33.2	6	0	1	high	high3	2	20	1	2	21	22	23	24	
16186	16185	sleeve	59800	286	241	285	241	5.6078	2.4579	2.8732	2.3838	Noun	286	1	3.7497	1	27.6	6	0	1	high	high1	1	10	1	2	11	12	13	14	
16619	16618	sport	61611	1015	665	939	643	19.902	3.0069	7.928	2.8235	Noun	1015	0.99607	4.2987	1	29.25	5	5	1	high	high1	1	10	1	2	11	12	13	14	
4597	4596	deception	16584	160	135	144	127	3.1373	2.2068	1.6094	2.1335	Noun	160	1	3.4987	3	114.88	9	1	1	low	low3	4	40	1	2	41	42	43	44	
18134	18133	tragedy	67194	723	566	672	537	14.1765	2.8597	6.7477	2.7536	Noun	723	0.99862	4.1516	3	47.67	7	0	1	high	high3	2	20	1	2	21	22	23	24	
18165	18164	transition	67360	159	136	155	135	3.1176	2.2041	1.6214	2.1367	Noun	160	1	3.496	3	126.89	10	0	1	low	low3	4	40	1	2	41	42	43	44	
4072	4071	coworkers	14818	73	64	70	62	1.4314	1.8692	0.76299	1.8129	Noun	73	1	3.1611	3	75.88	9	0	1	low	low3	4	40	1	2	41	42	43	44	
11433	11432	mount	41875	597	400	198	164	11.7059	2.7767	4.7687	2.6031	Noun	373	0.62479	4.0685	1	43.5	5	4	1	high	high1	1	10	1	2	11	12	13	14	
16411	16410	song	60785	4778	1946	4447	1867	93.6863	3.6793	23.1998	3.2894	Noun	4735	0.9935	4.9712	1	27.33	4	8	1	high	high1	1	10	1	2	11	12	13	14	
18699	18698	vase	70874	196	121	191	119	3.8431	2.2945	1.4425	2.0864	Noun	196	0.99492	3.5863	1	20.67	4	6	1	low	low1	3	30	1	2	31	32	33	34	
17687	17686	term	65601	890	693	879	685	17.451	2.9499	8.2618	2.8414	Noun	842	0.94713	4.2417	1	16	4	3	1	high	high1	1	10	1	2	11	12	13	14	
4818	4817	detective	17694	3117	988	1405	675	61.1176	3.4939	11.7787	2.9952	Noun	3092	0.99325	4.7857	3	102.75	9	1	1	high	high3	2	20	1	2	21	22	23	24	
14701	14700	restaurant	54486	2373	1244	2248	1212	46.5294	3.3755	14.8307	3.0952	Noun	2365	1	4.6673	3	63	10	0	1	high	high3	2	20	1	2	21	22	23	24	
1111	1110	ballistics	4571	120	82	76	54	2.3529	2.0828	0.97759	1.9191	Noun	112	0.93333	3.3746	3	72.56	10	0	1	low	low3	4	40	1	2	41	42	43	44	
14329	14328	reaction	52475	830	653	803	638	16.2745	2.9196	7.7849	2.8156	Noun	831	1	4.2114	3	125.86	8	0	1	high	high3	2	20	1	2	21	22	23	24	
14331	14330	reactor	52485	204	66	170	58	4	2.3118	0.78684	1.8261	Noun	198	0.97537	3.6036	3	72.5	7	0	1	low	low3	4	40	1	2	41	42	43	44	
12790	12789	peer	46999	78	63	70	56	1.5294	1.8976	0.75107	1.8062	Noun	49	0.62821	3.1895	1	26.67	4	11	1	low	low1	3	30	1	2	31	32	33	34	
13058	13057	pile	48089	672	529	642	508	13.1765	2.828	6.3066	2.7243	Noun	561	0.83607	4.1198	1	29.67	4	12	1	high	high1	1	10	1	2	11	12	13	14	
709	708	armory	3136	95	57	73	48	1.8627	1.9823	0.67954	1.7634	Noun	63	0.66316	3.2741	3	31.4	6	0	1	low	low3	4	40	1	2	41	42	43	44	
9063	9062	intercom	33797	107	69	84	59	2.098	2.0334	0.8226	1.8451	Noun	107	1	3.3253	3	59	8	0	1	low	low3	4	40	1	2	41	42	43	44	
16675	16674	squat	61808	160	133	146	125	3.1373	2.2068	1.5856	2.1271	Noun	74	0.4625	3.4987	1	7.25	5	2	1	low	low1	3	30	1	2	31	32	33	34	
10414	10413	mag	38506	78	58	45	37	1.5294	1.8976	0.69146	1.7709	Noun	76	0.97436	3.1895	1	11	3	22	1	low	low1	3	30	1	2	31	32	33	34	
2394	2393	buttercup	8744	121	44	37	23	2.3725	2.0864	0.52456	1.6532	Noun	116	0.96667	3.3782	3	45.38	9	0	1	low	low3	4	40	1	2	41	42	43	44	
16323	16322	snow	60427	1599	773	1255	675	31.3529	3.2041	9.2155	2.8887	Noun	1172	0.73388	4.496	1	9	4	6	1	high	high1	1	10	1	2	11	12	13	14	
10505	10504	malt	38788	84	66	73	61	1.6471	1.9294	0.78684	1.8261	Noun	84	1	3.2213	1	29.67	4	7	1	low	low1	3	30	1	2	31	32	33	34	
14804	14803	rib	55002	301	214	264	198	5.902	2.48	2.5513	2.3324	Noun	298	0.99003	3.7718	1	5.5	3	11	1	high	high1	1	10	1	2	11	12	13	14	
3214	3213	chump	11450	209	150	201	147	4.098	2.3222	1.7883	2.179	Noun	154	0.74038	3.6141	1	23.25	5	5	1	low	low1	3	30	1	2	31	32	33	34	
18301	18300	troop	67874	296	138	194	119	5.8039	2.4728	1.6452	2.143	Noun	296	1	3.7646	1	37.5	5	1	1	high	high1	1	10	1	2	11	12	13	14	
16171	16170	slave	59729	940	498	880	474	18.4314	2.9736	5.9371	2.6981	Noun	907	0.96489	4.2654	1	39	5	4	1	high	high1	1	10	1	2	11	12	13	14	
9503	9502	kin	35631	218	167	185	155	4.2745	2.3404	1.9909	2.2253	Noun	216	0.99083	3.6323	1	7.5	3	14	1	low	low1	3	30	1	2	31	32	33	34	
18705	18704	vat	70894	76	57	69	52	1.4902	1.8865	0.67954	1.7634	Noun	75	1	3.1783	1	8	3	15	1	low	low1	3	30	1	2	31	32	33	34	
10960	10959	microwave	40424	199	165	188	160	3.902	2.301	1.9671	2.2201	Noun	200	1	3.5929	3	29.88	9	0	1	low	low3	4	40	1	2	41	42	43	44	
7252	7251	geek	26898	353	237	311	223	6.9216	2.549	2.8255	2.3766	Noun	275	0.77465	3.8408	1	20.33	4	5	1	high	high1	1	10	1	2	11	12	13	14	
5072	5071	disposal	18898	250	212	245	209	4.902	2.3997	2.5274	2.3284	Noun	250	1	3.6915	3	56.71	8	0	1	high	high3	2	20	1	2	21	22	23	24	
6844	6843	foreigner	25396	150	102	132	93	2.9412	2.179	1.216	2.0128	Noun	150	1	3.4708	3	58.38	9	0	1	low	low3	4	40	1	2	41	42	43	44	
3186	3185	chop	11305	694	453	551	393	13.6078	2.842	5.4006	2.6571	Noun	568	0.81962	4.1338	1	12.67	4	5	1	high	high1	1	10	1	2	11	12	13	14	
13204	13203	plaque	48502	106	65	102	63	2.0784	2.0294	0.77492	1.8195	Noun	106	1	3.3212	1	29.2	6	1	1	low	low1	3	30	1	2	31	32	33	34	
2511	2510	calcium	9016	90	58	77	55	1.7647	1.959	0.69146	1.7709	Noun	90	1	3.2509	3	43.5	7	0	1	low	low3	4	40	1	2	41	42	43	44	
17297	17296	suspension	64151	222	152	212	148	4.3529	2.3483	1.8121	2.1847	Noun	222	1	3.6401	3	91.22	10	0	1	low	low3	4	40	1	2	41	42	43	44	
4377	4376	customer	15883	775	578	727	550	15.1961	2.8899	6.8908	2.7627	Noun	770	0.99741	4.1817	3	60	8	0	1	high	high3	2	20	1	2	21	22	23	24	
674	673	area	3018	3821	2159	3663	2099	74.9216	3.5823	25.7392	3.3345	Noun	3817	1	4.8741	3	9.67	4	1	1	high	high3	2	20	1	2	21	22	23	24	
17662	17661	tendency	65503	138	135	137	134	2.7059	2.143	1.6094	2.1335	Noun	138	1	3.4348	3	55.57	8	0	1	low	low3	4	40	1	2	41	42	43	44	
10852	10851	memory	39948	2477	1514	2387	1483	48.5686	3.3941	18.0496	3.1804	Noun	2466	0.99677	4.6859	3	37	6	0	1	high	high3	2	20	1	2	21	22	23	24	
3424	3423	coach	12175	2429	599	1399	513	47.6275	3.3856	7.1412	2.7782	Noun	1496	0.61767	4.6774	1	47	5	4	1	high	high1	1	10	1	2	11	12	13	14	
17830	17829	thud	66187	99	72	68	52	1.9412	2	0.85837	1.8633	Noun	80	0.81633	3.2918	1	8.67	4	2	1	low	low1	3	30	1	2	31	32	33	34	
17316	17315	swat	64256	196	105	21	20	3.8431	2.2945	1.2518	2.0253	Noun	87	0.44388	3.5863	1	13.67	4	9	1	low	low1	3	30	1	2	31	32	33	34	
5019	5018	discipline	18510	462	335	419	315	9.0588	2.6656	3.9938	2.5263	Noun	462	1	3.9574	3	105.89	10	0	1	high	high3	2	20	1	2	21	22	23	24	
2878	2877	cave	10180	713	365	666	348	13.9804	2.8537	4.3515	2.5635	Noun	688	0.96494	4.1455	1	19	4	16	1	high	high1	1	10	1	2	11	12	13	14	
17115	17114	substitute	63429	238	197	233	192	4.6667	2.3784	2.3486	2.2967	Noun	130	0.54622	3.6702	3	46.89	10	0	1	high	high3	2	20	1	2	21	22	23	24	
8972	8971	injury	33373	520	399	514	396	10.1961	2.7168	4.7568	2.6021	Noun	519	1	4.0087	3	30	6	1	1	high	high3	2	20	1	2	21	22	23	24	
17377	17376	sympathy	64529	426	356	400	344	8.3529	2.6304	4.2442	2.5527	Noun	424	1	3.9223	3	25.86	8	0	1	high	high3	2	20	1	2	21	22	23	24	
4949	4948	dimension	18224	236	133	226	133	4.6275	2.3747	1.5856	2.1271	Noun	234	1	3.6666	3	89.13	9	0	1	high	high3	2	20	1	2	21	22	23	24	
12988	12987	phrase	47858	464	360	460	357	9.098	2.6675	4.2918	2.5575	Noun	429	0.92657	3.9593	1	33	6	0	1	high	high1	1	10	1	2	11	12	13	14	
18915	18914	vitamin	71519	136	101	117	87	2.6667	2.1367	1.2041	2.0086	Noun	136	1	3.4286	3	27.33	7	0	1	low	low3	4	40	1	2	41	42	43	44	
686	685	argument	3064	867	702	857	698	17	2.9385	8.3691	2.847	Noun	867	1	4.2304	3	40	8	0	1	high	high3	2	20	1	2	21	22	23	24	
3700	3699	conception	13199	106	90	87	81	2.0784	2.0294	1.073	1.959	Noun	106	1	3.3212	3	147.22	10	0	1	low	low3	4	40	1	2	41	42	43	44	
887	886	attorney	3775	2060	930	1592	820	40.3922	3.3141	11.0873	2.9689	Noun	2046	0.99708	4.6059	3	36.86	8	0	1	high	high3	2	20	1	2	21	22	23	24	
14743	14742	reunion	54747	450	270	433	263	8.8235	2.6542	3.2189	2.433	Noun	449	0.99778	3.946	3	76.83	7	0	1	high	high3	2	20	1	2	21	22	23	24	
1700	1699	bloke	6633	238	135	227	128	4.6667	2.3784	1.6094	2.1335	Noun	239	1	3.6702	1	32.5	5	1	1	high	high1	1	10	1	2	11	12	13	14	
19286	19285	wig	72962	426	246	412	241	8.3529	2.6304	2.9328	2.3927	Noun	413	0.96948	3.9223	1	5.5	3	11	1	high	high1	1	10	1	2	11	12	13	14	
14291	14290	raspberry	52304	96	71	75	57	1.8824	1.9868	0.84645	1.8573	Noun	93	0.97895	3.2786	3	35.38	9	0	1	low	low3	4	40	1	2	41	42	43	44	
5976	5975	etiquette	22370	96	85	94	85	1.8824	1.9868	1.0134	1.9345	Noun	98	1	3.2786	3	25.13	9	0	1	low	low3	4	40	1	2	41	42	43	44	
9292	9291	jive	34919	86	64	77	58	1.6863	1.9395	0.76299	1.8129	Noun	59	0.68605	3.2314	1	10	4	5	1	low	low1	3	30	1	2	31	32	33	34	
7738	7737	grove	28588	197	101	59	40	3.8627	2.2967	1.2041	2.0086	Noun	170	0.86294	3.5885	1	39.25	5	5	1	low	low1	3	30	1	2	31	32	33	34	
11525	11524	muse	42255	98	58	91	55	1.9216	1.9956	0.69146	1.7709	Noun	93	0.91176	3.2875	1	19.33	4	7	1	low	low1	3	30	1	2	31	32	33	34	
5192	5191	dome	19417	100	74	82	61	1.9608	2.0043	0.88221	1.8751	Noun	97	0.9798	3.2962	1	18.67	4	12	1	low	low1	3	30	1	2	31	32	33	34	
14038	14037	pyramid	51482	204	99	186	90	4	2.3118	1.1803	2	Noun	203	0.9951	3.6036	3	17.83	7	0	1	low	low3	4	40	1	2	41	42	43	44	
16827	16826	steel	62281	941	545	790	496	18.451	2.9741	6.4974	2.7372	Noun	880	0.93617	4.2659	1	41.25	5	4	1	high	high1	1	10	1	2	11	12	13	14	
4239	4238	crow	15409	227	132	156	107	4.451	2.3579	1.5737	2.1239	Noun	150	0.67873	3.6498	1	13	4	6	1	low	low1	3	30	1	2	31	32	33	34	
8508	8507	horizon	31083	228	157	198	143	4.4706	2.3598	1.8717	2.1987	Noun	228	1	3.6517	3	47.33	7	0	1	high	high3	2	20	1	2	21	22	23	24	
16453	16452	soup	60945	1285	763	1189	722	25.1961	3.1092	9.0963	2.8831	Noun	1283	1	4.4011	1	16.33	4	4	1	high	high1	1	10	1	2	11	12	13	14	
7395	7394	gland	27419	77	54	76	53	1.5098	1.8921	0.64378	1.7404	Noun	77	1	3.1839	1	37.75	5	3	1	low	low1	3	30	1	2	31	32	33	34	
16001	16000	signature	59113	622	464	605	459	12.1961	2.7945	5.5317	2.6675	Noun	622	1	4.0863	3	40.75	9	0	1	high	high3	2	20	1	2	21	22	23	24	
6495	6494	filmmaker	24263	104	62	100	59	2.0392	2.0212	0.73915	1.7993	Noun	101	0.97115	3.313	3	29	9	0	1	low	low3	4	40	1	2	41	42	43	44	
6849	6848	forensics	25412	192	147	124	97	3.7647	2.2856	1.7525	2.1703	Noun	174	0.91099	3.5774	3	64.63	9	0	1	low	low3	4	40	1	2	41	42	43	44	
3500	3499	coil	12447	82	61	82	61	1.6078	1.9191	0.72723	1.7924	Noun	75	0.91463	3.2109	1	21.67	4	7	1	low	low1	3	30	1	2	31	32	33	34	
17065	17064	stun	63137	96	67	83	61	1.8824	1.9868	0.79876	1.8325	Noun	61	0.63542	3.2786	1	6.67	4	4	1	low	low1	3	30	1	2	31	32	33	34	
13029	13028	pie	48003	1466	790	1273	751	28.7451	3.1664	9.4182	2.8982	Noun	1465	1	4.4583	1	6	3	11	1	high	high1	1	10	1	2	11	12	13	14	
4031	4030	courtesy	14732	414	357	368	321	8.1176	2.618	4.2561	2.5539	Noun	414	1	3.9099	3	89.43	8	0	1	high	high3	2	20	1	2	21	22	23	24	
2085	2084	breed	7805	323	248	300	244	6.3333	2.5105	2.9566	2.3962	Noun	174	0.5387	3.8024	1	77.25	5	5	1	high	high1	1	10	1	2	11	12	13	14	
12880	12879	perjury	47367	115	70	105	69	2.2549	2.0645	0.83453	1.8513	Noun	114	1	3.3563	3	48.67	7	0	1	low	low3	4	40	1	2	41	42	43	44	
11318	11317	monument	41552	117	97	93	76	2.2941	2.0719	1.1564	1.9912	Noun	117	1	3.3637	3	59.14	8	0	1	low	low3	4	40	1	2	41	42	43	44	
17707	17706	testament	65692	120	100	63	56	2.3529	2.0828	1.1922	2.0043	Noun	120	1	3.3746	3	72.13	9	0	1	low	low3	4	40	1	2	41	42	43	44	
