numid|f	X|f	Word|s	Unnamed|f	FREQcount|f	Cdcount|f	FREQlow|f	Cdlow|f	SUBLTLWF|f	Lg10WF|f	SUBTLCD|f	Lg10CD|f	Dom_PoS_SUBTLEX|s	Freq_dom_PoS_SUBTLEX|f	Percentage_dom_PoS|f	Zipfvalue|f	cmu_sylls|f	BF_TP|f	LEN_L|f	N|f	Zipfvalue_incl|f	Zipfvalue_cat|s	cond_name|s	cond_code|f	trigger_code|f	len|f	corr_resp|f	fix_code|f	word_code|f	delay_code|f	audioresp_code|f	
13725	13724	probe	50319	225	134	209	127	4.4118	2.3541	1.5975	2.1303	Noun	166	0.73778	3.6459	1	28	5	3	1	low	low1	3	30	1	2	31	32	33	34	
6069	6068	exercise	22762	904	640	859	625	17.7255	2.9566	7.6299	2.8069	Noun	642	0.71096	4.2485	3	54.86	8	1	1	high	high3	2	20	1	2	21	22	23	24	
7063	7062	fund	26284	541	388	461	335	10.6078	2.734	4.6257	2.5899	Noun	486	0.89668	4.0258	1	21	4	4	1	high	high1	1	10	1	2	11	12	13	14	
8201	8200	height	30029	476	396	446	377	9.3333	2.6785	4.721	2.5988	Noun	472	1	3.9704	1	24.6	6	1	1	high	high1	1	10	1	2	11	12	13	14	
3152	3151	chimp	11109	153	57	150	57	3	2.1875	0.67954	1.7634	Noun	142	0.9281	3.4794	1	30	5	4	1	low	low1	3	30	1	2	31	32	33	34	
8158	8157	hearse	29886	81	53	80	52	1.5882	1.9138	0.63186	1.7324	Noun	71	0.8875	3.2056	1	56.6	6	1	1	low	low1	3	30	1	2	31	32	33	34	
6332	6331	feat	23776	78	70	76	69	1.5294	1.8976	0.83453	1.8513	Noun	78	1	3.1895	1	31.67	4	12	1	low	low1	3	30	1	2	31	32	33	34	
6611	6610	flake	24598	89	68	84	65	1.7451	1.9542	0.81068	1.8388	Noun	67	0.75281	3.2461	1	35.75	5	4	1	low	low1	3	30	1	2	31	32	33	34	
18962	18961	vow	71694	276	200	267	195	5.4118	2.4425	2.3844	2.3032	Noun	205	0.74275	3.7343	1	6.5	3	11	1	high	high1	1	10	1	2	11	12	13	14	
3747	3746	confidence	13380	993	751	960	738	19.4706	2.9974	8.9533	2.8762	Noun	994	1	4.2892	3	80.78	10	0	1	high	high3	2	20	1	2	21	22	23	24	
18743	18742	vent	71015	225	159	211	152	4.4118	2.3541	1.8956	2.2041	Noun	174	0.78378	3.6459	1	21.33	4	10	1	low	low1	3	30	1	2	31	32	33	34	
1801	1800	bodyguard	6947	292	160	263	153	5.7255	2.4669	1.9075	2.2068	Noun	291	0.99658	3.7587	3	19.25	9	0	1	high	high3	2	20	1	2	21	22	23	24	
14879	14878	rite	55260	74	59	63	50	1.451	1.8751	0.70339	1.7782	Noun	72	1	3.1669	1	21	4	12	1	low	low1	3	30	1	2	31	32	33	34	
2744	2743	carrier	9780	326	160	282	151	6.3922	2.5145	1.9075	2.2068	Noun	326	1	3.8064	3	151.5	7	4	1	high	high3	2	20	1	2	21	22	23	24	
12116	12115	opener	44616	173	103	170	103	3.3922	2.2405	1.2279	2.017	Noun	173	1	3.5324	3	107.6	6	1	1	low	low3	4	40	1	2	41	42	43	44	
18324	18323	truce	67941	220	150	176	130	4.3137	2.3444	1.7883	2.179	Noun	221	1	3.6362	1	29.25	5	3	1	low	low1	3	30	1	2	31	32	33	34	
13319	13318	poetry	48851	682	389	616	361	13.3725	2.8344	4.6376	2.5911	Noun	679	1	4.1263	3	28.4	6	0	1	high	high3	2	20	1	2	21	22	23	24	
10046	10045	lime	37309	168	123	143	109	3.2941	2.2279	1.4664	2.0934	Noun	168	1	3.5197	1	18.67	4	12	1	low	low1	3	30	1	2	31	32	33	34	
93	92	admission	798	181	164	167	153	3.549	2.2601	1.9552	2.2175	Noun	181	1	3.5519	3	71	9	0	1	low	low3	4	40	1	2	41	42	43	44	
16742	16741	stance	62056	96	73	93	73	1.8824	1.9868	0.87029	1.8692	Noun	95	1	3.2786	1	55	6	1	1	low	low1	3	30	1	2	31	32	33	34	
735	734	arsenal	3226	102	82	95	75	2	2.0128	0.97759	1.9191	Noun	96	0.94118	3.3047	3	37.17	7	0	1	low	low3	4	40	1	2	41	42	43	44	
3245	3244	cinnamon	11545	152	100	121	91	2.9804	2.1847	1.1922	2.0043	Noun	152	1	3.4765	3	32.29	8	0	1	low	low3	4	40	1	2	41	42	43	44	
3654	3653	company	12944	7507	3283	6473	3073	147.1961	3.8755	39.1392	3.5164	Noun	7493	0.99987	5.1674	3	61	7	0	1	high	high3	2	20	1	2	21	22	23	24	
3990	3989	councilman	14586	72	35	44	26	1.4118	1.8633	0.41726	1.5563	Noun	53	0.73611	3.1552	3	46.44	10	0	1	low	low3	4	40	1	2	41	42	43	44	
10329	10328	lullaby	38182	88	66	67	56	1.7255	1.9494	0.78684	1.8261	Noun	88	1	3.2412	3	38	7	0	1	low	low3	4	40	1	2	41	42	43	44	
506	505	ant	2393	273	111	200	95	5.3529	2.4378	1.3233	2.0492	Noun	249	0.91544	3.7296	1	2	3	6	1	high	high1	1	10	1	2	11	12	13	14	
6777	6776	folk	25188	365	267	317	248	7.1569	2.5635	3.1831	2.4281	Noun	356	0.97534	3.8553	1	22.33	4	3	1	high	high1	1	10	1	2	11	12	13	14	
5892	5891	equation	22047	178	127	173	124	3.4902	2.2529	1.5141	2.1072	Noun	177	1	3.5447	3	83.43	8	0	1	low	low3	4	40	1	2	41	42	43	44	
18007	18006	tooth	66814	692	401	621	380	13.5686	2.8407	4.7806	2.6042	Noun	691	1	4.1326	1	37	5	1	1	high	high1	1	10	1	2	11	12	13	14	
8820	8819	impression	32487	946	787	946	787	18.549	2.9763	9.3825	2.8965	Noun	947	1	4.2682	3	98.78	10	0	1	high	high3	2	20	1	2	21	22	23	24	
16219	16218	slop	59932	94	72	85	68	1.8431	1.9777	0.85837	1.8633	Noun	64	0.68085	3.2696	1	18.67	4	11	1	low	low1	3	30	1	2	31	32	33	34	
10628	10627	marketing	39189	243	156	209	140	4.7647	2.3874	1.8598	2.1959	Noun	235	0.96708	3.6792	3	244.63	9	0	1	high	high3	2	20	1	2	21	22	23	24	
16739	16738	stamp	62045	302	222	275	206	5.9216	2.4814	2.6466	2.3483	Noun	220	0.72848	3.7733	1	35	5	3	1	high	high1	1	10	1	2	11	12	13	14	
7089	7088	fuse	26392	248	182	241	177	4.8627	2.3962	2.1698	2.2625	Noun	228	0.91566	3.688	1	18.67	4	4	1	high	high1	1	10	1	2	11	12	13	14	
1912	1911	booze	7279	558	423	515	398	10.9412	2.7474	5.0429	2.6274	Noun	550	0.98566	4.0392	1	29.75	5	1	1	high	high1	1	10	1	2	11	12	13	14	
6732	6731	fluff	25025	72	54	63	49	1.4118	1.8633	0.64378	1.7404	Noun	51	0.70833	3.1552	1	24.75	5	1	1	low	low1	3	30	1	2	31	32	33	34	
16489	16488	span	61060	101	86	95	81	1.9804	2.0086	1.0253	1.9395	Noun	74	0.74	3.3004	1	11.67	4	6	1	low	low1	3	30	1	2	31	32	33	34	
5743	5742	empire	21306	646	370	323	208	12.6667	2.8109	4.4111	2.5694	Noun	553	0.85471	4.1027	3	24.6	6	2	1	high	high3	2	20	1	2	21	22	23	24	
15807	15806	shelf	58420	355	274	345	269	6.9608	2.5514	3.2666	2.4393	Noun	353	1	3.8433	1	27.5	5	2	1	high	high1	1	10	1	2	11	12	13	14	
10719	10718	math	39470	836	508	709	473	16.3922	2.9227	6.0563	2.7067	Noun	835	1	4.2146	1	23.33	4	10	1	high	high1	1	10	1	2	11	12	13	14	
14258	14257	rank	52210	433	325	416	314	8.4902	2.6375	3.8746	2.5132	Noun	376	0.86836	3.9293	1	32.33	4	13	1	high	high1	1	10	1	2	11	12	13	14	
3421	3420	clutch	12160	127	82	118	78	2.4902	2.1072	0.97759	1.9191	Noun	100	0.7874	3.399	1	28.2	6	1	1	low	low1	3	30	1	2	31	32	33	34	
5984	5983	eulogy	22399	84	42	80	42	1.6471	1.9294	0.50072	1.6335	Noun	84	1	3.2213	3	14.4	6	0	1	low	low3	4	40	1	2	41	42	43	44	
4026	4025	courier	14718	168	98	138	85	3.2941	2.2279	1.1683	1.9956	Noun	155	0.92262	3.5197	3	147	7	0	1	low	low3	4	40	1	2	41	42	43	44	
16364	16363	sodium	60594	126	80	87	59	2.4706	2.1038	0.95374	1.9085	Noun	126	1	3.3956	3	25.8	6	1	1	low	low3	4	40	1	2	41	42	43	44	
17816	17815	throne	66149	441	232	428	229	8.6471	2.6454	2.7659	2.3674	Noun	444	1	3.9373	1	38.6	6	1	1	high	high1	1	10	1	2	11	12	13	14	
16557	16556	sphere	61335	126	47	74	39	2.4706	2.1038	0.56032	1.6812	Noun	126	1	3.3956	1	50.4	6	0	1	low	low1	3	30	1	2	31	32	33	34	
18804	18803	vibe	71211	266	186	252	183	5.2157	2.4265	2.2175	2.2718	Noun	240	0.90566	3.7183	1	6	4	4	1	high	high1	1	10	1	2	11	12	13	14	
7557	7556	gown	27995	334	263	324	258	6.549	2.525	3.1354	2.4216	Noun	334	1	3.8169	1	14.33	4	4	1	high	high1	1	10	1	2	11	12	13	14	
4291	4290	cubicle	15603	131	62	123	60	2.5686	2.1206	0.73915	1.7993	Noun	130	0.99237	3.4124	3	42.33	7	1	1	low	low3	4	40	1	2	41	42	43	44	
13092	13091	ping	48191	168	81	59	35	3.2941	2.2279	0.96567	1.9138	Noun	146	0.86905	3.5197	1	33	4	13	1	low	low1	3	30	1	2	31	32	33	34	
2343	2342	burglary	8570	182	105	151	97	3.5686	2.2625	1.2518	2.0253	Noun	175	1	3.5543	3	47.14	8	1	1	low	low3	4	40	1	2	41	42	43	44	
13990	13989	purity	51347	121	99	109	91	2.3725	2.0864	1.1803	2	Noun	121	1	3.3782	3	61.6	6	2	1	low	low3	4	40	1	2	41	42	43	44	
14677	14676	residue	54370	140	103	134	101	2.7451	2.1492	1.2279	2.017	Noun	140	1	3.4411	3	54	7	0	1	low	low3	4	40	1	2	41	42	43	44	
1755	1754	bluff	6796	317	215	257	198	6.2157	2.5024	2.5632	2.3345	Noun	212	0.66667	3.7943	1	23.25	5	1	1	high	high1	1	10	1	2	11	12	13	14	
13003	13002	pianist	47911	86	61	77	55	1.6863	1.9395	0.72723	1.7924	Noun	86	1	3.2314	3	66.83	7	0	1	low	low3	4	40	1	2	41	42	43	44	
16213	16212	slob	59914	182	137	172	135	3.5686	2.2625	1.6333	2.1399	Noun	173	0.95055	3.5543	1	15.67	4	8	1	low	low1	3	30	1	2	31	32	33	34	
10672	10671	mash	39326	224	150	68	60	4.3922	2.3522	1.7883	2.179	Noun	123	0.54911	3.644	1	30.33	4	15	1	low	low1	3	30	1	2	31	32	33	34	
3274	3273	clam	11692	200	158	165	134	3.9216	2.3032	1.8836	2.2014	Noun	144	0.72	3.595	1	17.33	4	7	1	low	low1	3	30	1	2	31	32	33	34	
11433	11432	mount	41875	597	400	198	164	11.7059	2.7767	4.7687	2.6031	Noun	373	0.62479	4.0685	1	43.5	5	4	1	high	high1	1	10	1	2	11	12	13	14	
12344	12343	overtime	45657	318	261	306	251	6.2353	2.5038	3.1116	2.4183	Noun	178	0.55975	3.7956	3	75.43	8	0	1	high	high3	2	20	1	2	21	22	23	24	
11094	11093	mint	40797	277	204	201	159	5.4314	2.444	2.432	2.3118	Noun	169	0.62593	3.7359	1	32.67	4	10	1	high	high1	1	10	1	2	11	12	13	14	
1269	1268	basketball	5023	1091	420	1014	402	21.3922	3.0382	5.0072	2.6243	Noun	1086	0.99908	4.3301	3	11.56	10	0	1	high	high3	2	20	1	2	21	22	23	24	
14881	14880	ritual	55263	456	286	437	275	8.9412	2.6599	3.4096	2.4579	Noun	345	0.76497	3.9518	3	33.2	6	0	1	high	high3	2	20	1	2	21	22	23	24	
12209	12208	origin	44867	227	169	205	154	4.451	2.3579	2.0148	2.2304	Noun	227	1	3.6498	3	35.4	6	0	1	low	low3	4	40	1	2	41	42	43	44	
2321	2320	bunk	8497	320	235	302	222	6.2745	2.5065	2.8016	2.3729	Noun	268	0.8375	3.7983	1	25.33	4	10	1	high	high1	1	10	1	2	11	12	13	14	
4334	4333	curb	15755	209	173	200	165	4.098	2.3222	2.0625	2.2405	Noun	139	0.66507	3.6141	1	16.67	4	4	1	low	low1	3	30	1	2	31	32	33	34	
897	896	audience	3821	1294	758	1241	738	25.3725	3.1123	9.0367	2.8802	Noun	1289	0.99768	4.4041	3	43.71	8	0	1	high	high3	2	20	1	2	21	22	23	24	
9681	9680	landlady	36274	106	77	104	75	2.0784	2.0294	0.91798	1.8921	Noun	106	1	3.3212	3	48.14	8	0	1	low	low3	4	40	1	2	41	42	43	44	
4839	4838	deuce	17772	146	84	82	62	2.8627	2.1673	1.0014	1.9294	Noun	92	0.63014	3.4592	1	20.5	5	0	1	low	low1	3	30	1	2	31	32	33	34	
5014	5013	disc	18488	131	77	122	73	2.5686	2.1206	0.91798	1.8921	Noun	129	1	3.4124	1	13	4	2	1	low	low1	3	30	1	2	31	32	33	34	
4520	4519	day	16334	40893	7727	38926	7687	801.8235	4.6117	92.1197	3.8881	Noun	40424	0.99125	5.9035	1	8.5	3	16	1	high	high1	1	10	1	2	11	12	13	14	
6765	6764	fog	25141	482	215	459	210	9.451	2.6839	2.5632	2.3345	Noun	477	0.99168	3.9758	1	6.5	3	14	1	high	high1	1	10	1	2	11	12	13	14	
10211	10210	lodge	37740	341	180	222	132	6.6863	2.534	2.1459	2.2577	Noun	239	0.70088	3.8259	1	28	5	2	1	high	high1	1	10	1	2	11	12	13	14	
16675	16674	squat	61808	160	133	146	125	3.1373	2.2068	1.5856	2.1271	Noun	74	0.4625	3.4987	1	7.25	5	2	1	low	low1	3	30	1	2	31	32	33	34	
17603	17602	teenager	65314	351	288	341	280	6.8824	2.5465	3.4335	2.4609	Noun	353	1	3.8384	3	55.71	8	0	1	high	high3	2	20	1	2	21	22	23	24	
15534	15533	search	57448	2467	1549	2172	1412	48.3725	3.3923	18.4669	3.1903	Noun	1387	0.56245	4.6842	1	59.4	6	1	1	high	high1	1	10	1	2	11	12	13	14	
3837	3836	convention	14018	629	331	509	265	12.3333	2.7993	3.9461	2.5211	Noun	626	0.99523	4.0912	3	159	10	2	1	high	high3	2	20	1	2	21	22	23	24	
13606	13605	pregnancy	49836	334	220	322	213	6.549	2.525	2.6228	2.3444	Noun	334	1	3.8169	3	51.38	9	0	1	high	high3	2	20	1	2	21	22	23	24	
4031	4030	courtesy	14732	414	357	368	321	8.1176	2.618	4.2561	2.5539	Noun	414	1	3.9099	3	89.43	8	0	1	high	high3	2	20	1	2	21	22	23	24	
17894	17893	tin	66443	441	269	270	220	8.6471	2.6454	3.207	2.4314	Noun	410	0.94253	3.9373	1	8	3	17	1	high	high1	1	10	1	2	11	12	13	14	
13620	13619	premium	49887	88	71	75	63	1.7255	1.9494	0.84645	1.8573	Noun	50	0.56818	3.2412	3	51.33	7	0	1	low	low3	4	40	1	2	41	42	43	44	
13855	13854	prototype	50828	169	109	164	108	3.3137	2.2304	1.2995	2.0414	Noun	168	1	3.5223	3	38.88	9	0	1	low	low3	4	40	1	2	41	42	43	44	
17688	17687	terminal	65606	390	249	330	211	7.6471	2.5922	2.9685	2.3979	Noun	253	0.64872	3.884	3	66.14	8	0	1	high	high3	2	20	1	2	21	22	23	24	
18940	18939	volcano	71619	170	108	161	101	3.3333	2.233	1.2876	2.0374	Noun	169	1	3.5248	3	26.83	7	0	1	low	low3	4	40	1	2	41	42	43	44	
10060	10059	limp	37337	187	152	183	149	3.6667	2.2742	1.8121	2.1847	Noun	109	0.57979	3.566	1	18	4	6	1	low	low1	3	30	1	2	31	32	33	34	
9977	9976	library	37121	1170	687	1061	647	22.9412	3.0686	8.1903	2.8376	Noun	1169	1	4.3604	3	42	7	0	1	high	high3	2	20	1	2	21	22	23	24	
6696	6695	flood	24908	291	202	225	176	5.7059	2.4654	2.4082	2.3075	Noun	171	0.58763	3.7572	1	34.75	5	2	1	high	high1	1	10	1	2	11	12	13	14	
2177	2176	brook	8083	104	70	70	48	2.0392	2.0212	0.83453	1.8513	Noun	61	0.59223	3.313	1	35.25	5	3	1	low	low1	3	30	1	2	31	32	33	34	
3766	3765	connection	13549	1386	1008	1356	988	27.1765	3.1421	12.0172	3.0039	Noun	1314	0.94942	4.4339	3	154.78	10	2	1	high	high3	2	20	1	2	21	22	23	24	
808	807	assignment	3489	912	606	904	603	17.8824	2.9605	7.2246	2.7832	Noun	912	1	4.2523	3	41.78	10	0	1	high	high3	2	20	1	2	21	22	23	24	
3718	3717	concussion	13269	229	182	206	170	4.4902	2.3617	2.1698	2.2625	Noun	229	1	3.6536	3	118.33	10	1	1	high	high3	2	20	1	2	21	22	23	24	
18221	18220	trench	67598	157	102	136	93	3.0784	2.1987	1.216	2.0128	Noun	157	0.99367	3.4905	1	45.8	6	1	1	low	low1	3	30	1	2	31	32	33	34	
7712	7711	groom	28506	399	250	381	244	7.8235	2.6021	2.9804	2.3997	Noun	327	0.82161	3.8939	1	38.5	5	2	1	high	high1	1	10	1	2	11	12	13	14	
6198	6197	factory	23321	857	483	791	461	16.8039	2.9335	5.7582	2.6848	Noun	857	1	4.2253	3	53.5	7	1	1	high	high3	2	20	1	2	21	22	23	24	
2891	2890	cavity	10203	152	123	147	120	2.9804	2.1847	1.4664	2.0934	Noun	152	1	3.4765	3	53	6	0	1	low	low3	4	40	1	2	41	42	43	44	
11431	11430	mound	41872	77	47	77	47	1.5098	1.8921	0.56032	1.6812	Noun	77	1	3.1839	1	40	5	9	1	low	low1	3	30	1	2	31	32	33	34	
3657	3656	compassion	12966	319	265	292	249	6.2549	2.5051	3.1593	2.4249	Noun	319	1	3.797	3	111.22	10	0	1	high	high3	2	20	1	2	21	22	23	24	
14824	14823	ridicule	55073	100	84	97	84	1.9608	2.0043	1.0014	1.9294	Noun	58	0.58	3.2962	3	34.86	8	0	1	low	low3	4	40	1	2	41	42	43	44	
18035	18034	torpedo	66914	326	81	254	72	6.3922	2.5145	0.96567	1.9138	Noun	301	0.92901	3.8064	3	36.83	7	0	1	high	high3	2	20	1	2	21	22	23	24	
15735	15734	shack	58167	288	196	232	160	5.6471	2.4609	2.3367	2.2945	Noun	284	0.9827	3.7527	1	43	5	8	1	high	high1	1	10	1	2	11	12	13	14	
816	815	assurance	3528	104	87	96	82	2.0392	2.0212	1.0372	1.9445	Noun	104	1	3.313	3	48.75	9	0	1	low	low3	4	40	1	2	41	42	43	44	
11159	11158	mist	41060	181	121	144	100	3.549	2.2601	1.4425	2.0864	Noun	173	0.9558	3.5519	1	25.33	4	8	1	low	low1	3	30	1	2	31	32	33	34	
14066	14065	quarantine	51613	227	91	202	87	4.451	2.3579	1.0849	1.9638	Noun	195	0.85903	3.6498	3	126	10	0	1	low	low3	4	40	1	2	41	42	43	44	
5680	5679	elf	21016	193	76	158	67	3.7843	2.2878	0.90606	1.8865	Noun	190	0.98446	3.5796	1	2	3	3	1	low	low1	3	30	1	2	31	32	33	34	
9698	9697	lane	36303	1704	513	319	235	33.4118	3.2317	6.1159	2.711	Noun	1593	0.94316	4.5236	1	36.67	4	16	1	high	high1	1	10	1	2	11	12	13	14	
16635	16634	spray	61660	492	342	459	320	9.6471	2.6928	4.0773	2.5353	Noun	320	0.65041	3.9847	1	23.25	5	2	1	high	high1	1	10	1	2	11	12	13	14	
1090	1089	balcony	4515	373	267	369	264	7.3137	2.5729	3.1831	2.4281	Noun	374	1	3.8647	3	45.33	7	0	1	high	high3	2	20	1	2	21	22	23	24	
11949	11948	nursery	43959	207	139	202	136	4.0588	2.3181	1.6571	2.1461	Noun	207	1	3.6099	3	95.83	7	0	1	low	low3	4	40	1	2	41	42	43	44	
6683	6682	fling	24849	180	129	157	122	3.5294	2.2577	1.5379	2.1139	Noun	128	0.71111	3.5495	1	48	5	4	1	low	low1	3	30	1	2	31	32	33	34	
15114	15113	rye	56007	212	140	154	106	4.1569	2.3284	1.6691	2.1492	Noun	156	0.73585	3.6202	1	3.5	3	7	1	low	low1	3	30	1	2	31	32	33	34	
1902	1901	booth	7255	1039	419	567	355	20.3725	3.017	4.9952	2.6232	Noun	679	0.65541	4.3089	1	41	5	4	1	high	high1	1	10	1	2	11	12	13	14	
1092	1091	bale	4528	104	23	71	18	2.0392	2.0212	0.2742	1.3802	Noun	87	0.83654	3.313	1	33	4	21	1	low	low1	3	30	1	2	31	32	33	34	
887	886	attorney	3775	2060	930	1592	820	40.3922	3.3141	11.0873	2.9689	Noun	2046	0.99708	4.6059	3	36.86	8	0	1	high	high3	2	20	1	2	21	22	23	24	
13373	13372	pollution	48995	97	77	85	69	1.902	1.9912	0.91798	1.8921	Noun	97	1	3.2831	3	108	9	0	1	low	low3	4	40	1	2	41	42	43	44	
3095	3094	chemistry	10918	442	299	400	282	8.6667	2.6464	3.5646	2.4771	Noun	441	1	3.9382	3	37.25	9	0	1	high	high3	2	20	1	2	21	22	23	24	
16315	16314	snitch	60356	161	110	142	100	3.1569	2.2095	1.3114	2.0453	Noun	110	0.68323	3.5013	1	24.2	6	3	1	low	low1	3	30	1	2	31	32	33	34	
595	594	appendix	2738	133	88	125	86	2.6078	2.1271	1.0491	1.9494	Noun	133	1	3.4189	3	34.14	8	0	1	low	low3	4	40	1	2	41	42	43	44	
9329	9328	joy	35067	1456	923	1095	815	28.549	3.1635	11.0038	2.9657	Noun	1118	0.77317	4.4553	1	4.5	3	8	1	high	high1	1	10	1	2	11	12	13	14	
10783	10782	mechanic	39703	258	185	250	181	5.0588	2.4133	2.2055	2.2695	Noun	257	0.99612	3.7051	3	41.57	8	0	1	high	high3	2	20	1	2	21	22	23	24	
7065	7064	fundraiser	26298	97	75	92	71	1.902	1.9912	0.89413	1.8808	Noun	97	1	3.2831	3	37	10	0	1	low	low3	4	40	1	2	41	42	43	44	
7235	7234	gauze	26843	73	56	63	51	1.4314	1.8692	0.66762	1.7559	Noun	54	0.73973	3.1611	1	14.25	5	2	1	low	low1	3	30	1	2	31	32	33	34	
14574	14573	removal	53873	105	94	98	88	2.0588	2.0253	1.1206	1.9777	Noun	105	1	3.3171	3	58.83	7	0	1	low	low3	4	40	1	2	41	42	43	44	
6457	6456	fiend	24156	143	110	136	105	2.8039	2.1584	1.3114	2.0453	Noun	140	0.97902	3.4502	1	22	5	1	1	low	low1	3	30	1	2	31	32	33	34	
1679	1678	bliss	6576	160	119	121	99	3.1373	2.2068	1.4187	2.0792	Noun	146	0.9125	3.4987	1	30	5	2	1	low	low1	3	30	1	2	31	32	33	34	
19490	19489	writ	73703	88	61	85	59	1.7255	1.9494	0.72723	1.7924	Noun	75	0.85227	3.2412	1	13.33	4	3	1	low	low1	3	30	1	2	31	32	33	34	
3089	3088	chef	10901	606	322	467	282	11.8824	2.7832	3.8388	2.5092	Noun	603	0.99669	4.075	1	9.33	4	1	1	high	high1	1	10	1	2	11	12	13	14	
10288	10287	lottery	37987	344	166	300	160	6.7451	2.5378	1.979	2.2227	Noun	344	1	3.8297	3	108	7	1	1	high	high3	2	20	1	2	21	22	23	24	
4239	4238	crow	15409	227	132	156	107	4.451	2.3579	1.5737	2.1239	Noun	150	0.67873	3.6498	1	13	4	6	1	low	low1	3	30	1	2	31	32	33	34	
18354	18353	tube	68057	838	455	785	435	16.4314	2.9238	5.4244	2.659	Noun	838	1	4.2156	1	8.67	4	3	1	high	high1	1	10	1	2	11	12	13	14	
3469	3468	coconut	12316	234	140	170	116	4.5882	2.3711	1.6691	2.1492	Noun	234	1	3.6629	3	46.67	7	0	1	high	high3	2	20	1	2	21	22	23	24	
618	617	approval	2836	428	333	423	330	8.3922	2.6325	3.97	2.5237	Noun	429	1	3.9243	3	35.86	8	0	1	high	high3	2	20	1	2	21	22	23	24	
5793	5792	enema	21547	72	52	65	50	1.4118	1.8633	0.61993	1.7243	Noun	72	1	3.1552	3	9.75	5	1	1	low	low3	4	40	1	2	41	42	43	44	
14409	14408	recording	52955	748	371	712	353	14.6667	2.8745	4.423	2.5705	Noun	552	0.73797	4.1663	3	230.5	9	0	1	high	high3	2	20	1	2	21	22	23	24	
868	867	attacker	3720	73	60	69	59	1.4314	1.8692	0.71531	1.7853	Noun	71	0.98611	3.1611	3	44	8	1	1	low	low3	4	40	1	2	41	42	43	44	
7211	7210	gasp	26765	88	60	82	55	1.7255	1.9494	0.71531	1.7853	Noun	45	0.50562	3.2412	1	20.67	4	3	1	low	low1	3	30	1	2	31	32	33	34	
3629	3628	committee	12861	1123	528	796	418	22.0196	3.0508	6.2947	2.7235	Noun	1120	1	4.3426	3	91.38	9	1	1	high	high3	2	20	1	2	21	22	23	24	
10549	10548	maniac	38914	479	351	434	339	9.3922	2.6812	4.1845	2.5465	Noun	460	0.96436	3.9731	3	48.2	6	0	1	high	high3	2	20	1	2	21	22	23	24	
14357	14356	rear	52592	634	458	590	437	12.4314	2.8028	5.4602	2.6618	Noun	321	0.50631	4.0946	1	32.33	4	14	1	high	high1	1	10	1	2	11	12	13	14	
10414	10413	mag	38506	78	58	45	37	1.5294	1.8976	0.69146	1.7709	Noun	76	0.97436	3.1895	1	11	3	22	1	low	low1	3	30	1	2	31	32	33	34	
16958	16957	strain	62800	361	291	354	287	7.0784	2.5587	3.4692	2.4654	Noun	278	0.77222	3.8505	1	50.4	6	2	1	high	high1	1	10	1	2	11	12	13	14	
17008	17007	strife	62966	85	67	63	55	1.6667	1.9345	0.79876	1.8325	Noun	84	1	3.2263	1	48	6	4	1	low	low1	3	30	1	2	31	32	33	34	
10346	10345	lunatic	38229	433	345	414	335	8.4902	2.6375	4.113	2.5391	Noun	368	0.84988	3.9293	3	42.83	7	0	1	high	high3	2	20	1	2	21	22	23	24	
8686	8685	hymn	31726	83	62	63	49	1.6275	1.9243	0.73915	1.7993	Noun	82	1	3.2161	1	1.33	4	0	1	low	low1	3	30	1	2	31	32	33	34	
14530	14529	rejection	53628	168	125	151	122	3.2941	2.2279	1.4902	2.1004	Noun	168	1	3.5197	3	122.38	9	1	1	low	low3	4	40	1	2	41	42	43	44	
810	809	assistant	3503	1643	977	1414	861	32.2157	3.2159	11.6476	2.9903	Noun	1095	0.6685	4.5077	3	57.13	9	0	1	high	high3	2	20	1	2	21	22	23	24	
6134	6133	extension	23083	275	221	254	208	5.3922	2.4409	2.6347	2.3464	Noun	275	1	3.7327	3	89.38	9	0	1	high	high3	2	20	1	2	21	22	23	24	
5805	5804	engineer	21603	596	326	485	303	11.6863	2.776	3.8865	2.5145	Noun	562	0.95254	4.0678	3	66.14	8	0	1	high	high3	2	20	1	2	21	22	23	24	
6725	6724	flow	24992	701	484	665	473	13.7451	2.8463	5.7701	2.6857	Noun	535	0.77649	4.1382	1	18.33	4	8	1	high	high1	1	10	1	2	11	12	13	14	
7653	7652	greed	28316	245	192	212	173	4.8039	2.3909	2.289	2.2856	Noun	244	0.99592	3.6828	1	79.5	5	5	1	high	high1	1	10	1	2	11	12	13	14	
13112	13111	pioneer	48258	106	73	67	55	2.0784	2.0294	0.87029	1.8692	Noun	101	0.97115	3.3212	3	79.5	7	0	1	low	low3	4	40	1	2	41	42	43	44	
4949	4948	dimension	18224	236	133	226	133	4.6275	2.3747	1.5856	2.1271	Noun	234	1	3.6666	3	89.13	9	0	1	high	high3	2	20	1	2	21	22	23	24	
7210	7209	gasoline	26764	333	218	312	202	6.5294	2.5237	2.599	2.3404	Noun	333	1	3.8156	3	178.86	8	0	1	high	high3	2	20	1	2	21	22	23	24	
3031	3030	charity	10705	841	538	787	522	16.4902	2.9253	6.4139	2.7316	Noun	840	1	4.2171	3	77.5	7	1	1	high	high3	2	20	1	2	21	22	23	24	
17388	17387	sync	64546	168	129	84	73	3.2941	2.2279	1.5379	2.1139	Noun	70	0.65421	3.5197	1	0.67	4	0	1	low	low1	3	30	1	2	31	32	33	34	
3652	3651	companion	12939	323	247	302	239	6.3333	2.5105	2.9447	2.3945	Noun	324	1	3.8024	3	108	9	0	1	high	high3	2	20	1	2	21	22	23	24	
17485	17484	tang	64917	114	68	12	12	2.2353	2.0607	0.81068	1.8388	Noun	113	0.99123	3.3525	1	32	4	11	1	low	low1	3	30	1	2	31	32	33	34	
12552	12551	parasite	46307	126	83	115	78	2.4706	2.1038	0.98951	1.9243	Noun	125	1	3.3956	3	90	8	0	1	low	low3	4	40	1	2	41	42	43	44	
12988	12987	phrase	47858	464	360	460	357	9.098	2.6675	4.2918	2.5575	Noun	429	0.92657	3.9593	1	33	6	0	1	high	high1	1	10	1	2	11	12	13	14	
384	383	amnesia	1939	189	112	162	99	3.7059	2.2788	1.3352	2.0531	Noun	189	1	3.5706	3	14	7	0	1	low	low3	4	40	1	2	41	42	43	44	
17754	17753	therapist	65877	485	307	470	302	9.5098	2.6866	3.66	2.4886	Noun	482	0.99587	3.9785	3	46.25	9	0	1	high	high3	2	20	1	2	21	22	23	24	
8885	8884	indictment	32901	126	87	124	86	2.4706	2.1038	1.0372	1.9445	Noun	126	1	3.3956	3	70.22	10	0	1	low	low3	4	40	1	2	41	42	43	44	
12852	12851	percentage	47208	192	164	186	159	3.7647	2.2856	1.9552	2.2175	Noun	192	1	3.5774	3	41.22	10	0	1	low	low3	4	40	1	2	41	42	43	44	
12342	12341	oversight	45601	74	68	64	63	1.451	1.8751	0.81068	1.8388	Noun	66	0.89189	3.1669	3	29.88	9	1	1	low	low3	4	40	1	2	41	42	43	44	
12377	12376	pace	45786	488	337	344	280	9.5686	2.6893	4.0176	2.5289	Noun	437	0.89549	3.9811	1	23.67	4	14	1	high	high1	1	10	1	2	11	12	13	14	
8933	8932	influence	33194	754	599	747	598	14.7843	2.8779	7.1412	2.7782	Noun	587	0.77955	4.1698	3	62.88	9	0	1	high	high3	2	20	1	2	21	22	23	24	
2237	2236	buff	8279	127	98	102	87	2.4902	2.1072	1.1683	1.9956	Noun	69	0.53906	3.399	1	13.33	4	6	1	low	low1	3	30	1	2	31	32	33	34	
9474	9473	kidnapper	35569	206	92	194	89	4.0392	2.316	1.0968	1.9685	Noun	202	0.98058	3.6078	3	23.88	9	1	1	low	low3	4	40	1	2	41	42	43	44	
15387	15386	schmuck	56947	234	168	194	145	4.5882	2.3711	2.0029	2.2279	Noun	150	0.64103	3.6629	1	18	7	0	1	high	high1	1	10	1	2	11	12	13	14	
3264	3263	citizen	11623	680	515	602	472	13.3333	2.8331	6.1397	2.7126	Noun	679	0.99853	4.125	3	28.83	7	0	1	high	high3	2	20	1	2	21	22	23	24	
10215	10214	loft	37748	186	104	180	101	3.6471	2.2718	1.2399	2.0212	Noun	185	0.99462	3.5637	1	16	4	6	1	low	low1	3	30	1	2	31	32	33	34	
17737	17736	theatre	65812	582	236	488	188	11.4118	2.7657	2.8135	2.3747	Noun	578	0.99827	4.0575	3	48.33	7	0	1	high	high3	2	20	1	2	21	22	23	24	
5896	5895	equipment	22061	1298	849	1270	831	25.451	3.1136	10.1216	2.9294	Noun	1296	1	4.4054	3	42.25	9	0	1	high	high3	2	20	1	2	21	22	23	24	
14944	14943	role	55460	929	653	920	649	18.2157	2.9685	7.7849	2.8156	Noun	928	1	4.2603	1	31.33	4	14	1	high	high1	1	10	1	2	11	12	13	14	
18787	18786	vest	71158	284	203	280	199	5.5686	2.4548	2.4201	2.3096	Noun	284	1	3.7467	1	21.33	4	11	1	high	high1	1	10	1	2	11	12	13	14	
16609	16608	spook	61584	140	106	128	101	2.7451	2.1492	1.2637	2.0294	Noun	69	0.49286	3.4411	1	26	5	4	1	low	low1	3	30	1	2	31	32	33	34	
11663	11662	nebula	42768	75	24	20	8	1.4706	1.8808	0.28612	1.3979	Noun	40	0.53333	3.1726	3	12.2	6	0	1	low	low3	4	40	1	2	41	42	43	44	
19031	19030	waltz	71924	279	181	231	161	5.4706	2.4472	2.1578	2.2601	Noun	184	0.66426	3.739	1	25.75	5	0	1	high	high1	1	10	1	2	11	12	13	14	
1760	1759	blur	6818	109	94	101	87	2.1373	2.0414	1.1206	1.9777	Noun	89	0.82407	3.3332	1	12.33	4	2	1	low	low1	3	30	1	2	31	32	33	34	
4060	4059	cowardice	14795	91	60	81	55	1.7843	1.9638	0.71531	1.7853	Noun	91	1	3.2556	3	59.63	9	0	1	low	low3	4	40	1	2	41	42	43	44	
14545	14544	relevance	53708	82	68	63	51	1.6078	1.9191	0.81068	1.8388	Noun	82	1	3.2109	3	71.5	9	0	1	low	low3	4	40	1	2	41	42	43	44	
14661	14660	resentment	54321	76	69	73	67	1.4902	1.8865	0.8226	1.8451	Noun	76	1	3.1783	3	71.33	10	0	1	low	low3	4	40	1	2	41	42	43	44	
12683	12682	patio	46685	133	108	125	103	2.6078	2.1271	1.2876	2.0374	Noun	132	0.99248	3.4189	3	30	5	1	1	low	low3	4	40	1	2	41	42	43	44	
15251	15250	sap	56458	178	132	171	128	3.4902	2.2529	1.5737	2.1239	Noun	162	0.90503	3.5447	1	9	3	19	1	low	low1	3	30	1	2	31	32	33	34	
6262	6261	faraway	23543	93	74	81	69	1.8235	1.9731	0.88221	1.8751	Noun	86	0.92473	3.265	3	58.17	7	1	1	low	low3	4	40	1	2	41	42	43	44	
4144	4143	creed	15096	129	51	51	37	2.5294	2.1139	0.60801	1.716	Noun	124	0.96124	3.4058	1	80.75	5	7	1	low	low1	3	30	1	2	31	32	33	34	
16858	16857	stern	62408	327	154	140	106	6.4118	2.5159	1.836	2.1903	Noun	199	0.60856	3.8077	1	33	5	1	1	high	high1	1	10	1	2	11	12	13	14	
9476	9475	kidnapping	35571	617	340	567	320	12.098	2.791	4.0534	2.5328	Noun	561	0.90924	4.0828	3	114.67	10	0	1	high	high3	2	20	1	2	21	22	23	24	
6663	6662	flea	24755	169	110	133	102	3.3137	2.2304	1.3114	2.0453	Noun	139	0.82738	3.5223	1	12.67	4	5	1	low	low1	3	30	1	2	31	32	33	34	
7416	7415	glitch	27507	103	77	102	76	2.0196	2.017	0.91798	1.8921	Noun	98	0.95146	3.3089	1	31.2	6	0	1	low	low1	3	30	1	2	31	32	33	34	
6550	6549	fireplace	24407	259	189	253	186	5.0784	2.415	2.2532	2.2788	Noun	258	1	3.7068	3	36.63	9	0	1	high	high3	2	20	1	2	21	22	23	24	
7642	7641	gravity	28271	351	265	298	238	6.8824	2.5465	3.1593	2.4249	Noun	351	1	3.8384	3	62.5	7	0	1	high	high3	2	20	1	2	21	22	23	24	
13029	13028	pie	48003	1466	790	1273	751	28.7451	3.1664	9.4182	2.8982	Noun	1465	1	4.4583	1	6	3	11	1	high	high1	1	10	1	2	11	12	13	14	
13270	13269	plot	48698	591	410	557	393	11.5882	2.7723	4.8879	2.6138	Noun	475	0.80372	4.0642	1	17.67	4	6	1	high	high1	1	10	1	2	11	12	13	14	
17775	17774	thigh	65969	191	152	177	146	3.7451	2.2833	1.8121	2.1847	Noun	191	1	3.5751	1	21.5	5	0	1	low	low1	3	30	1	2	31	32	33	34	
12003	12002	obstacle	44176	132	107	131	107	2.5882	2.1239	1.2756	2.0334	Noun	132	1	3.4157	3	44.57	8	0	1	low	low3	4	40	1	2	41	42	43	44	
11080	11079	minivan	40768	81	52	81	52	1.5882	1.9138	0.61993	1.7243	Noun	74	0.925	3.2056	3	37	7	0	1	low	low3	4	40	1	2	41	42	43	44	
17320	17319	sweat	64277	1115	863	1056	831	21.8627	3.0477	10.2885	2.9365	Noun	625	0.56155	4.3395	1	25.25	5	3	1	high	high1	1	10	1	2	11	12	13	14	
2887	2886	caviar	10194	195	143	163	124	3.8235	2.2923	1.7048	2.1584	Noun	139	0.71282	3.5841	3	41.2	6	0	1	low	low3	4	40	1	2	41	42	43	44	
789	788	assassin	3425	302	188	291	184	5.9216	2.4814	2.2413	2.2765	Noun	301	1	3.7733	3	20.57	8	0	1	high	high3	2	20	1	2	21	22	23	24	
