numid|f	X|f	Word|s	Unnamed|f	FREQcount|f	Cdcount|f	FREQlow|f	Cdlow|f	SUBLTLWF|f	Lg10WF|f	SUBTLCD|f	Lg10CD|f	Dom_PoS_SUBTLEX|s	Freq_dom_PoS_SUBTLEX|f	Percentage_dom_PoS|f	Zipfvalue|f	cmu_sylls|f	BF_TP|f	LEN_L|f	N|f	Zipfvalue_incl|f	Zipfvalue_cat|s	cond_name|s	cond_code|f	trigger_code|f	len|f	corr_resp|f	fix_code|f	word_code|f	delay_code|f	audioresp_code|f	
5672	5671	element	20992	338	266	323	264	6.6275	2.5302	3.1712	2.4265	Noun	340	1	3.822	3	44.33	7	1	1	high	high3	2	20	1	2	21	22	23	24	
709	708	armory	3136	95	57	73	48	1.8627	1.9823	0.67954	1.7634	Noun	63	0.66316	3.2741	3	31.4	6	0	1	low	low3	4	40	1	2	41	42	43	44	
9113	9112	invasion	34142	434	237	390	209	8.5098	2.6385	2.8255	2.3766	Noun	433	1	3.9303	3	66.14	8	0	1	high	high3	2	20	1	2	21	22	23	24	
7218	7217	gate	26794	1634	902	1334	779	32.0392	3.2135	10.7535	2.9557	Noun	1633	0.99939	4.5054	1	24.67	4	13	1	high	high1	1	10	1	2	11	12	13	14	
11481	11480	mug	42045	349	260	337	253	6.8431	2.5441	3.0997	2.4166	Noun	302	0.86533	3.8359	1	6.5	3	13	1	high	high1	1	10	1	2	11	12	13	14	
16835	16834	stem	62322	114	95	112	93	2.2353	2.0607	1.1326	1.9823	Noun	83	0.72807	3.3525	1	7.67	4	4	1	low	low1	3	30	1	2	31	32	33	34	
16118	16117	skin	59533	2246	1532	2148	1495	44.0392	3.3516	18.2642	3.1855	Noun	2114	0.94123	4.6434	1	11	4	7	1	high	high1	1	10	1	2	11	12	13	14	
7393	7392	glance	27415	175	158	167	150	3.4314	2.2455	1.8836	2.2014	Noun	125	0.71839	3.5373	1	45.6	6	0	1	low	low1	3	30	1	2	31	32	33	34	
4480	4479	dane	16172	158	48	0	0	3.098	2.2014	0.57225	1.6902	Noun	158	1	3.4932	1	33.33	4	18	1	low	low1	3	30	1	2	31	32	33	34	
1414	1413	beginner	5460	99	82	76	65	1.9412	2	0.97759	1.9191	Noun	98	1	3.2918	3	66.29	8	0	1	low	low3	4	40	1	2	41	42	43	44	
17017	17016	strip	62989	800	596	610	480	15.6863	2.9036	7.1054	2.776	Noun	578	0.7207	4.1955	1	24.75	5	1	1	high	high1	1	10	1	2	11	12	13	14	
11067	11066	minimum	40748	415	363	378	333	8.1373	2.6191	4.3276	2.5611	Noun	225	0.54217	3.9109	3	34.33	7	0	1	high	high3	2	20	1	2	21	22	23	24	
5736	5735	emotion	21269	423	341	398	330	8.2941	2.6274	4.0653	2.534	Noun	424	1	3.9192	3	65.5	7	0	1	high	high3	2	20	1	2	21	22	23	24	
3810	3809	contestant	13857	136	86	118	80	2.6667	2.1367	1.0253	1.9395	Noun	134	1	3.4286	3	86.67	10	0	1	low	low3	4	40	1	2	41	42	43	44	
4215	4214	crook	15319	289	196	265	186	5.6667	2.4624	2.3367	2.2945	Noun	285	1	3.7542	1	38.75	5	3	1	high	high1	1	10	1	2	11	12	13	14	
14072	14071	quart	51629	106	77	100	74	2.0784	2.0294	0.91798	1.8921	Noun	105	1	3.3212	1	28	5	0	1	low	low1	3	30	1	2	31	32	33	34	
18793	18792	vet	71174	296	193	288	189	5.8039	2.4728	2.3009	2.2878	Noun	278	0.93919	3.7646	1	7	3	13	1	high	high1	1	10	1	2	11	12	13	14	
1239	1238	barricade	4942	75	50	68	47	1.4706	1.8808	0.59609	1.7076	Noun	52	0.69333	3.1726	3	53	9	0	1	low	low3	4	40	1	2	41	42	43	44	
5833	5832	enterprise	21782	413	164	139	124	8.098	2.617	1.9552	2.2175	Noun	411	0.99757	3.9088	3	63	10	0	1	high	high3	2	20	1	2	21	22	23	24	
1420	1419	behavior	5491	1142	861	1125	850	22.3922	3.058	10.2647	2.9355	Noun	1134	0.99912	4.3499	3	31	8	0	1	high	high3	2	20	1	2	21	22	23	24	
13961	13960	pup	51287	164	88	127	83	3.2157	2.2175	1.0491	1.9494	Noun	107	0.66049	3.5093	1	4.5	3	11	1	low	low1	3	30	1	2	31	32	33	34	
13880	13879	prune	50923	75	62	62	52	1.4706	1.8808	0.73915	1.7993	Noun	41	0.54667	3.1726	1	30.5	5	2	1	low	low1	3	30	1	2	31	32	33	34	
1539	1538	bikini	6046	188	133	160	120	3.6863	2.2765	1.5856	2.1271	Noun	187	1	3.5683	3	56	6	0	1	low	low3	4	40	1	2	41	42	43	44	
18806	18805	vibration	71221	80	57	77	56	1.5686	1.9085	0.67954	1.7634	Noun	80	1	3.2003	3	107.63	9	0	1	low	low3	4	40	1	2	41	42	43	44	
14938	14937	rodeo	55424	283	109	208	81	5.549	2.4533	1.2995	2.0414	Noun	235	0.83039	3.7452	3	25	5	0	1	high	high3	2	20	1	2	21	22	23	24	
13943	13942	pun	51222	94	85	82	75	1.8431	1.9777	1.0134	1.9345	Noun	86	0.92473	3.2696	1	7.5	3	16	1	low	low1	3	30	1	2	31	32	33	34	
12442	12441	pal	45945	2937	1602	2821	1569	57.5882	3.4681	19.0987	3.2049	Noun	2930	0.99898	4.7599	1	5.5	3	9	1	high	high1	1	10	1	2	11	12	13	14	
4131	4130	creator	15071	142	95	110	67	2.7843	2.1553	1.1326	1.9823	Noun	142	1	3.4472	3	59.5	7	0	1	low	low3	4	40	1	2	41	42	43	44	
3386	3385	clot	12064	92	61	91	60	1.8039	1.9685	0.72723	1.7924	Noun	77	0.83696	3.2603	1	18	4	6	1	low	low1	3	30	1	2	31	32	33	34	
18521	18520	underpants	69070	150	102	130	92	2.9412	2.179	1.216	2.0128	Noun	143	0.95333	3.4708	3	70.44	10	0	1	low	low3	4	40	1	2	41	42	43	44	
6049	6048	excitement	22674	628	523	602	508	12.3137	2.7987	6.2351	2.7193	Noun	622	0.99361	4.0905	3	56.67	10	0	1	high	high3	2	20	1	2	21	22	23	24	
10839	10838	membership	39914	165	133	159	129	3.2353	2.2201	1.5856	2.1271	Noun	165	1	3.5119	3	30.44	10	0	1	low	low3	4	40	1	2	41	42	43	44	
14641	14640	republic	54202	286	165	71	49	5.6078	2.4579	1.9671	2.2201	Noun	285	0.9965	3.7497	3	58.29	8	0	1	high	high3	2	20	1	2	21	22	23	24	
694	693	ark	3101	199	82	46	42	3.902	2.301	0.97759	1.9191	Noun	186	0.93467	3.5929	1	3	3	5	1	low	low1	3	30	1	2	31	32	33	34	
3217	3216	chunk	11460	211	136	142	130	4.1373	2.3263	1.6214	2.1367	Noun	201	0.95261	3.6182	1	30.25	5	3	1	low	low1	3	30	1	2	31	32	33	34	
8845	8844	inch	32664	631	499	621	496	12.3725	2.8007	5.949	2.699	Noun	597	0.95064	4.0926	1	6	4	1	1	high	high1	1	10	1	2	11	12	13	14	
12744	12743	pea	46833	199	127	159	111	3.902	2.301	1.5141	2.1072	Noun	207	0.99043	3.5929	1	6.5	3	11	1	low	low1	3	30	1	2	31	32	33	34	
10295	10294	louse	38018	86	63	84	62	1.6863	1.9395	0.75107	1.8062	Noun	87	1	3.2314	1	42.25	5	6	1	low	low1	3	30	1	2	31	32	33	34	
4398	4397	cyanide	15940	92	61	74	51	1.8039	1.9685	0.72723	1.7924	Noun	69	0.75	3.2603	3	38.83	7	0	1	low	low3	4	40	1	2	41	42	43	44	
7946	7945	hamburger	29235	397	247	340	221	7.7843	2.5999	2.9447	2.3945	Noun	380	0.96203	3.8917	3	38.75	9	0	1	high	high3	2	20	1	2	21	22	23	24	
16921	16920	stool	62665	179	156	174	153	3.5098	2.2553	1.8598	2.1959	Noun	179	1	3.5471	1	34	5	3	1	low	low1	3	30	1	2	31	32	33	34	
3305	3304	claw	11819	223	137	163	123	4.3725	2.3502	1.6333	2.1399	Noun	156	0.69955	3.6421	1	13.33	4	6	1	low	low1	3	30	1	2	31	32	33	34	
10188	10187	location	37695	1263	823	1213	799	24.7647	3.1017	9.8116	2.9159	Noun	1258	1	4.3936	3	87.43	8	1	1	high	high3	2	20	1	2	21	22	23	24	
1207	1206	bargaining	4846	106	79	94	74	2.0784	2.0294	0.94182	1.9031	Noun	65	0.61905	3.3212	3	140.67	10	0	1	low	low3	4	40	1	2	41	42	43	44	
16852	16851	stereo	62380	304	216	260	191	5.9608	2.4843	2.5751	2.3365	Noun	301	1	3.7761	3	49	6	0	1	high	high3	2	20	1	2	21	22	23	24	
5001	5000	director	18370	1834	809	1287	646	35.9608	3.2636	9.6447	2.9085	Noun	1813	0.99234	4.5555	3	50.14	8	0	1	high	high3	2	20	1	2	21	22	23	24	
16030	16029	silverware	59196	109	86	105	84	2.1373	2.0414	1.0253	1.9395	Noun	107	0.98165	3.3332	3	28.33	10	0	1	low	low3	4	40	1	2	41	42	43	44	
12168	12167	orb	44752	140	67	122	61	2.7451	2.1492	0.79876	1.8325	Noun	140	1	3.4411	1	1.5	3	1	1	low	low1	3	30	1	2	31	32	33	34	
1822	1821	bolt	7045	351	226	263	202	6.8824	2.5465	2.6943	2.356	Noun	295	0.84527	3.8384	1	29.33	4	11	1	high	high1	1	10	1	2	11	12	13	14	
13930	13929	pulp	51173	93	82	74	66	1.8235	1.9731	0.97759	1.9191	Noun	85	0.93407	3.265	1	15	4	3	1	low	low1	3	30	1	2	31	32	33	34	
6674	6673	flick	24817	257	137	150	122	5.0392	2.4116	1.6333	2.1399	Noun	121	0.47082	3.7035	1	37	5	4	1	high	high1	1	10	1	2	11	12	13	14	
16257	16256	smear	60085	111	90	104	84	2.1765	2.0492	1.073	1.959	Noun	69	0.62162	3.3411	1	22	5	3	1	low	low1	3	30	1	2	31	32	33	34	
159	158	agreement	1242	892	603	867	594	17.4902	2.9509	7.1888	2.781	Noun	887	1	4.2427	3	52.63	9	0	1	high	high3	2	20	1	2	21	22	23	24	
6115	6114	explosion	23007	841	467	763	438	16.4902	2.9253	5.5675	2.6702	Noun	840	1	4.2171	3	80.5	9	0	1	high	high3	2	20	1	2	21	22	23	24	
17869	17868	tights	66363	135	78	129	76	2.6471	2.1335	0.9299	1.8976	Noun	135	1	3.4254	1	48.6	6	6	1	low	low1	3	30	1	2	31	32	33	34	
15658	15657	sentiment	57882	162	148	154	143	3.1765	2.2122	1.7644	2.1732	Noun	162	1	3.504	3	70.25	9	0	1	low	low3	4	40	1	2	41	42	43	44	
8068	8067	haste	29628	106	79	103	77	2.0784	2.0294	0.94182	1.9031	Noun	96	0.88889	3.3212	1	37	5	6	1	low	low1	3	30	1	2	31	32	33	34	
10269	10268	loot	37927	181	136	168	128	3.549	2.2601	1.6214	2.1367	Noun	143	0.79006	3.5519	1	35	4	16	1	low	low1	3	30	1	2	31	32	33	34	
14407	14406	recorder	52953	252	178	232	169	4.9412	2.4031	2.1221	2.2529	Noun	252	1	3.695	3	99	8	1	1	high	high3	2	20	1	2	21	22	23	24	
10567	10566	manpower	38996	105	96	102	94	2.0588	2.0253	1.1445	1.9868	Noun	105	1	3.3171	3	63	8	0	1	low	low3	4	40	1	2	41	42	43	44	
13737	13736	processing	50345	193	154	168	136	3.7843	2.2878	1.836	2.1903	Noun	119	0.61658	3.5796	3	172.22	10	1	1	low	low3	4	40	1	2	41	42	43	44	
8703	8702	hypocrite	31827	166	137	154	127	3.2549	2.2227	1.6333	2.1399	Noun	162	0.99387	3.5146	3	63.38	9	0	1	low	low3	4	40	1	2	41	42	43	44	
12401	12400	pad	45840	415	327	390	312	8.1373	2.6191	3.8984	2.5159	Noun	368	0.88675	3.9109	1	10	3	19	1	high	high1	1	10	1	2	11	12	13	14	
16224	16223	slot	59950	280	204	267	198	5.4902	2.4487	2.432	2.3118	Noun	270	0.97473	3.7405	1	21	4	15	1	high	high1	1	10	1	2	11	12	13	14	
18699	18698	vase	70874	196	121	191	119	3.8431	2.2945	1.4425	2.0864	Noun	196	0.99492	3.5863	1	20.67	4	6	1	low	low1	3	30	1	2	31	32	33	34	
14190	14189	rag	52014	244	184	236	178	4.7843	2.3892	2.1936	2.2672	Noun	242	0.98776	3.681	1	10	3	20	1	high	high1	1	10	1	2	11	12	13	14	
11610	11609	nap	42539	645	487	626	481	12.6471	2.8102	5.8059	2.6884	Noun	611	0.94876	4.1021	1	7	3	13	1	high	high1	1	10	1	2	11	12	13	14	
264	263	alias	1536	208	155	143	112	4.0784	2.3201	1.8479	2.1931	Noun	162	0.77143	3.612	3	21.25	5	1	1	low	low3	4	40	1	2	41	42	43	44	
18698	18697	varsity	70865	89	66	67	51	1.7451	1.9542	0.78684	1.8261	Noun	88	0.98876	3.2461	3	74.5	7	0	1	low	low3	4	40	1	2	41	42	43	44	
16726	16725	stake	62001	847	666	819	652	16.6078	2.9284	7.9399	2.8241	Noun	634	0.74941	4.2202	1	34	5	9	1	high	high1	1	10	1	2	11	12	13	14	
7078	7077	fur	26341	422	285	393	271	8.2745	2.6263	3.3977	2.4564	Noun	416	0.98578	3.9182	1	3	3	7	1	high	high1	1	10	1	2	11	12	13	14	
10423	10422	magician	38525	390	191	372	187	7.6471	2.5922	2.2771	2.2833	Noun	382	0.99479	3.884	3	42.57	8	0	1	high	high3	2	20	1	2	21	22	23	24	
6747	6746	flute	25078	108	71	100	65	2.1176	2.0374	0.84645	1.8573	Noun	108	1	3.3293	1	32.75	5	1	1	low	low1	3	30	1	2	31	32	33	34	
7748	7747	grub	28617	139	106	123	101	2.7255	2.1461	1.2637	2.0294	Noun	135	0.97826	3.438	1	7.33	4	1	1	low	low1	3	30	1	2	31	32	33	34	
8064	8063	hash	29609	180	133	164	121	3.5294	2.2577	1.5856	2.1271	Noun	132	0.73743	3.5495	1	30	4	12	1	low	low1	3	30	1	2	31	32	33	34	
15579	15578	sedative	57570	130	112	122	107	2.549	2.1173	1.3352	2.0531	Noun	123	0.94615	3.4091	3	78.43	8	0	1	low	low3	4	40	1	2	41	42	43	44	
9026	9025	inspection	33565	300	211	280	202	5.8824	2.4786	2.5155	2.3263	Noun	300	1	3.7704	3	141.44	10	0	1	high	high3	2	20	1	2	21	22	23	24	
1111	1110	ballistics	4571	120	82	76	54	2.3529	2.0828	0.97759	1.9191	Noun	112	0.93333	3.3746	3	72.56	10	0	1	low	low3	4	40	1	2	41	42	43	44	
12880	12879	perjury	47367	115	70	105	69	2.2549	2.0645	0.83453	1.8513	Noun	114	1	3.3563	3	48.67	7	0	1	low	low3	4	40	1	2	41	42	43	44	
11076	11075	minister	40759	941	395	515	273	18.451	2.9741	4.7091	2.5977	Noun	891	0.94687	4.2659	3	100.29	8	1	1	high	high3	2	20	1	2	21	22	23	24	
9836	9835	leash	36711	219	165	215	162	4.2941	2.3424	1.9671	2.2201	Noun	213	0.97706	3.6343	1	44	5	3	1	low	low1	3	30	1	2	31	32	33	34	
18202	18201	treasury	67548	194	93	50	37	3.8039	2.29	1.1087	1.9731	Noun	193	0.99485	3.5819	3	65.29	8	1	1	low	low3	4	40	1	2	41	42	43	44	
5774	5773	encounter	21435	284	251	276	246	5.5686	2.4548	2.9924	2.4014	Noun	187	0.65845	3.7467	3	79.88	9	0	1	high	high3	2	20	1	2	21	22	23	24	
12689	12688	patriot	46702	133	95	91	66	2.6078	2.1271	1.1326	1.9823	Noun	129	0.96992	3.4189	3	60	7	0	1	low	low3	4	40	1	2	41	42	43	44	
15179	15178	salami	56210	114	77	104	69	2.2353	2.0607	0.91798	1.8921	Noun	113	0.99123	3.3525	3	34.6	6	0	1	low	low3	4	40	1	2	41	42	43	44	
19518	19517	yard	73843	1278	776	1093	714	25.0588	3.1069	9.2513	2.8904	Noun	1280	0.99844	4.3987	1	27.67	4	7	1	high	high1	1	10	1	2	11	12	13	14	
9122	9121	investment	34188	497	373	485	362	9.7451	2.6972	4.4468	2.5729	Noun	497	1	3.9891	3	65	10	0	1	high	high3	2	20	1	2	21	22	23	24	
15832	15831	shin	58514	157	62	32	29	3.0784	2.1987	0.73915	1.7993	Noun	138	0.8961	3.4905	1	16.67	4	7	1	low	low1	3	30	1	2	31	32	33	34	
7439	7438	glue	27598	300	220	268	206	5.8824	2.4786	2.6228	2.3444	Noun	233	0.77667	3.7704	1	10	4	6	1	high	high1	1	10	1	2	11	12	13	14	
7048	7047	fugitive	26219	264	195	249	185	5.1765	2.4232	2.3247	2.2923	Noun	262	1	3.7151	3	64.71	8	0	1	high	high3	2	20	1	2	21	22	23	24	
6982	6981	frequency	25946	337	231	326	227	6.6078	2.5289	2.7539	2.3655	Noun	337	1	3.8208	3	43	9	0	1	high	high3	2	20	1	2	21	22	23	24	
11130	11129	misfortune	40941	136	117	128	116	2.6667	2.1367	1.3948	2.0719	Noun	136	1	3.4286	3	33.56	10	0	1	low	low3	4	40	1	2	41	42	43	44	
3892	3891	cord	14253	358	264	340	256	7.0196	2.5551	3.1474	2.4232	Noun	345	0.97458	3.8469	1	30.33	4	10	1	high	high1	1	10	1	2	11	12	13	14	
13934	13933	pulse	51188	1200	530	823	474	23.5294	3.0795	6.3186	2.7251	Noun	1197	1	4.3714	1	27.25	5	1	1	high	high1	1	10	1	2	11	12	13	14	
2820	2819	catalogue	9983	108	74	102	69	2.1176	2.0374	0.88221	1.8751	Noun	100	0.92593	3.3293	3	30.88	9	0	1	low	low3	4	40	1	2	41	42	43	44	
3675	3674	compliment	13062	523	461	512	451	10.2549	2.7193	5.4959	2.6646	Noun	411	0.78585	4.0112	3	81.67	10	1	1	high	high3	2	20	1	2	21	22	23	24	
18822	18821	video	71276	2105	1088	1916	1045	41.2745	3.3235	12.9709	3.037	Noun	2033	0.9658	4.6153	3	23	5	1	1	high	high3	2	20	1	2	21	22	23	24	
13838	13837	protection	50783	1197	854	1073	798	23.4706	3.0785	10.1812	2.932	Noun	1196	0.99916	4.3703	3	145.78	10	1	1	high	high3	2	20	1	2	21	22	23	24	
12745	12744	peace	46836	3550	1867	2937	1624	69.6078	3.5504	22.258	3.2714	Noun	3537	0.99802	4.8422	1	44.75	5	3	1	high	high1	1	10	1	2	11	12	13	14	
972	971	awe	4122	134	95	93	81	2.6275	2.1303	1.1326	1.9823	Noun	110	0.8209	3.4222	1	2	3	10	1	low	low1	3	30	1	2	31	32	33	34	
9753	9752	latitude	36474	81	67	72	60	1.5882	1.9138	0.79876	1.8325	Noun	78	1	3.2056	3	47	8	0	1	low	low3	4	40	1	2	41	42	43	44	
13755	13754	professor	50436	3548	813	1044	519	69.5686	3.5501	9.6924	2.9106	Noun	3543	0.99831	4.8419	3	53.63	9	1	1	high	high3	2	20	1	2	21	22	23	24	
11079	11078	ministry	40766	196	100	78	41	3.8431	2.2945	1.1922	2.0043	Noun	196	1	3.5863	3	55.29	8	0	1	low	low3	4	40	1	2	41	42	43	44	
13754	13753	profession	50429	461	380	452	374	9.0392	2.6646	4.5303	2.5809	Noun	461	1	3.9565	3	107.33	10	1	1	high	high3	2	20	1	2	21	22	23	24	
9731	9730	lasagna	36403	183	94	144	80	3.5882	2.2648	1.1206	1.9777	Noun	175	0.95628	3.5567	3	24.83	7	0	1	low	low3	4	40	1	2	41	42	43	44	
10217	10216	log	37754	610	397	555	370	11.9608	2.786	4.733	2.5999	Noun	534	0.87685	4.0779	1	7.5	3	16	1	high	high1	1	10	1	2	11	12	13	14	
3367	3366	cloak	12000	153	92	147	90	3	2.1875	1.0968	1.9685	Noun	151	0.98693	3.4794	1	29.5	5	2	1	low	low1	3	30	1	2	31	32	33	34	
4128	4127	creation	15062	310	247	282	234	6.0784	2.4928	2.9447	2.3945	Noun	310	1	3.7846	3	118.57	8	0	1	high	high3	2	20	1	2	21	22	23	24	
4202	4201	crock	15295	103	80	98	77	2.0196	2.017	0.95374	1.9085	Noun	102	0.99029	3.3089	1	43.5	5	6	1	low	low1	3	30	1	2	31	32	33	34	
12007	12006	occasion	44208	844	692	839	690	16.549	2.9269	8.2499	2.8407	Noun	838	0.99643	4.2187	3	49.29	8	0	1	high	high3	2	20	1	2	21	22	23	24	
1977	1976	bow	7483	1034	609	857	552	20.2745	3.0149	7.2604	2.7853	Noun	598	0.58228	4.3068	1	10	3	18	1	high	high1	1	10	1	2	11	12	13	14	
12913	12912	pest	47573	146	112	116	97	2.8627	2.1673	1.3352	2.0531	Noun	145	1	3.4592	1	23.33	4	14	1	low	low1	3	30	1	2	31	32	33	34	
13114	13113	pipe	48267	989	643	853	558	19.3922	2.9956	7.6657	2.8089	Noun	810	0.81901	4.2875	1	16.67	4	7	1	high	high1	1	10	1	2	11	12	13	14	
11987	11986	objective	44089	359	270	348	266	7.0392	2.5563	3.2189	2.433	Noun	229	0.63611	3.8481	3	73.38	9	0	1	high	high3	2	20	1	2	21	22	23	24	
531	530	antidote	2497	221	82	213	81	4.3333	2.3464	0.97759	1.9191	Noun	222	1	3.6382	3	44	8	0	1	low	low3	4	40	1	2	41	42	43	44	
876	875	attendant	3741	158	119	139	108	3.098	2.2014	1.4187	2.0792	Noun	150	0.94937	3.4932	3	59	9	0	1	low	low3	4	40	1	2	41	42	43	44	
425	424	anarchy	2112	103	71	71	62	2.0196	2.017	0.84645	1.8573	Noun	103	1	3.3089	3	30.33	7	0	1	low	low3	4	40	1	2	41	42	43	44	
14864	14863	rink	55195	109	58	85	52	2.1373	2.0414	0.69146	1.7709	Noun	104	0.95413	3.3332	1	30.67	4	11	1	low	low1	3	30	1	2	31	32	33	34	
17013	17012	string	62978	646	505	595	466	12.6667	2.8109	6.0205	2.7042	Noun	519	0.8059	4.1027	1	128.2	6	3	1	high	high1	1	10	1	2	11	12	13	14	
3944	3943	corridor	14422	284	207	266	198	5.5686	2.4548	2.4678	2.3181	Noun	283	1	3.7467	3	69.86	8	0	1	high	high3	2	20	1	2	21	22	23	24	
2788	2787	casino	9898	1039	325	889	281	20.3725	3.017	3.8746	2.5132	Noun	954	0.91819	4.3089	3	88.2	6	1	1	high	high3	2	20	1	2	21	22	23	24	
2212	2211	brute	8187	162	133	142	119	3.1765	2.2122	1.5856	2.1271	Noun	162	1	3.504	1	29.25	5	0	1	low	low1	3	30	1	2	31	32	33	34	
9063	9062	intercom	33797	107	69	84	59	2.098	2.0334	0.8226	1.8451	Noun	107	1	3.3253	3	59	8	0	1	low	low3	4	40	1	2	41	42	43	44	
7944	7943	ham	29228	591	335	473	286	11.5882	2.7723	3.9938	2.5263	Noun	565	0.95601	4.0642	1	8	3	17	1	high	high1	1	10	1	2	11	12	13	14	
5627	5626	egg	20787	1328	726	1237	694	26.0392	3.1235	8.6552	2.8615	Noun	1314	0.9902	4.4154	1	1.5	3	1	1	high	high1	1	10	1	2	11	12	13	14	
16661	16660	spy	61762	1023	515	917	493	20.0588	3.0103	6.1397	2.7126	Noun	856	0.83757	4.3021	1	1.5	3	6	1	high	high1	1	10	1	2	11	12	13	14	
10505	10504	malt	38788	84	66	73	61	1.6471	1.9294	0.78684	1.8261	Noun	84	1	3.2213	1	29.67	4	7	1	low	low1	3	30	1	2	31	32	33	34	
5591	5590	ecstasy	20638	162	120	115	90	3.1765	2.2122	1.4306	2.0828	Noun	162	1	3.504	3	33.67	7	0	1	low	low3	4	40	1	2	41	42	43	44	
15249	15248	sanity	56446	139	127	132	123	2.7255	2.1461	1.5141	2.1072	Noun	139	1	3.438	3	59.4	6	1	1	low	low3	4	40	1	2	41	42	43	44	
2053	2052	brawl	7700	108	88	106	86	2.1176	2.0374	1.0491	1.9494	Noun	96	0.8972	3.3293	1	34.5	5	4	1	low	low1	3	30	1	2	31	32	33	34	
9738	9737	latch	36436	98	73	80	63	1.9216	1.9956	0.87029	1.8692	Noun	56	0.56566	3.2875	1	42.25	5	7	1	low	low1	3	30	1	2	31	32	33	34	
3826	3825	contrary	13943	454	409	411	371	8.902	2.658	4.876	2.6128	Noun	333	0.73348	3.9498	3	88.57	8	0	1	high	high3	2	20	1	2	21	22	23	24	
16981	16980	streak	62865	295	213	253	202	5.7843	2.4713	2.5393	2.3304	Noun	275	0.94502	3.7631	1	45.4	6	1	1	high	high1	1	10	1	2	11	12	13	14	
15603	15602	selection	57692	232	201	225	196	4.549	2.3674	2.3963	2.3054	Noun	232	1	3.6592	3	112.25	9	0	1	high	high3	2	20	1	2	21	22	23	24	
2549	2548	camouflage	9174	94	77	76	64	1.8431	1.9777	0.91798	1.8921	Noun	64	0.68817	3.2696	3	17.56	10	0	1	low	low3	4	40	1	2	41	42	43	44	
12314	12313	overcoat	45360	74	55	65	51	1.451	1.8751	0.6557	1.7482	Noun	73	0.98649	3.1669	3	34.71	8	0	1	low	low3	4	40	1	2	41	42	43	44	
16202	16201	sling	59862	117	103	104	92	2.2941	2.0719	1.2279	2.017	Noun	88	0.75214	3.3637	1	47.75	5	8	1	low	low1	3	30	1	2	31	32	33	34	
18396	18395	turbulence	68196	99	71	88	65	1.9412	2	0.84645	1.8573	Noun	99	1	3.2918	3	38.67	10	0	1	low	low3	4	40	1	2	41	42	43	44	
15433	15432	score	57083	1552	977	1459	931	30.4314	3.1912	11.6476	2.9903	Noun	969	0.62556	4.483	1	27.25	5	9	1	high	high1	1	10	1	2	11	12	13	14	
4304	4303	cue	15637	397	293	315	248	7.7843	2.5999	3.4931	2.4683	Noun	357	0.89698	3.8917	1	5.5	3	9	1	high	high1	1	10	1	2	11	12	13	14	
953	952	avenue	4047	861	564	87	72	16.8824	2.9355	6.7239	2.752	Noun	857	1	4.2273	3	15.2	6	1	1	high	high3	2	20	1	2	21	22	23	24	
4148	4147	creep	15105	573	432	531	410	11.2353	2.7589	5.1502	2.6365	Noun	369	0.64623	4.0507	1	35.75	5	3	1	high	high1	1	10	1	2	11	12	13	14	
18621	18620	uterus	70598	92	72	86	70	1.8039	1.9685	0.85837	1.8633	Noun	91	1	3.2603	3	16.4	6	0	1	low	low3	4	40	1	2	41	42	43	44	
11189	11188	mob	41161	660	384	579	346	12.9412	2.8202	4.578	2.5855	Noun	634	0.96353	4.112	1	8	3	14	1	high	high1	1	10	1	2	11	12	13	14	
5032	5031	discretion	18601	187	161	173	153	3.6667	2.2742	1.9194	2.2095	Noun	188	1	3.566	3	131.44	10	0	1	low	low3	4	40	1	2	41	42	43	44	
1193	1192	barbecue	4787	456	272	408	256	8.9412	2.6599	3.2427	2.4362	Noun	366	0.80617	3.9518	3	40.29	8	0	1	high	high3	2	20	1	2	21	22	23	24	
17297	17296	suspension	64151	222	152	212	148	4.3529	2.3483	1.8121	2.1847	Noun	222	1	3.6401	3	91.22	10	0	1	low	low3	4	40	1	2	41	42	43	44	
10520	10519	manager	38831	2038	1055	1814	1005	39.9608	3.3094	12.5775	3.0237	Noun	2012	0.99211	4.6013	3	107.83	7	2	1	high	high3	2	20	1	2	21	22	23	24	
9577	9576	knot	35868	188	151	187	150	3.6863	2.2765	1.8002	2.1818	Noun	181	0.96277	3.5683	1	10.67	4	4	1	low	low1	3	30	1	2	31	32	33	34	
7252	7251	geek	26898	353	237	311	223	6.9216	2.549	2.8255	2.3766	Noun	275	0.77465	3.8408	1	20.33	4	5	1	high	high1	1	10	1	2	11	12	13	14	
13406	13405	pong	49108	82	34	18	16	1.6078	1.9191	0.40534	1.5441	Noun	46	0.56098	3.2109	1	29	4	8	1	low	low1	3	30	1	2	31	32	33	34	
5205	5204	donation	19466	179	137	173	134	3.5098	2.2553	1.6333	2.1399	Noun	179	1	3.5471	3	103	8	0	1	low	low3	4	40	1	2	41	42	43	44	
12923	12922	petition	47605	215	131	208	126	4.2157	2.3345	1.5618	2.1206	Noun	194	0.87783	3.6263	3	99.29	8	0	1	low	low3	4	40	1	2	41	42	43	44	
16172	16171	slavery	59736	207	109	175	100	4.0588	2.3181	1.2995	2.0414	Noun	207	1	3.6099	3	100.5	7	1	1	low	low3	4	40	1	2	41	42	43	44	
6245	6244	fame	23461	441	325	349	267	8.6471	2.6454	3.8746	2.5132	Noun	440	0.99773	3.9373	1	19.67	4	13	1	high	high1	1	10	1	2	11	12	13	14	
8913	8912	infection	33109	446	296	433	294	8.7451	2.6503	3.5289	2.4728	Noun	445	1	3.9421	3	121.75	9	1	1	high	high3	2	20	1	2	21	22	23	24	
10766	10765	meal	39639	1472	1048	1441	1030	28.8627	3.1682	12.494	3.0208	Noun	1471	1	4.46	1	31.33	4	12	1	high	high1	1	10	1	2	11	12	13	14	
4625	4624	deduction	16744	87	68	87	68	1.7059	1.9445	0.81068	1.8388	Noun	88	1	3.2363	3	112.75	9	2	1	low	low3	4	40	1	2	41	42	43	44	
16631	16630	spouse	61644	97	80	96	79	1.902	1.9912	0.95374	1.9085	Noun	97	1	3.2831	1	37	6	0	1	low	low1	3	30	1	2	31	32	33	34	
14525	14524	reign	53534	159	134	143	128	3.1176	2.2041	1.5975	2.1303	Noun	116	0.725	3.496	1	16.25	5	2	1	low	low1	3	30	1	2	31	32	33	34	
6172	6171	eyewitness	23247	202	129	177	118	3.9608	2.3075	1.5379	2.1139	Noun	202	1	3.5993	3	34.67	10	0	1	low	low3	4	40	1	2	41	42	43	44	
9547	9546	knack	35781	127	103	126	103	2.4902	2.1072	1.2279	2.017	Noun	127	1	3.399	1	25.5	5	2	1	low	low1	3	30	1	2	31	32	33	34	
11203	11202	mode	41203	263	198	236	187	5.1569	2.4216	2.3605	2.2989	Noun	254	0.96578	3.7134	1	19	4	10	1	high	high1	1	10	1	2	11	12	13	14	
17687	17686	term	65601	890	693	879	685	17.451	2.9499	8.2618	2.8414	Noun	842	0.94713	4.2417	1	16	4	3	1	high	high1	1	10	1	2	11	12	13	14	
15130	15129	sack	56053	659	504	586	488	12.9216	2.8195	6.0086	2.7033	Noun	551	0.83739	4.1114	1	30	4	14	1	high	high1	1	10	1	2	11	12	13	14	
9055	9054	intellect	33717	109	98	109	98	2.1373	2.0414	1.1683	1.9956	Noun	109	1	3.3332	3	64.75	9	0	1	low	low3	4	40	1	2	41	42	43	44	
18705	18704	vat	70894	76	57	69	52	1.4902	1.8865	0.67954	1.7634	Noun	75	1	3.1783	1	8	3	15	1	low	low1	3	30	1	2	31	32	33	34	
331	330	altitude	1765	198	146	175	133	3.8824	2.2989	1.7406	2.1673	Noun	196	0.99492	3.5907	3	35.57	8	2	1	low	low3	4	40	1	2	41	42	43	44	
3973	3972	cot	14529	102	76	97	73	2	2.0128	0.90606	1.8865	Noun	102	1	3.3047	1	11.5	3	24	1	low	low1	3	30	1	2	31	32	33	34	
17468	17467	talisman	64832	74	27	73	27	1.451	1.8751	0.32189	1.4472	Noun	74	1	3.1669	3	42	8	0	1	low	low3	4	40	1	2	41	42	43	44	
2316	2315	bungalow	8481	84	48	63	43	1.6471	1.9294	0.57225	1.6902	Noun	84	1	3.2213	3	26.43	8	0	1	low	low3	4	40	1	2	41	42	43	44	
11916	11915	novelty	43829	85	72	80	67	1.6667	1.9345	0.85837	1.8633	Noun	85	1	3.2263	3	27	7	0	1	low	low3	4	40	1	2	41	42	43	44	
10164	10163	loaf	37623	228	162	224	159	4.4706	2.3598	1.9313	2.2122	Noun	207	0.90789	3.6517	1	20	4	4	1	high	high1	1	10	1	2	11	12	13	14	
899	898	audio	3823	284	188	255	167	5.5686	2.4548	2.2413	2.2765	Noun	145	0.51418	3.7467	3	8.25	5	1	1	high	high3	2	20	1	2	21	22	23	24	
4936	4935	dignity	18174	551	418	524	412	10.8039	2.7419	4.9833	2.6222	Noun	549	1	4.0338	3	56.17	7	1	1	high	high3	2	20	1	2	21	22	23	24	
2046	2045	brat	7678	317	228	299	219	6.2157	2.5024	2.7182	2.3598	Noun	317	1	3.7943	1	20	4	8	1	high	high1	1	10	1	2	11	12	13	14	
18224	18223	trend	67604	106	79	84	76	2.0784	2.0294	0.94182	1.9031	Noun	87	0.83654	3.3212	1	33	5	1	1	low	low1	3	30	1	2	31	32	33	34	
945	944	autopsy	4004	489	291	463	280	9.5882	2.6902	3.4692	2.4654	Noun	489	1	3.982	3	15.17	7	0	1	high	high3	2	20	1	2	21	22	23	24	
8652	8651	hurricane	31591	447	178	370	151	8.7647	2.6513	2.1221	2.2529	Noun	445	1	3.9431	3	48.38	9	0	1	high	high3	2	20	1	2	21	22	23	24	
13692	13691	principal	50225	701	366	470	320	13.7451	2.8463	4.3634	2.5647	Noun	437	0.62607	4.1382	3	48.25	9	0	1	high	high3	2	20	1	2	21	22	23	24	
4996	4995	direction	18361	1228	979	1208	967	24.0784	3.0896	11.6714	2.9912	Noun	1230	1	4.3814	3	121.25	9	0	1	high	high3	2	20	1	2	21	22	23	24	
12118	12117	opening	44619	1960	1360	1839	1297	38.4314	3.2925	16.2136	3.1339	Noun	1017	0.51914	4.5843	3	268.83	7	0	1	high	high3	2	20	1	2	21	22	23	24	
18609	18608	urn	70533	99	46	88	43	1.9412	2	0.5484	1.6721	Noun	88	0.88889	3.2918	1	1	3	0	1	low	low1	3	30	1	2	31	32	33	34	
14701	14700	restaurant	54486	2373	1244	2248	1212	46.5294	3.3755	14.8307	3.0952	Noun	2365	1	4.6673	3	63	10	0	1	high	high3	2	20	1	2	21	22	23	24	
16577	16576	spine	61407	293	241	288	237	5.7451	2.4683	2.8732	2.3838	Noun	291	1	3.7602	1	43.75	5	9	1	high	high1	1	10	1	2	11	12	13	14	
8049	8048	harmony	29544	419	202	194	159	8.2157	2.6232	2.4082	2.3075	Noun	414	0.98807	3.9151	3	65.5	7	0	1	high	high3	2	20	1	2	21	22	23	24	
8152	8151	heap	29872	249	210	240	205	4.8824	2.3979	2.5036	2.3243	Noun	218	0.88259	3.6898	1	31.67	4	8	1	high	high1	1	10	1	2	11	12	13	14	
4644	4643	defendant	16825	904	316	875	310	17.7255	2.9566	3.7673	2.5011	Noun	904	1	4.2485	3	71.88	9	1	1	high	high3	2	20	1	2	21	22	23	24	
4163	4162	crest	15150	107	67	69	50	2.098	2.0334	0.79876	1.8325	Noun	97	0.90654	3.3253	1	37.5	5	5	1	low	low1	3	30	1	2	31	32	33	34	
15352	15351	scar	56806	432	307	385	301	8.4706	2.6365	3.66	2.4886	Noun	343	0.79582	3.9283	1	10	4	5	1	high	high1	1	10	1	2	11	12	13	14	
686	685	argument	3064	867	702	857	698	17	2.9385	8.3691	2.847	Noun	867	1	4.2304	3	40	8	0	1	high	high3	2	20	1	2	21	22	23	24	
9088	9087	interview	33991	1505	815	1470	799	29.5098	3.1778	9.7163	2.9117	Noun	1193	0.79427	4.4697	3	84.13	9	0	1	high	high3	2	20	1	2	21	22	23	24	
19367	19366	wit	73251	302	227	287	219	5.9216	2.4814	2.7062	2.3579	Noun	300	1	3.7733	1	6.5	3	12	1	high	high1	1	10	1	2	11	12	13	14	
6763	6762	foe	25136	94	76	91	75	1.8431	1.9777	0.90606	1.8865	Noun	92	1	3.2696	1	5.5	3	11	1	low	low1	3	30	1	2	31	32	33	34	
8362	8361	hitch	30613	208	170	168	152	4.0784	2.3201	2.0267	2.233	Noun	97	0.46635	3.612	1	31.75	5	6	1	low	low1	3	30	1	2	31	32	33	34	
7114	7113	gag	26474	360	271	339	255	7.0588	2.5575	3.2308	2.4346	Noun	291	0.81058	3.8493	1	9.5	3	18	1	high	high1	1	10	1	2	11	12	13	14	
19229	19228	whim	72682	119	96	117	96	2.3333	2.0792	1.1445	1.9868	Noun	119	1	3.371	1	11	4	5	1	low	low1	3	30	1	2	31	32	33	34	
3131	3130	chief	11044	3973	1374	1876	995	77.902	3.5992	16.3805	3.1383	Noun	2979	0.75132	4.8911	1	31.25	5	1	1	high	high1	1	10	1	2	11	12	13	14	
2633	2632	cap	9397	956	619	687	524	18.7451	2.9809	7.3796	2.7924	Noun	765	0.90426	4.2727	1	9.5	3	19	1	high	high1	1	10	1	2	11	12	13	14	
8689	8688	hype	31734	83	61	79	59	1.6275	1.9243	0.72723	1.7924	Noun	83	1	3.2161	1	6.67	4	2	1	low	low1	3	30	1	2	31	32	33	34	
