numid|f	X|f	Word|s	Unnamed|f	FREQcount|f	Cdcount|f	FREQlow|f	Cdlow|f	SUBLTLWF|f	Lg10WF|f	SUBTLCD|f	Lg10CD|f	Dom_PoS_SUBTLEX|s	Freq_dom_PoS_SUBTLEX|f	Percentage_dom_PoS|f	Zipfvalue|f	cmu_sylls|f	BF_TP|f	LEN_L|f	N|f	Zipfvalue_incl|f	Zipfvalue_cat|s	cond_name|s	cond_code|f	trigger_code|f	len|f	corr_resp|f	fix_code|f	word_code|f	delay_code|f	audioresp_code|f	
8158	8157	hearse	29886	81	53	80	52	1.5882	1.9138	0.63186	1.7324	Noun	71	0.8875	3.2056	1	56.6	6	1	1	low	low1	3	30	1	2	31	32	33	34	
14190	14189	rag	52014	244	184	236	178	4.7843	2.3892	2.1936	2.2672	Noun	242	0.98776	3.681	1	10	3	20	1	high	high1	1	10	1	2	11	12	13	14	
1174	1173	bankruptcy	4718	121	83	104	79	2.3725	2.0864	0.98951	1.9243	Noun	120	1	3.3782	3	14.78	10	0	1	low	low3	4	40	1	2	41	42	43	44	
7130	7129	gall	26526	101	82	92	77	1.9804	2.0086	0.97759	1.9191	Noun	87	0.86139	3.3004	1	34.67	4	14	1	low	low1	3	30	1	2	31	32	33	34	
7089	7088	fuse	26392	248	182	241	177	4.8627	2.3962	2.1698	2.2625	Noun	228	0.91566	3.688	1	18.67	4	4	1	high	high1	1	10	1	2	11	12	13	14	
4091	4090	craft	14903	289	206	279	198	5.6667	2.4624	2.4559	2.316	Noun	279	0.9654	3.7542	1	37.75	5	3	1	high	high1	1	10	1	2	11	12	13	14	
7608	7607	grape	28163	204	137	163	116	4	2.3118	1.6333	2.1399	Noun	204	1	3.6036	1	39.75	5	8	1	low	low1	3	30	1	2	31	32	33	34	
10658	10657	martini	39279	405	233	295	190	7.9412	2.6085	2.7778	2.3692	Noun	387	0.95792	3.9004	3	214.17	7	1	1	high	high3	2	20	1	2	21	22	23	24	
3023	3022	charge	10689	4559	2675	4201	2554	89.3922	3.659	31.8908	3.4275	Noun	2726	0.59846	4.9508	1	48	6	1	1	high	high1	1	10	1	2	11	12	13	14	
597	596	appetite	2746	456	389	450	384	8.9412	2.6599	4.6376	2.5911	Noun	456	1	3.9518	3	87.29	8	0	1	high	high3	2	20	1	2	21	22	23	24	
618	617	approval	2836	428	333	423	330	8.3922	2.6325	3.97	2.5237	Noun	429	1	3.9243	3	35.86	8	0	1	high	high3	2	20	1	2	21	22	23	24	
11466	11465	muck	41987	97	81	92	79	1.902	1.9912	0.96567	1.9138	Noun	97	1	3.2831	1	23.33	4	14	1	low	low1	3	30	1	2	31	32	33	34	
11663	11662	nebula	42768	75	24	20	8	1.4706	1.8808	0.28612	1.3979	Noun	40	0.53333	3.1726	3	12.2	6	0	1	low	low3	4	40	1	2	41	42	43	44	
6747	6746	flute	25078	108	71	100	65	2.1176	2.0374	0.84645	1.8573	Noun	108	1	3.3293	1	32.75	5	1	1	low	low1	3	30	1	2	31	32	33	34	
9289	9288	jinx	34903	204	105	112	90	4	2.3118	1.2518	2.0253	Noun	109	0.53431	3.6036	1	18	4	0	1	low	low1	3	30	1	2	31	32	33	34	
16592	16591	splash	61478	215	170	179	151	4.2157	2.3345	2.0267	2.233	Noun	133	0.62441	3.6263	1	30.4	6	0	1	low	low1	3	30	1	2	31	32	33	34	
5126	5125	division	19197	946	539	536	354	18.549	2.9763	6.4258	2.7324	Noun	944	0.99894	4.2682	3	72.14	8	0	1	high	high3	2	20	1	2	21	22	23	24	
7078	7077	fur	26341	422	285	393	271	8.2745	2.6263	3.3977	2.4564	Noun	416	0.98578	3.9182	1	3	3	7	1	high	high1	1	10	1	2	11	12	13	14	
15938	15937	shrimp	58860	444	246	384	215	8.7059	2.6484	2.9328	2.3927	Noun	444	1	3.9402	1	38.4	6	0	1	high	high1	1	10	1	2	11	12	13	14	
5244	5243	dorm	19573	369	187	355	183	7.2353	2.5682	2.2294	2.2742	Noun	349	0.9458	3.86	1	23.33	4	5	1	high	high1	1	10	1	2	11	12	13	14	
14294	14293	rate	52324	1271	943	1250	934	24.9216	3.1045	11.2423	2.975	Noun	1198	0.94704	4.3963	1	26.67	4	16	1	high	high1	1	10	1	2	11	12	13	14	
11998	11997	observer	44158	188	81	152	73	3.6863	2.2765	0.96567	1.9138	Noun	187	1	3.5683	3	69.14	8	2	1	low	low3	4	40	1	2	41	42	43	44	
17457	17456	takeover	64808	80	54	77	53	1.5686	1.9085	0.64378	1.7404	Noun	80	1	3.2003	3	40.86	8	0	1	low	low3	4	40	1	2	41	42	43	44	
6867	6866	forgery	25482	100	67	90	61	1.9608	2.0043	0.79876	1.8325	Noun	100	1	3.2962	3	105.33	7	0	1	low	low3	4	40	1	2	41	42	43	44	
4	3	abduction	70	185	111	179	109	3.6275	2.2695	1.3233	2.0492	Noun	185	1	3.5613	3	93.38	9	0	1	low	low3	4	40	1	2	41	42	43	44	
3217	3216	chunk	11460	211	136	142	130	4.1373	2.3263	1.6214	2.1367	Noun	201	0.95261	3.6182	1	30.25	5	3	1	low	low1	3	30	1	2	31	32	33	34	
8068	8067	haste	29628	106	79	103	77	2.0784	2.0294	0.94182	1.9031	Noun	96	0.88889	3.3212	1	37	5	6	1	low	low1	3	30	1	2	31	32	33	34	
5799	5798	energy	21564	1678	995	1587	963	32.902	3.2251	11.8622	2.9983	Noun	1675	1	4.5169	3	16.4	6	0	1	high	high3	2	20	1	2	21	22	23	24	
331	330	altitude	1765	198	146	175	133	3.8824	2.2989	1.7406	2.1673	Noun	196	0.99492	3.5907	3	35.57	8	2	1	low	low3	4	40	1	2	41	42	43	44	
6172	6171	eyewitness	23247	202	129	177	118	3.9608	2.3075	1.5379	2.1139	Noun	202	1	3.5993	3	34.67	10	0	1	low	low3	4	40	1	2	41	42	43	44	
17067	17066	stunt	63146	469	291	447	289	9.1961	2.6721	3.4692	2.4654	Noun	397	0.85011	3.9639	1	39.25	5	2	1	high	high1	1	10	1	2	11	12	13	14	
11708	11707	nerd	42966	168	99	144	92	3.2941	2.2279	1.1803	2	Noun	166	0.99401	3.5197	1	15.67	4	2	1	low	low1	3	30	1	2	31	32	33	34	
5035	5034	discussion	18617	619	543	608	537	12.1373	2.7924	6.4735	2.7356	Noun	618	1	4.0842	3	101.89	10	0	1	high	high3	2	20	1	2	21	22	23	24	
17102	17101	subpoena	63370	113	87	109	83	2.2157	2.0569	1.0372	1.9445	Noun	71	0.63393	3.3487	3	30.71	8	0	1	low	low3	4	40	1	2	41	42	43	44	
4790	4789	designer	17584	267	205	240	182	5.2353	2.4281	2.444	2.3139	Noun	267	1	3.72	3	82.14	8	1	1	high	high3	2	20	1	2	21	22	23	24	
4172	4171	crib	15174	316	212	305	211	6.1961	2.5011	2.5274	2.3284	Noun	296	0.94268	3.7929	1	9.33	4	1	1	high	high1	1	10	1	2	11	12	13	14	
9640	9639	lag	36143	75	60	71	57	1.4706	1.8808	0.71531	1.7853	Noun	62	0.82667	3.1726	1	10.5	3	22	1	low	low1	3	30	1	2	31	32	33	34	
16661	16660	spy	61762	1023	515	917	493	20.0588	3.0103	6.1397	2.7126	Noun	856	0.83757	4.3021	1	1.5	3	6	1	high	high1	1	10	1	2	11	12	13	14	
425	424	anarchy	2112	103	71	71	62	2.0196	2.017	0.84645	1.8573	Noun	103	1	3.3089	3	30.33	7	0	1	low	low3	4	40	1	2	41	42	43	44	
8815	8814	impostor	32459	101	70	101	70	1.9804	2.0086	0.83453	1.8513	Noun	101	1	3.3004	3	37	8	0	1	low	low3	4	40	1	2	41	42	43	44	
4807	4806	destiny	17652	1175	588	987	553	23.0392	3.0704	7.01	2.7701	Noun	1172	0.9983	4.3622	3	212.83	7	0	1	high	high3	2	20	1	2	21	22	23	24	
15746	15745	shaft	58192	393	204	253	178	7.7059	2.5955	2.432	2.3118	Noun	368	0.93639	3.8873	1	28.75	5	2	1	high	high1	1	10	1	2	11	12	13	14	
11324	11323	moon	41574	2548	1167	2123	1028	49.9608	3.4064	13.9127	3.0674	Noun	2487	0.97568	4.6982	1	28.33	4	10	1	high	high1	1	10	1	2	11	12	13	14	
10415	10414	magazine	38507	1693	857	1498	786	33.1961	3.2289	10.217	2.9335	Noun	1690	0.99882	4.5207	3	143.71	8	0	1	high	high3	2	20	1	2	21	22	23	24	
2272	2271	bulk	8356	97	91	89	83	1.902	1.9912	1.0849	1.9638	Noun	81	0.83505	3.2831	1	18.67	4	7	1	low	low1	3	30	1	2	31	32	33	34	
12157	12156	oracle	44730	114	37	31	21	2.2353	2.0607	0.44111	1.5798	Noun	114	1	3.3525	3	66.2	6	0	1	low	low3	4	40	1	2	41	42	43	44	
1539	1538	bikini	6046	188	133	160	120	3.6863	2.2765	1.5856	2.1271	Noun	187	1	3.5683	3	56	6	0	1	low	low3	4	40	1	2	41	42	43	44	
3678	3677	composer	13078	127	73	116	71	2.4902	2.1072	0.87029	1.8692	Noun	127	1	3.399	3	89.14	8	2	1	low	low3	4	40	1	2	41	42	43	44	
16112	16111	skill	59511	404	327	399	325	7.9216	2.6075	3.8984	2.5159	Noun	404	1	3.8993	1	22.75	5	4	1	high	high1	1	10	1	2	11	12	13	14	
18315	18314	troupe	67921	90	54	77	50	1.7647	1.959	0.64378	1.7404	Noun	79	0.87778	3.2509	1	35.8	6	0	1	low	low1	3	30	1	2	31	32	33	34	
2316	2315	bungalow	8481	84	48	63	43	1.6471	1.9294	0.57225	1.6902	Noun	84	1	3.2213	3	26.43	8	0	1	low	low3	4	40	1	2	41	42	43	44	
6107	6106	expertise	22949	203	177	199	175	3.9804	2.3096	2.1102	2.2504	Noun	203	1	3.6015	3	103.25	9	0	1	low	low3	4	40	1	2	41	42	43	44	
13199	13198	plantation	48494	170	81	150	74	3.3333	2.233	0.96567	1.9138	Noun	168	1	3.5248	3	138.22	10	0	1	low	low3	4	40	1	2	41	42	43	44	
8849	8848	incident	32672	883	685	878	683	17.3137	2.9465	8.1664	2.8363	Noun	883	1	4.2383	3	62.43	8	0	1	high	high3	2	20	1	2	21	22	23	24	
10346	10345	lunatic	38229	433	345	414	335	8.4902	2.6375	4.113	2.5391	Noun	368	0.84988	3.9293	3	42.83	7	0	1	high	high3	2	20	1	2	21	22	23	24	
15832	15831	shin	58514	157	62	32	29	3.0784	2.1987	0.73915	1.7993	Noun	138	0.8961	3.4905	1	16.67	4	7	1	low	low1	3	30	1	2	31	32	33	34	
7526	7525	goose	27887	665	376	424	314	13.0392	2.8235	4.4826	2.5763	Noun	636	0.95928	4.1153	1	37.5	5	4	1	high	high1	1	10	1	2	11	12	13	14	
16547	16546	spell	61286	1869	884	1798	855	36.6471	3.2718	10.5389	2.9469	Noun	1190	0.63704	4.5637	1	29.25	5	5	1	high	high1	1	10	1	2	11	12	13	14	
8785	8784	immigrant	32213	79	61	79	61	1.549	1.9031	0.72723	1.7924	Noun	60	0.75949	3.1949	3	51.75	9	0	1	low	low3	4	40	1	2	41	42	43	44	
5220	5219	doom	19510	286	173	174	145	5.6078	2.4579	2.0625	2.2405	Noun	255	0.89789	3.7497	1	28	4	6	1	high	high1	1	10	1	2	11	12	13	14	
406	405	amusement	2029	191	146	178	142	3.7451	2.2833	1.7406	2.1673	Noun	191	1	3.5751	3	52.75	9	0	1	low	low3	4	40	1	2	41	42	43	44	
10690	10689	mast	39380	83	57	70	49	1.6275	1.9243	0.67954	1.7634	Noun	83	1	3.2161	1	34.67	4	16	1	low	low1	3	30	1	2	31	32	33	34	
4839	4838	deuce	17772	146	84	82	62	2.8627	2.1673	1.0014	1.9294	Noun	92	0.63014	3.4592	1	20.5	5	0	1	low	low1	3	30	1	2	31	32	33	34	
13528	13527	pouch	49516	87	57	87	57	1.7059	1.9445	0.67954	1.7634	Noun	85	0.97701	3.2363	1	41.25	5	5	1	low	low1	3	30	1	2	31	32	33	34	
11610	11609	nap	42539	645	487	626	481	12.6471	2.8102	5.8059	2.6884	Noun	611	0.94876	4.1021	1	7	3	13	1	high	high1	1	10	1	2	11	12	13	14	
17772	17771	thief	65964	1238	704	1143	670	24.2745	3.0931	8.3929	2.8482	Noun	1236	1	4.3849	1	26	5	1	1	high	high1	1	10	1	2	11	12	13	14	
14409	14408	recording	52955	748	371	712	353	14.6667	2.8745	4.423	2.5705	Noun	552	0.73797	4.1663	3	230.5	9	0	1	high	high3	2	20	1	2	21	22	23	24	
11916	11915	novelty	43829	85	72	80	67	1.6667	1.9345	0.85837	1.8633	Noun	85	1	3.2263	3	27	7	0	1	low	low3	4	40	1	2	41	42	43	44	
17281	17280	surrogate	64098	95	56	91	56	1.8627	1.9823	0.66762	1.7559	Noun	95	1	3.2741	3	58.75	9	0	1	low	low3	4	40	1	2	41	42	43	44	
3411	3410	clue	12132	898	694	879	683	17.6078	2.9538	8.2737	2.842	Noun	880	0.98214	4.2456	1	11.33	4	4	1	high	high1	1	10	1	2	11	12	13	14	
13276	13275	plow	48710	96	73	87	67	1.8824	1.9868	0.87029	1.8692	Noun	59	0.61458	3.2786	1	15.33	4	9	1	low	low1	3	30	1	2	31	32	33	34	
1760	1759	blur	6818	109	94	101	87	2.1373	2.0414	1.1206	1.9777	Noun	89	0.82407	3.3332	1	12.33	4	2	1	low	low1	3	30	1	2	31	32	33	34	
15636	15635	senator	57796	1691	305	594	165	33.1569	3.2284	3.6361	2.4857	Noun	1679	0.99703	4.5202	3	50.17	7	0	1	high	high3	2	20	1	2	21	22	23	24	
6261	6260	fantasy	23533	828	557	777	527	16.2353	2.9186	6.6404	2.7466	Noun	812	0.99877	4.2104	3	48.17	7	0	1	high	high3	2	20	1	2	21	22	23	24	
15179	15178	salami	56210	114	77	104	69	2.2353	2.0607	0.91798	1.8921	Noun	113	0.99123	3.3525	3	34.6	6	0	1	low	low3	4	40	1	2	41	42	43	44	
3786	3785	constable	13703	144	67	73	46	2.8235	2.1614	0.79876	1.8325	Noun	114	0.78621	3.4532	3	87.75	9	0	1	low	low3	4	40	1	2	41	42	43	44	
14671	14670	residence	54359	421	342	403	332	8.2549	2.6253	4.0773	2.5353	Noun	421	1	3.9171	3	79.38	9	0	1	high	high3	2	20	1	2	21	22	23	24	
13908	13907	publishing	51087	194	134	161	115	3.8039	2.29	1.5975	2.1303	Noun	134	0.69072	3.5819	3	130	10	0	1	low	low3	4	40	1	2	41	42	43	44	
5200	5199	domino	19452	205	46	16	16	4.0196	2.3139	0.5484	1.6721	Noun	203	0.99024	3.6057	3	65.6	6	0	1	low	low3	4	40	1	2	41	42	43	44	
15534	15533	search	57448	2467	1549	2172	1412	48.3725	3.3923	18.4669	3.1903	Noun	1387	0.56245	4.6842	1	59.4	6	1	1	high	high1	1	10	1	2	11	12	13	14	
14092	14091	quest	51710	327	196	264	171	6.4118	2.5159	2.3367	2.2945	Noun	321	0.98769	3.8077	1	21.25	5	1	1	high	high1	1	10	1	2	11	12	13	14	
15931	15930	shred	58832	150	129	134	118	2.9412	2.179	1.5379	2.1139	Noun	95	0.64189	3.4708	1	76.75	5	3	1	low	low1	3	30	1	2	31	32	33	34	
4128	4127	creation	15062	310	247	282	234	6.0784	2.4928	2.9447	2.3945	Noun	310	1	3.7846	3	118.57	8	0	1	high	high3	2	20	1	2	21	22	23	24	
4304	4303	cue	15637	397	293	315	248	7.7843	2.5999	3.4931	2.4683	Noun	357	0.89698	3.8917	1	5.5	3	9	1	high	high1	1	10	1	2	11	12	13	14	
9972	9971	liberty	37109	849	539	502	392	16.6471	2.9294	6.4258	2.7324	Noun	832	0.97998	4.2213	3	38.33	7	0	1	high	high3	2	20	1	2	21	22	23	24	
16862	16861	stew	62427	328	212	267	199	6.4314	2.5172	2.5274	2.3284	Noun	291	0.8872	3.809	1	10.33	4	5	1	high	high1	1	10	1	2	11	12	13	14	
6069	6068	exercise	22762	904	640	859	625	17.7255	2.9566	7.6299	2.8069	Noun	642	0.71096	4.2485	3	54.86	8	1	1	high	high3	2	20	1	2	21	22	23	24	
11278	11277	monitor	41439	669	472	623	450	13.1176	2.8261	5.6271	2.6749	Noun	375	0.56054	4.1179	3	41.83	7	0	1	high	high3	2	20	1	2	21	22	23	24	
16958	16957	strain	62800	361	291	354	287	7.0784	2.5587	3.4692	2.4654	Noun	278	0.77222	3.8505	1	50.4	6	2	1	high	high1	1	10	1	2	11	12	13	14	
13112	13111	pioneer	48258	106	73	67	55	2.0784	2.0294	0.87029	1.8692	Noun	101	0.97115	3.3212	3	79.5	7	0	1	low	low3	4	40	1	2	41	42	43	44	
6079	6078	exhibit	22795	388	239	288	196	7.6078	2.5899	2.8493	2.3802	Noun	277	0.71762	3.8818	3	16.5	7	0	1	high	high3	2	20	1	2	21	22	23	24	
9906	9905	lens	36918	238	177	229	172	4.6667	2.3784	2.1102	2.2504	Noun	238	1	3.6702	1	27	4	13	1	high	high1	1	10	1	2	11	12	13	14	
3633	3632	commodore	12869	184	29	6	4	3.6078	2.2672	0.34573	1.4771	Noun	184	1	3.559	3	65	9	0	1	low	low3	4	40	1	2	41	42	43	44	
159	158	agreement	1242	892	603	867	594	17.4902	2.9509	7.1888	2.781	Noun	887	1	4.2427	3	52.63	9	0	1	high	high3	2	20	1	2	21	22	23	24	
3004	3003	chap	10627	324	228	311	222	6.3529	2.5119	2.7182	2.3598	Noun	322	0.99077	3.8037	1	13	4	6	1	high	high1	1	10	1	2	11	12	13	14	
2137	2136	brink	7947	127	110	112	102	2.4902	2.1072	1.3114	2.0453	Noun	123	0.9685	3.399	1	52.25	5	7	1	low	low1	3	30	1	2	31	32	33	34	
6027	6026	example	22610	1527	1184	1508	1168	29.9412	3.1841	14.1154	3.0737	Noun	907	0.59281	4.476	3	39.17	7	0	1	high	high3	2	20	1	2	21	22	23	24	
7218	7217	gate	26794	1634	902	1334	779	32.0392	3.2135	10.7535	2.9557	Noun	1633	0.99939	4.5054	1	24.67	4	13	1	high	high1	1	10	1	2	11	12	13	14	
5311	5310	draft	19781	371	300	351	287	7.2745	2.5705	3.5765	2.4786	Noun	303	0.81892	3.8624	1	33.75	5	3	1	high	high1	1	10	1	2	11	12	13	14	
9815	9814	leadership	36647	249	197	232	187	4.8824	2.3979	2.3486	2.2967	Noun	249	1	3.6898	3	32.33	10	1	1	high	high3	2	20	1	2	21	22	23	24	
1086	1085	bakery	4491	179	117	158	108	3.5098	2.2553	1.3948	2.0719	Noun	175	0.97765	3.5471	3	53.4	6	1	1	low	low3	4	40	1	2	41	42	43	44	
3845	3844	conviction	14065	303	237	295	233	5.9412	2.4829	2.8255	2.3766	Noun	302	1	3.7747	3	157.33	10	1	1	high	high3	2	20	1	2	21	22	23	24	
6830	6829	fore	25359	135	96	78	60	2.6471	2.1335	1.1445	1.9868	Noun	61	0.45185	3.4254	1	32.33	4	15	1	low	low1	3	30	1	2	31	32	33	34	
16681	16680	squid	61853	141	75	112	65	2.7647	2.1523	0.89413	1.8808	Noun	141	0.99296	3.4441	1	9.25	5	1	1	low	low1	3	30	1	2	31	32	33	34	
18609	18608	urn	70533	99	46	88	43	1.9412	2	0.5484	1.6721	Noun	88	0.88889	3.2918	1	1	3	0	1	low	low1	3	30	1	2	31	32	33	34	
7691	7690	grip	28452	494	399	477	391	9.6863	2.6946	4.7568	2.6021	Noun	435	0.88057	3.9864	1	14.33	4	6	1	high	high1	1	10	1	2	11	12	13	14	
10043	10042	limb	37301	238	195	237	194	4.6667	2.3784	2.3247	2.2923	Noun	238	1	3.6702	1	15	4	3	1	high	high1	1	10	1	2	11	12	13	14	
14105	14104	quid	51755	161	75	146	67	3.1569	2.2095	0.89413	1.8808	Noun	161	1	3.5013	1	8.33	4	3	1	low	low1	3	30	1	2	31	32	33	34	
14505	14504	regiment	53427	247	111	211	95	4.8431	2.3945	1.3233	2.0492	Noun	244	0.98785	3.6863	3	72.43	8	0	1	high	high3	2	20	1	2	21	22	23	24	
2817	2816	catalog	9978	149	116	143	111	2.9216	2.1761	1.3829	2.0682	Noun	149	1	3.4679	3	43.17	7	0	1	low	low3	4	40	1	2	41	42	43	44	
14380	14379	receiver	52756	151	105	141	100	2.9608	2.1818	1.2518	2.0253	Noun	151	1	3.4737	3	85.57	8	3	1	low	low3	4	40	1	2	41	42	43	44	
1286	1285	batch	5065	212	188	208	186	4.1569	2.3284	2.2413	2.2765	Noun	210	0.99057	3.6202	1	45	5	9	1	low	low1	3	30	1	2	31	32	33	34	
16315	16314	snitch	60356	161	110	142	100	3.1569	2.2095	1.3114	2.0453	Noun	110	0.68323	3.5013	1	24.2	6	3	1	low	low1	3	30	1	2	31	32	33	34	
17603	17602	teenager	65314	351	288	341	280	6.8824	2.5465	3.4335	2.4609	Noun	353	1	3.8384	3	55.71	8	0	1	high	high3	2	20	1	2	21	22	23	24	
11241	11240	mole	41315	411	162	316	148	8.0588	2.6149	1.9313	2.2122	Noun	396	0.96822	3.9067	1	29.67	4	14	1	high	high1	1	10	1	2	11	12	13	14	
7978	7977	handicap	29303	139	105	124	101	2.7255	2.1461	1.2518	2.0253	Noun	139	1	3.438	3	49	8	0	1	low	low3	4	40	1	2	41	42	43	44	
19031	19030	waltz	71924	279	181	231	161	5.4706	2.4472	2.1578	2.2601	Noun	184	0.66426	3.739	1	25.75	5	0	1	high	high1	1	10	1	2	11	12	13	14	
15136	15135	sacrifice	56070	913	647	857	628	17.902	2.9609	7.7134	2.8116	Noun	511	0.56031	4.2528	3	45.38	9	0	1	high	high3	2	20	1	2	21	22	23	24	
1743	1742	blueberry	6761	131	88	91	65	2.5686	2.1206	1.0491	1.9494	Noun	125	0.9542	3.4124	3	33.25	9	0	1	low	low3	4	40	1	2	41	42	43	44	
7005	7004	fright	26019	141	113	131	111	2.7647	2.1523	1.3472	2.0569	Noun	141	1	3.4441	1	38.8	6	4	1	low	low1	3	30	1	2	31	32	33	34	
3942	3941	correction	14398	163	134	74	64	3.1961	2.2148	1.5975	2.1303	Noun	163	1	3.5067	3	155.89	10	0	1	low	low3	4	40	1	2	41	42	43	44	
1661	1660	bleep	6499	136	53	129	51	2.6667	2.1367	0.63186	1.7324	Noun	126	0.93333	3.4286	1	27.5	5	2	1	low	low1	3	30	1	2	31	32	33	34	
14534	14533	relation	53664	210	165	204	161	4.1176	2.3243	1.9671	2.2201	Noun	171	0.81043	3.6161	3	122.86	8	0	1	low	low3	4	40	1	2	41	42	43	44	
12133	12132	opinion	44656	2142	1430	2134	1427	42	3.331	17.0482	3.1556	Noun	2144	1	4.6229	3	53	7	0	1	high	high3	2	20	1	2	21	22	23	24	
19237	19236	whirl	72722	89	72	85	70	1.7451	1.9542	0.85837	1.8633	Noun	74	0.83146	3.2461	1	23.25	5	1	1	low	low1	3	30	1	2	31	32	33	34	
3357	3356	clip	11978	290	222	257	201	5.6863	2.4639	2.6466	2.3483	Noun	183	0.63103	3.7557	1	11.33	4	5	1	high	high1	1	10	1	2	11	12	13	14	
10584	10583	map	39053	1623	805	1587	792	31.8235	3.2106	9.597	2.9063	Noun	1561	0.96239	4.5024	1	10.5	3	20	1	high	high1	1	10	1	2	11	12	13	14	
7748	7747	grub	28617	139	106	123	101	2.7255	2.1461	1.2637	2.0294	Noun	135	0.97826	3.438	1	7.33	4	1	1	low	low1	3	30	1	2	31	32	33	34	
15648	15647	sensation	57833	249	205	239	203	4.8824	2.3979	2.444	2.3139	Noun	249	1	3.6898	3	115.38	9	0	1	high	high3	2	20	1	2	21	22	23	24	
13818	13817	proposal	50685	448	324	438	318	8.7843	2.6522	3.8627	2.5119	Noun	447	1	3.9441	3	68.71	8	0	1	high	high3	2	20	1	2	21	22	23	24	
904	903	audition	3835	705	307	696	305	13.8235	2.8488	3.66	2.4886	Noun	502	0.71307	4.1406	3	85.71	8	1	1	high	high3	2	20	1	2	21	22	23	24	
6140	6139	extortion	23127	131	112	111	96	2.5686	2.1206	1.3352	2.0531	Noun	131	1	3.4124	3	108.38	9	0	1	low	low3	4	40	1	2	41	42	43	44	
3031	3030	charity	10705	841	538	787	522	16.4902	2.9253	6.4139	2.7316	Noun	840	1	4.2171	3	77.5	7	1	1	high	high3	2	20	1	2	21	22	23	24	
19159	19158	wedge	72347	119	97	107	90	2.3333	2.0792	1.1564	1.9912	Noun	91	0.76471	3.371	1	21.5	5	3	1	low	low1	3	30	1	2	31	32	33	34	
2237	2236	buff	8279	127	98	102	87	2.4902	2.1072	1.1683	1.9956	Noun	69	0.53906	3.399	1	13.33	4	6	1	low	low1	3	30	1	2	31	32	33	34	
18555	18554	unity	69585	138	86	104	72	2.7059	2.143	1.0253	1.9395	Noun	137	0.98561	3.4348	3	27	5	3	1	low	low3	4	40	1	2	41	42	43	44	
13638	13637	president	50006	7174	1551	3077	1103	140.6667	3.8558	18.4907	3.1909	Noun	5724	0.79944	5.1477	3	70.25	9	0	1	high	high3	2	20	1	2	21	22	23	24	
7808	7807	guilt	28765	760	574	706	552	14.902	2.8814	6.8431	2.7597	Noun	762	1	4.1732	1	25.25	5	4	1	high	high1	1	10	1	2	11	12	13	14	
12191	12190	ore	44813	84	43	83	42	1.6471	1.9294	0.51264	1.6435	Noun	81	1	3.2213	1	3	3	7	1	low	low1	3	30	1	2	31	32	33	34	
12342	12341	oversight	45601	74	68	64	63	1.451	1.8751	0.81068	1.8388	Noun	66	0.89189	3.1669	3	29.88	9	1	1	low	low3	4	40	1	2	41	42	43	44	
13406	13405	pong	49108	82	34	18	16	1.6078	1.9191	0.40534	1.5441	Noun	46	0.56098	3.2109	1	29	4	8	1	low	low1	3	30	1	2	31	32	33	34	
15011	15010	rouge	55670	165	100	51	45	3.2353	2.2201	1.1922	2.0043	Noun	110	0.66265	3.5119	1	37	5	4	1	low	low1	3	30	1	2	31	32	33	34	
16316	16315	snob	60367	111	86	103	82	2.1765	2.0492	1.0253	1.9395	Noun	94	0.86239	3.3411	1	6	4	5	1	low	low1	3	30	1	2	31	32	33	34	
8607	8606	hulk	31416	208	37	9	8	4.0784	2.3201	0.44111	1.5798	Noun	103	0.49758	3.612	1	16	4	5	1	low	low1	3	30	1	2	31	32	33	34	
15130	15129	sack	56053	659	504	586	488	12.9216	2.8195	6.0086	2.7033	Noun	551	0.83739	4.1114	1	30	4	14	1	high	high1	1	10	1	2	11	12	13	14	
19024	19023	wallpaper	71912	171	122	164	120	3.3529	2.2355	1.4545	2.0899	Noun	171	1	3.5274	3	38.75	9	0	1	low	low3	4	40	1	2	41	42	43	44	
14124	14123	quiz	51844	252	155	226	144	4.9412	2.4031	1.8479	2.1931	Noun	231	0.92032	3.695	1	4.33	4	3	1	high	high1	1	10	1	2	11	12	13	14	
5440	5439	duct	20156	160	110	143	106	3.1373	2.2068	1.3114	2.0453	Noun	121	0.76582	3.4987	1	13	4	3	1	low	low1	3	30	1	2	31	32	33	34	
9027	9026	inspector	33567	1124	290	465	190	22.0392	3.0512	3.4573	2.4639	Noun	1133	1	4.343	3	55.5	9	0	1	high	high3	2	20	1	2	21	22	23	24	
8512	8511	horn	31092	1075	586	801	484	21.0784	3.0318	6.9862	2.7686	Noun	1039	0.96922	4.3236	1	26.33	4	6	1	high	high1	1	10	1	2	11	12	13	14	
729	728	arrogance	3206	144	128	136	123	2.8235	2.1614	1.526	2.1106	Noun	144	1	3.4532	3	38.88	9	0	1	low	low3	4	40	1	2	41	42	43	44	
3562	3561	colony	12631	302	128	259	115	5.9216	2.4814	1.526	2.1106	Noun	302	1	3.7733	3	47.4	6	0	1	high	high3	2	20	1	2	21	22	23	24	
16105	16104	skid	59494	111	74	79	58	2.1765	2.0492	0.88221	1.8751	Noun	78	0.7027	3.3411	1	8.33	4	6	1	low	low1	3	30	1	2	31	32	33	34	
10369	10368	luxury	38324	307	272	298	267	6.0196	2.4886	3.2427	2.4362	Noun	203	0.6634	3.7804	3	20	6	0	1	high	high3	2	20	1	2	21	22	23	24	
4858	4857	devotion	17866	211	182	205	177	4.1373	2.3263	2.1698	2.2625	Noun	211	1	3.6182	3	98.29	8	1	1	low	low3	4	40	1	2	41	42	43	44	
7210	7209	gasoline	26764	333	218	312	202	6.5294	2.5237	2.599	2.3404	Noun	333	1	3.8156	3	178.86	8	0	1	high	high3	2	20	1	2	21	22	23	24	
5079	5078	disrespect	18942	267	224	262	219	5.2353	2.4281	2.6705	2.3522	Noun	190	0.71161	3.72	3	46.11	10	0	1	high	high3	2	20	1	2	21	22	23	24	
18858	18857	vine	71374	107	80	78	62	2.098	2.0334	0.95374	1.9085	Noun	104	0.98113	3.3253	1	31	4	15	1	low	low1	3	30	1	2	31	32	33	34	
4352	4351	currency	15806	186	146	174	139	3.6471	2.2718	1.7406	2.1673	Noun	186	1	3.5637	3	47.57	8	0	1	low	low3	4	40	1	2	41	42	43	44	
9731	9730	lasagna	36403	183	94	144	80	3.5882	2.2648	1.1206	1.9777	Noun	175	0.95628	3.5567	3	24.83	7	0	1	low	low3	4	40	1	2	41	42	43	44	
16837	16836	stench	62329	113	91	101	90	2.2157	2.0569	1.0849	1.9638	Noun	113	1	3.3487	1	46.8	6	0	1	low	low1	3	30	1	2	31	32	33	34	
3305	3304	claw	11819	223	137	163	123	4.3725	2.3502	1.6333	2.1399	Noun	156	0.69955	3.6421	1	13.33	4	6	1	low	low1	3	30	1	2	31	32	33	34	
15106	15105	rust	55972	127	101	112	93	2.4902	2.1072	1.2041	2.0086	Noun	77	0.6063	3.399	1	27	4	12	1	low	low1	3	30	1	2	31	32	33	34	
4759	4758	depression	17407	406	304	308	244	7.9608	2.6096	3.6242	2.4843	Noun	404	0.99753	3.9014	3	106.78	10	1	1	high	high3	2	20	1	2	21	22	23	24	
6725	6724	flow	24992	701	484	665	473	13.7451	2.8463	5.7701	2.6857	Noun	535	0.77649	4.1382	1	18.33	4	8	1	high	high1	1	10	1	2	11	12	13	14	
2952	2951	certainty	10416	154	126	152	125	3.0196	2.1903	1.5021	2.1038	Noun	155	1	3.4822	3	58	9	1	1	low	low3	4	40	1	2	41	42	43	44	
3131	3130	chief	11044	3973	1374	1876	995	77.902	3.5992	16.3805	3.1383	Noun	2979	0.75132	4.8911	1	31.25	5	1	1	high	high1	1	10	1	2	11	12	13	14	
7946	7945	hamburger	29235	397	247	340	221	7.7843	2.5999	2.9447	2.3945	Noun	380	0.96203	3.8917	3	38.75	9	0	1	high	high3	2	20	1	2	21	22	23	24	
13003	13002	pianist	47911	86	61	77	55	1.6863	1.9395	0.72723	1.7924	Noun	86	1	3.2314	3	66.83	7	0	1	low	low3	4	40	1	2	41	42	43	44	
17754	17753	therapist	65877	485	307	470	302	9.5098	2.6866	3.66	2.4886	Noun	482	0.99587	3.9785	3	46.25	9	0	1	high	high3	2	20	1	2	21	22	23	24	
2606	2605	cannonball	9328	73	49	35	23	1.4314	1.8692	0.58417	1.699	Noun	72	0.9863	3.1611	3	21	10	0	1	low	low3	4	40	1	2	41	42	43	44	
16392	16391	solitude	60712	102	91	91	81	2	2.0128	1.0849	1.9638	Noun	98	0.9703	3.3047	3	45.57	8	0	1	low	low3	4	40	1	2	41	42	43	44	
13332	13331	poisoning	48885	302	226	298	224	5.9216	2.4814	2.6943	2.356	Noun	213	0.7053	3.7733	3	204.25	9	0	1	high	high3	2	20	1	2	21	22	23	24	
2820	2819	catalogue	9983	108	74	102	69	2.1176	2.0374	0.88221	1.8751	Noun	100	0.92593	3.3293	3	30.88	9	0	1	low	low3	4	40	1	2	41	42	43	44	
14552	14551	religion	53730	707	440	650	415	13.8627	2.85	5.2456	2.6444	Noun	708	1	4.1419	3	87.57	8	0	1	high	high3	2	20	1	2	21	22	23	24	
18820	18819	victory	71270	1094	636	871	577	21.451	3.0394	7.5823	2.8041	Noun	1072	0.97989	4.3312	3	48.17	7	1	1	high	high3	2	20	1	2	21	22	23	24	
5531	5530	ear	20453	1632	1106	1579	1092	32	3.213	13.1855	3.0441	Noun	1630	1	4.5048	1	6	3	11	1	high	high1	1	10	1	2	11	12	13	14	
1090	1089	balcony	4515	373	267	369	264	7.3137	2.5729	3.1831	2.4281	Noun	374	1	3.8647	3	45.33	7	0	1	high	high3	2	20	1	2	21	22	23	24	
5704	5703	embassy	21148	397	182	233	117	7.7843	2.5999	2.1698	2.2625	Noun	397	1	3.8917	3	12	7	0	1	high	high3	2	20	1	2	21	22	23	24	
12918	12917	pet	47588	1029	623	910	574	20.1765	3.0128	7.4273	2.7952	Noun	887	0.86537	4.3047	1	10	3	22	1	high	high1	1	10	1	2	11	12	13	14	
4202	4201	crock	15295	103	80	98	77	2.0196	2.017	0.95374	1.9085	Noun	102	0.99029	3.3089	1	43.5	5	6	1	low	low1	3	30	1	2	31	32	33	34	
4096	4095	cramp	14925	143	109	128	104	2.8039	2.1584	1.2995	2.0414	Noun	97	0.67832	3.4502	1	43	5	3	1	low	low1	3	30	1	2	31	32	33	34	
17587	17586	tech	65262	326	215	192	149	6.3922	2.5145	2.5632	2.3345	Noun	325	1	3.8064	1	12.33	4	1	1	high	high1	1	10	1	2	11	12	13	14	
15471	15470	screech	57203	318	91	96	62	6.2353	2.5038	1.0849	1.9638	Noun	288	0.91139	3.7956	1	27.17	7	0	1	high	high1	1	10	1	2	11	12	13	14	
3240	3239	cinch	11523	182	137	160	130	3.5686	2.2625	1.6333	2.1399	Noun	154	0.84615	3.5543	1	40.75	5	4	1	low	low1	3	30	1	2	31	32	33	34	
899	898	audio	3823	284	188	255	167	5.5686	2.4548	2.2413	2.2765	Noun	145	0.51418	3.7467	3	8.25	5	1	1	high	high3	2	20	1	2	21	22	23	24	
816	815	assurance	3528	104	87	96	82	2.0392	2.0212	1.0372	1.9445	Noun	104	1	3.313	3	48.75	9	0	1	low	low3	4	40	1	2	41	42	43	44	
12442	12441	pal	45945	2937	1602	2821	1569	57.5882	3.4681	19.0987	3.2049	Noun	2930	0.99898	4.7599	1	5.5	3	9	1	high	high1	1	10	1	2	11	12	13	14	
10473	10472	majesty	38661	1863	310	236	87	36.5294	3.2704	3.6958	2.4928	Noun	1861	1	4.5623	3	33.5	7	0	1	high	high3	2	20	1	2	21	22	23	24	
4820	4819	detector	17696	166	127	164	125	3.2549	2.2227	1.5141	2.1072	Noun	166	1	3.5146	3	52.57	8	1	1	low	low3	4	40	1	2	41	42	43	44	
13588	13587	precision	49714	150	117	142	115	2.9412	2.179	1.3948	2.0719	Noun	150	1	3.4708	3	92.5	9	0	1	low	low3	4	40	1	2	41	42	43	44	
7801	7800	guild	28755	103	53	14	11	2.0196	2.017	0.63186	1.7324	Noun	100	0.97087	3.3089	1	24.5	5	3	1	low	low1	3	30	1	2	31	32	33	34	
14052	14051	quake	51575	82	48	47	35	1.6078	1.9191	0.57225	1.6902	Noun	81	0.9878	3.2109	1	16.25	5	0	1	low	low1	3	30	1	2	31	32	33	34	
7073	7072	funk	26318	161	78	129	69	3.1569	2.2095	0.9299	1.8976	Noun	117	0.73585	3.5013	1	21	4	7	1	low	low1	3	30	1	2	31	32	33	34	
13138	13137	pit	48343	674	450	602	419	13.2157	2.8293	5.3648	2.6542	Noun	649	0.96721	4.1211	1	8	3	18	1	high	high1	1	10	1	2	11	12	13	14	
9116	9115	invention	34151	310	195	309	195	6.0784	2.4928	2.3247	2.2923	Noun	310	1	3.7846	3	129.63	9	1	1	high	high3	2	20	1	2	21	22	23	24	
4241	4240	crowd	15414	1906	1230	1671	1146	37.3725	3.2804	14.6638	3.0903	Noun	1798	0.94532	4.5722	1	36.25	5	2	1	high	high1	1	10	1	2	11	12	13	14	
5050	5049	dishwasher	18722	103	76	99	75	2.0196	2.017	0.90606	1.8865	Noun	103	1	3.3089	3	46.33	10	0	1	low	low3	4	40	1	2	41	42	43	44	
12118	12117	opening	44619	1960	1360	1839	1297	38.4314	3.2925	16.2136	3.1339	Noun	1017	0.51914	4.5843	3	268.83	7	0	1	high	high3	2	20	1	2	21	22	23	24	
5739	5738	emperor	21291	690	184	366	117	13.5294	2.8395	2.1936	2.2672	Noun	689	0.99855	4.1313	3	34.67	7	0	1	high	high3	2	20	1	2	21	22	23	24	
