numid|f	X|f	Word|s	Unnamed|f	FREQcount|f	Cdcount|f	FREQlow|f	Cdlow|f	SUBLTLWF|f	Lg10WF|f	SUBTLCD|f	Lg10CD|f	Dom_PoS_SUBTLEX|s	Freq_dom_PoS_SUBTLEX|f	Percentage_dom_PoS|f	Zipfvalue|f	cmu_sylls|f	BF_TP|f	LEN_L|f	N|f	Zipfvalue_incl|f	Zipfvalue_cat|s	cond_name|s	cond_code|f	trigger_code|f	len|f	corr_resp|f	fix_code|f	word_code|f	delay_code|f	audioresp_code|f	
6609	6608	flair	24596	116	88	110	86	2.2745	2.0682	1.0491	1.9494	Noun	115	1	3.36	1	35.25	5	1	1	low	low1	3	30	1	2	31	32	33	34	
10946	10945	microchip	40377	74	33	70	32	1.451	1.8751	0.39342	1.5315	Noun	74	1	3.1669	3	22.13	9	0	1	low	low3	4	40	1	2	41	42	43	44	
17102	17101	subpoena	63370	113	87	109	83	2.2157	2.0569	1.0372	1.9445	Noun	71	0.63393	3.3487	3	30.71	8	0	1	low	low3	4	40	1	2	41	42	43	44	
4241	4240	crowd	15414	1906	1230	1671	1146	37.3725	3.2804	14.6638	3.0903	Noun	1798	0.94532	4.5722	1	36.25	5	2	1	high	high1	1	10	1	2	11	12	13	14	
11881	11880	nose	43718	3557	2125	3407	2081	69.7451	3.5512	25.3338	3.3276	Noun	3539	0.99522	4.843	1	18.33	4	10	1	high	high1	1	10	1	2	11	12	13	14	
17005	17004	stride	62957	107	68	75	67	2.098	2.0334	0.81068	1.8388	Noun	76	0.7037	3.3253	1	53	6	5	1	low	low1	3	30	1	2	31	32	33	34	
18454	18453	twin	68372	532	339	395	286	10.4314	2.7267	4.0415	2.5315	Noun	461	0.86654	4.0186	1	10.33	4	3	1	high	high1	1	10	1	2	11	12	13	14	
3801	3800	container	13808	219	144	210	141	4.2941	2.3424	1.7167	2.1614	Noun	219	1	3.6343	3	95.75	9	1	1	low	low3	4	40	1	2	41	42	43	44	
8371	8370	hoax	30653	123	82	122	82	2.4118	2.0934	0.97759	1.9191	Noun	119	0.96748	3.3853	1	17.67	4	1	1	low	low1	3	30	1	2	31	32	33	34	
2674	2673	caravan	9532	74	45	68	42	1.451	1.8751	0.53648	1.6628	Noun	74	1	3.1669	3	64.33	7	0	1	low	low3	4	40	1	2	41	42	43	44	
5364	5363	drift	19952	327	255	284	236	6.4118	2.5159	3.0401	2.4082	Noun	174	0.53211	3.8077	1	31.75	5	1	1	high	high1	1	10	1	2	11	12	13	14	
1658	1657	bleach	6478	118	71	110	70	2.3137	2.0755	0.84645	1.8573	Noun	84	0.70588	3.3674	1	37.4	6	1	1	low	low1	3	30	1	2	31	32	33	34	
3545	3544	collision	12581	137	100	118	90	2.6863	2.1399	1.1922	2.0043	Noun	136	1	3.4317	3	112.75	9	1	1	low	low3	4	40	1	2	41	42	43	44	
12856	12855	perception	47215	180	144	169	136	3.5294	2.2577	1.7167	2.1614	Noun	180	1	3.5495	3	119.67	10	0	1	low	low3	4	40	1	2	41	42	43	44	
3394	3393	cloud	12086	599	388	498	358	11.7451	2.7782	4.6257	2.5899	Noun	542	0.90484	4.07	1	30.5	5	2	1	high	high1	1	10	1	2	11	12	13	14	
5739	5738	emperor	21291	690	184	366	117	13.5294	2.8395	2.1936	2.2672	Noun	689	0.99855	4.1313	3	34.67	7	0	1	high	high3	2	20	1	2	21	22	23	24	
8344	8343	hint	30543	469	400	456	396	9.1961	2.6721	4.7687	2.6031	Noun	451	0.96368	3.9639	1	30.33	4	8	1	high	high1	1	10	1	2	11	12	13	14	
12458	12457	palm	46011	675	435	344	274	13.2353	2.8299	5.186	2.6395	Noun	675	1	4.1218	1	24.67	4	5	1	high	high1	1	10	1	2	11	12	13	14	
2511	2510	calcium	9016	90	58	77	55	1.7647	1.959	0.69146	1.7709	Noun	90	1	3.2509	3	43.5	7	0	1	low	low3	4	40	1	2	41	42	43	44	
17377	17376	sympathy	64529	426	356	400	344	8.3529	2.6304	4.2442	2.5527	Noun	424	1	3.9223	3	25.86	8	0	1	high	high3	2	20	1	2	21	22	23	24	
11717	11716	net	42996	793	541	699	479	15.549	2.8998	6.4497	2.734	Noun	580	0.82739	4.1917	1	7.5	3	16	1	high	high1	1	10	1	2	11	12	13	14	
4761	4760	depth	17432	421	261	382	245	8.2549	2.6253	3.1116	2.4183	Noun	422	1	3.9171	1	20.5	5	1	1	high	high1	1	10	1	2	11	12	13	14	
7005	7004	fright	26019	141	113	131	111	2.7647	2.1523	1.3472	2.0569	Noun	141	1	3.4441	1	38.8	6	4	1	low	low1	3	30	1	2	31	32	33	34	
10239	10238	loneliness	37824	255	207	225	184	5	2.4082	2.4678	2.3181	Noun	255	1	3.7001	3	66	10	1	1	high	high3	2	20	1	2	21	22	23	24	
15370	15369	scent	56876	304	236	291	228	5.9608	2.4843	2.8135	2.3747	Noun	298	0.98026	3.7761	1	22.5	5	3	1	high	high1	1	10	1	2	11	12	13	14	
9503	9502	kin	35631	218	167	185	155	4.2745	2.3404	1.9909	2.2253	Noun	216	0.99083	3.6323	1	7.5	3	14	1	low	low1	3	30	1	2	31	32	33	34	
15072	15071	rum	55874	382	204	280	169	7.4902	2.5832	2.432	2.3118	Noun	369	0.9685	3.875	1	6	3	12	1	high	high1	1	10	1	2	11	12	13	14	
19237	19236	whirl	72722	89	72	85	70	1.7451	1.9542	0.85837	1.8633	Noun	74	0.83146	3.2461	1	23.25	5	1	1	low	low1	3	30	1	2	31	32	33	34	
13533	13532	pound	49530	708	493	671	475	13.8824	2.8506	5.8774	2.6937	Noun	553	0.78218	4.1425	1	37	5	7	1	high	high1	1	10	1	2	11	12	13	14	
14579	14578	rendezvous	53899	312	223	291	209	6.1176	2.4955	2.6586	2.3502	Noun	240	0.76923	3.7874	3	56.11	10	0	1	high	high3	2	20	1	2	21	22	23	24	
13189	13188	plank	48479	104	63	84	58	2.0392	2.0212	0.75107	1.8062	Noun	95	0.91346	3.313	1	40.75	5	8	1	low	low1	3	30	1	2	31	32	33	34	
4881	4880	dialogue	17959	208	149	179	137	4.0784	2.3201	1.7763	2.1761	Noun	208	1	3.612	3	32.86	8	0	1	low	low3	4	40	1	2	41	42	43	44	
11561	11560	mutation	42339	88	52	85	50	1.7255	1.9494	0.61993	1.7243	Noun	86	0.98851	3.2412	3	93.71	8	0	1	low	low3	4	40	1	2	41	42	43	44	
14898	14897	road	55319	5709	2766	5043	2567	111.9412	3.7566	32.9757	3.442	Noun	5690	0.9979	5.0485	1	22	4	8	1	high	high1	1	10	1	2	11	12	13	14	
19380	19379	woe	73330	119	86	76	56	2.3333	2.0792	1.0253	1.9395	Noun	117	1	3.371	1	6	3	11	1	low	low1	3	30	1	2	31	32	33	34	
14047	14046	quad	51533	79	53	53	43	1.549	1.9031	0.63186	1.7324	Noun	77	0.98718	3.1949	1	7	4	2	1	low	low1	3	30	1	2	31	32	33	34	
14299	14298	ratio	52340	164	92	160	91	3.2157	2.2175	1.0968	1.9685	Noun	158	1	3.5093	3	28	5	2	1	low	low3	4	40	1	2	41	42	43	44	
18709	18708	veal	70911	181	105	138	93	3.549	2.2601	1.2518	2.0253	Noun	176	0.97238	3.5519	1	30.67	4	11	1	low	low1	3	30	1	2	31	32	33	34	
266	265	alibi	1538	426	249	417	241	8.3529	2.6304	2.9685	2.3979	Noun	428	1	3.9223	3	17	5	0	1	high	high3	2	20	1	2	21	22	23	24	
18998	18997	waist	71826	262	220	254	216	5.1373	2.42	2.6228	2.3444	Noun	261	1	3.7118	1	35.5	5	2	1	high	high1	1	10	1	2	11	12	13	14	
15746	15745	shaft	58192	393	204	253	178	7.7059	2.5955	2.432	2.3118	Noun	368	0.93639	3.8873	1	28.75	5	2	1	high	high1	1	10	1	2	11	12	13	14	
1217	1216	barn	4883	693	395	609	342	13.5882	2.8414	4.7091	2.5977	Noun	692	0.99856	4.1332	1	36.33	4	12	1	high	high1	1	10	1	2	11	12	13	14	
391	390	amp	1977	93	73	73	60	1.8235	1.9731	0.87029	1.8692	Noun	92	1	3.265	1	1.5	3	1	1	low	low1	3	30	1	2	31	32	33	34	
11015	11014	militia	40569	115	47	101	44	2.2549	2.0645	0.56032	1.6812	Noun	115	1	3.3563	3	35.17	7	0	1	low	low3	4	40	1	2	41	42	43	44	
419	418	analyst	2090	177	109	171	107	3.4706	2.2504	1.2995	2.0414	Noun	177	1	3.5423	3	33.33	7	1	1	low	low3	4	40	1	2	41	42	43	44	
6703	6702	floor	24919	5132	2732	5030	2699	100.6275	3.7104	32.5703	3.4366	Noun	5099	0.99376	5.0022	1	39	5	2	1	high	high1	1	10	1	2	11	12	13	14	
802	801	assessment	3470	158	132	155	129	3.098	2.2014	1.5737	2.1239	Noun	158	1	3.4932	3	43.44	10	0	1	low	low3	4	40	1	2	41	42	43	44	
17948	17947	toe	66628	647	386	627	376	12.6863	2.8116	4.6018	2.5877	Noun	648	0.99846	4.1034	1	8	3	17	1	high	high1	1	10	1	2	11	12	13	14	
4948	4947	dime	18223	615	473	604	466	12.0588	2.7896	5.639	2.6758	Noun	609	0.99673	4.0814	1	15.67	4	9	1	high	high1	1	10	1	2	11	12	13	14	
18556	18555	universe	69592	1289	703	1184	682	25.2745	3.1106	8.381	2.8476	Noun	1269	0.98448	4.4024	3	48.43	8	0	1	high	high3	2	20	1	2	21	22	23	24	
3079	3078	cheek	10854	365	280	352	272	7.1569	2.5635	3.3381	2.4487	Noun	363	0.99725	3.8553	1	29.5	5	3	1	high	high1	1	10	1	2	11	12	13	14	
6079	6078	exhibit	22795	388	239	288	196	7.6078	2.5899	2.8493	2.3802	Noun	277	0.71762	3.8818	3	16.5	7	0	1	high	high3	2	20	1	2	21	22	23	24	
16195	16194	slick	59823	350	263	240	218	6.8627	2.5453	3.1354	2.4216	Noun	189	0.54155	3.8371	1	36.75	5	6	1	high	high1	1	10	1	2	11	12	13	14	
4044	4043	cove	14759	166	80	57	33	3.2549	2.2227	0.95374	1.9085	Noun	164	0.98795	3.5146	1	22.33	4	14	1	low	low1	3	30	1	2	31	32	33	34	
8697	8696	hypnosis	31801	101	57	88	52	1.9804	2.0086	0.67954	1.7634	Noun	100	1	3.3004	3	9.86	8	0	1	low	low3	4	40	1	2	41	42	43	44	
13748	13747	producer	50404	636	351	548	313	12.4706	2.8041	4.1845	2.5465	Noun	625	0.99522	4.096	3	74.57	8	2	1	high	high3	2	20	1	2	21	22	23	24	
743	742	artery	3249	271	181	266	177	5.3137	2.4346	2.1578	2.2601	Noun	271	1	3.7264	3	48.6	6	0	1	high	high3	2	20	1	2	21	22	23	24	
14236	14235	ramp	52145	147	101	139	98	2.8824	2.1703	1.2041	2.0086	Noun	147	1	3.4621	1	22	4	8	1	low	low1	3	30	1	2	31	32	33	34	
12049	12048	officer	44362	5265	2026	3313	1580	103.2353	3.7215	24.1536	3.3069	Noun	5229	0.99543	5.0133	3	73.33	7	1	1	high	high3	2	20	1	2	21	22	23	24	
17308	17307	swamp	64222	458	204	363	159	8.9804	2.6618	2.432	2.3118	Noun	417	0.91447	3.9536	1	21.75	5	2	1	high	high1	1	10	1	2	11	12	13	14	
11205	11204	modeling	41206	185	107	165	101	3.6275	2.2695	1.2756	2.0334	Noun	138	0.74595	3.5613	3	289.71	8	0	1	low	low3	4	40	1	2	41	42	43	44	
5072	5071	disposal	18898	250	212	245	209	4.902	2.3997	2.5274	2.3284	Noun	250	1	3.6915	3	56.71	8	0	1	high	high3	2	20	1	2	21	22	23	24	
15989	15988	sigh	59081	173	131	163	125	3.3922	2.2405	1.5618	2.1206	Noun	129	0.74566	3.5324	1	10.33	4	3	1	low	low1	3	30	1	2	31	32	33	34	
16547	16546	spell	61286	1869	884	1798	855	36.6471	3.2718	10.5389	2.9469	Noun	1190	0.63704	4.5637	1	29.25	5	5	1	high	high1	1	10	1	2	11	12	13	14	
15106	15105	rust	55972	127	101	112	93	2.4902	2.1072	1.2041	2.0086	Noun	77	0.6063	3.399	1	27	4	12	1	low	low1	3	30	1	2	31	32	33	34	
3473	3472	cod	12323	114	70	34	25	2.2353	2.0607	0.83453	1.8513	Noun	66	0.57895	3.3525	1	11	3	22	1	low	low1	3	30	1	2	31	32	33	34	
9834	9833	lease	36706	320	201	315	200	6.2745	2.5065	2.3963	2.3054	Noun	288	0.8972	3.7983	1	51.25	5	5	1	high	high1	1	10	1	2	11	12	13	14	
7578	7577	graft	28057	84	49	79	48	1.6471	1.9294	0.58417	1.699	Noun	71	0.84524	3.2213	1	36.5	5	3	1	low	low1	3	30	1	2	31	32	33	34	
2051	2050	bravery	7691	147	118	135	111	2.8824	2.1703	1.4068	2.0755	Noun	147	1	3.4621	3	109.33	7	1	1	low	low3	4	40	1	2	41	42	43	44	
14798	14797	rhyme	54988	225	160	225	160	4.4118	2.3541	1.9075	2.2068	Noun	141	0.62946	3.6459	1	5.25	5	1	1	low	low1	3	30	1	2	31	32	33	34	
16020	16019	silk	59165	499	345	443	320	9.7843	2.699	4.113	2.5391	Noun	494	0.99197	3.9908	1	22	4	7	1	high	high1	1	10	1	2	11	12	13	14	
15739	15738	shade	58176	304	252	283	244	5.9608	2.4843	3.0043	2.4031	Noun	295	0.97039	3.7761	1	35.25	5	8	1	high	high1	1	10	1	2	11	12	13	14	
2198	2197	bruise	8137	165	132	162	130	3.2353	2.2201	1.5737	2.1239	Noun	128	0.78049	3.5119	1	43	6	1	1	low	low1	3	30	1	2	31	32	33	34	
11708	11707	nerd	42966	168	99	144	92	3.2941	2.2279	1.1803	2	Noun	166	0.99401	3.5197	1	15.67	4	2	1	low	low1	3	30	1	2	31	32	33	34	
15190	15189	saliva	56242	135	92	122	86	2.6471	2.1335	1.0968	1.9685	Noun	135	1	3.4254	3	39	6	0	1	low	low3	4	40	1	2	41	42	43	44	
3732	3731	conductor	13327	155	107	122	91	3.0392	2.1931	1.2756	2.0334	Noun	155	1	3.485	3	68.88	9	0	1	low	low3	4	40	1	2	41	42	43	44	
748	747	article	3264	998	553	953	531	19.5686	2.9996	6.5928	2.7435	Noun	995	1	4.2914	3	40.83	7	0	1	high	high3	2	20	1	2	21	22	23	24	
13817	13816	proportion	50676	139	127	138	127	2.7255	2.1461	1.5141	2.1072	Noun	133	0.96377	3.438	3	134.67	10	0	1	low	low3	4	40	1	2	41	42	43	44	
18858	18857	vine	71374	107	80	78	62	2.098	2.0334	0.95374	1.9085	Noun	104	0.98113	3.3253	1	31	4	15	1	low	low1	3	30	1	2	31	32	33	34	
4818	4817	detective	17694	3117	988	1405	675	61.1176	3.4939	11.7787	2.9952	Noun	3092	0.99325	4.7857	3	102.75	9	1	1	high	high3	2	20	1	2	21	22	23	24	
10690	10689	mast	39380	83	57	70	49	1.6275	1.9243	0.67954	1.7634	Noun	83	1	3.2161	1	34.67	4	16	1	low	low1	3	30	1	2	31	32	33	34	
9855	9854	leech	36769	89	50	56	40	1.7451	1.9542	0.59609	1.7076	Noun	57	0.64045	3.2461	1	35.75	5	2	1	low	low1	3	30	1	2	31	32	33	34	
9118	9117	inventor	34156	117	83	114	82	2.2941	2.0719	0.98951	1.9243	Noun	117	1	3.3637	3	61.57	8	1	1	low	low3	4	40	1	2	41	42	43	44	
5523	5522	dynasty	20417	130	83	57	46	2.549	2.1173	0.98951	1.9243	Noun	129	1	3.4091	3	23.33	7	0	1	low	low3	4	40	1	2	41	42	43	44	
15333	15332	scalp	56749	188	141	177	135	3.6863	2.2765	1.681	2.1523	Noun	158	0.84492	3.5683	1	18.5	5	3	1	low	low1	3	30	1	2	31	32	33	34	
17554	17553	tax	65161	742	495	692	464	14.549	2.871	5.9013	2.6955	Noun	705	0.95399	4.1628	1	5.5	3	9	1	high	high1	1	10	1	2	11	12	13	14	
5660	5659	election	20919	560	271	530	264	10.9804	2.749	3.2308	2.4346	Noun	559	1	4.0408	3	84.86	8	3	1	high	high3	2	20	1	2	21	22	23	24	
16496	16495	spark	61097	320	224	286	208	6.2745	2.5065	2.6705	2.3522	Noun	252	0.79495	3.7983	1	34.75	5	4	1	high	high1	1	10	1	2	11	12	13	14	
14822	14821	ridge	55066	361	193	191	137	7.0784	2.5587	2.3009	2.2878	Noun	348	0.96667	3.8505	1	26.5	5	1	1	high	high1	1	10	1	2	11	12	13	14	
1313	1312	battleship	5128	87	64	70	56	1.7059	1.9445	0.76299	1.8129	Noun	87	1	3.2363	3	29	10	0	1	low	low3	4	40	1	2	41	42	43	44	
7199	7198	garrison	26729	233	67	61	39	4.5686	2.3692	0.79876	1.8325	Noun	178	0.7807	3.661	3	61.29	8	0	1	high	high3	2	20	1	2	21	22	23	24	
10742	10741	maverick	39554	134	32	24	22	2.6275	2.1303	0.3815	1.5185	Noun	120	0.89552	3.4222	3	75.14	8	0	1	low	low3	4	40	1	2	41	42	43	44	
7121	7120	gal	26505	725	429	671	411	14.2157	2.8609	5.1144	2.6335	Noun	705	1	4.1528	1	4.5	3	8	1	high	high1	1	10	1	2	11	12	13	14	
19159	19158	wedge	72347	119	97	107	90	2.3333	2.0792	1.1564	1.9912	Noun	91	0.76471	3.371	1	21.5	5	3	1	low	low1	3	30	1	2	31	32	33	34	
303	302	allowance	1659	265	191	256	189	5.1961	2.4249	2.2771	2.2833	Noun	265	0.99624	3.7167	3	39.75	9	0	1	high	high3	2	20	1	2	21	22	23	24	
12864	12863	performer	47288	123	100	121	99	2.4118	2.0934	1.1922	2.0043	Noun	123	1	3.3853	3	49.38	9	1	1	low	low3	4	40	1	2	41	42	43	44	
14564	14563	remedy	53808	118	107	115	104	2.3137	2.0755	1.2756	2.0334	Noun	74	0.62712	3.3674	3	41.4	6	0	1	low	low3	4	40	1	2	41	42	43	44	
13332	13331	poisoning	48885	302	226	298	224	5.9216	2.4814	2.6943	2.356	Noun	213	0.7053	3.7733	3	204.25	9	0	1	high	high3	2	20	1	2	21	22	23	24	
13732	13731	procedure	50335	823	581	809	573	16.1373	2.9159	6.9266	2.7649	Noun	822	1	4.2078	3	44.88	9	0	1	high	high3	2	20	1	2	21	22	23	24	
12191	12190	ore	44813	84	43	83	42	1.6471	1.9294	0.51264	1.6435	Noun	81	1	3.2213	1	3	3	7	1	low	low1	3	30	1	2	31	32	33	34	
1286	1285	batch	5065	212	188	208	186	4.1569	2.3284	2.2413	2.2765	Noun	210	0.99057	3.6202	1	45	5	9	1	low	low1	3	30	1	2	31	32	33	34	
15931	15930	shred	58832	150	129	134	118	2.9412	2.179	1.5379	2.1139	Noun	95	0.64189	3.4708	1	76.75	5	3	1	low	low1	3	30	1	2	31	32	33	34	
7801	7800	guild	28755	103	53	14	11	2.0196	2.017	0.63186	1.7324	Noun	100	0.97087	3.3089	1	24.5	5	3	1	low	low1	3	30	1	2	31	32	33	34	
3700	3699	conception	13199	106	90	87	81	2.0784	2.0294	1.073	1.959	Noun	106	1	3.3212	3	147.22	10	0	1	low	low3	4	40	1	2	41	42	43	44	
2493	2492	cage	8959	1034	564	810	481	20.2745	3.0149	6.7239	2.752	Noun	952	0.91981	4.3068	1	18	4	13	1	high	high1	1	10	1	2	11	12	13	14	
7395	7394	gland	27419	77	54	76	53	1.5098	1.8921	0.64378	1.7404	Noun	77	1	3.1839	1	37.75	5	3	1	low	low1	3	30	1	2	31	32	33	34	
16701	16700	staff	61953	1632	987	1457	923	32	3.213	11.7668	2.9948	Noun	1603	0.98163	4.5048	1	30	5	2	1	high	high1	1	10	1	2	11	12	13	14	
4597	4596	deception	16584	160	135	144	127	3.1373	2.2068	1.6094	2.1335	Noun	160	1	3.4987	3	114.88	9	1	1	low	low3	4	40	1	2	41	42	43	44	
13818	13817	proposal	50685	448	324	438	318	8.7843	2.6522	3.8627	2.5119	Noun	447	1	3.9441	3	68.71	8	0	1	high	high3	2	20	1	2	21	22	23	24	
13671	13670	pride	50162	1411	936	1221	881	27.6667	3.1498	11.1588	2.9717	Noun	1301	0.92401	4.4417	1	35	5	5	1	high	high1	1	10	1	2	11	12	13	14	
17756	17755	therapy	65879	944	576	878	552	18.5098	2.9754	6.867	2.7612	Noun	941	1	4.2673	3	32.33	7	0	1	high	high3	2	20	1	2	21	22	23	24	
9102	9101	intrusion	34098	127	108	126	108	2.4902	2.1072	1.2876	2.0374	Noun	128	1	3.399	3	95.5	9	0	1	low	low3	4	40	1	2	41	42	43	44	
10584	10583	map	39053	1623	805	1587	792	31.8235	3.2106	9.597	2.9063	Noun	1561	0.96239	4.5024	1	10.5	3	20	1	high	high1	1	10	1	2	11	12	13	14	
3627	3626	commitment	12855	550	438	533	429	10.7843	2.7412	5.2217	2.6425	Noun	550	1	4.033	3	76.56	10	0	1	high	high3	2	20	1	2	21	22	23	24	
13851	13850	protocol	50818	382	265	360	258	7.4902	2.5832	3.1593	2.4249	Noun	382	1	3.875	3	49	8	0	1	high	high3	2	20	1	2	21	22	23	24	
16837	16836	stench	62329	113	91	101	90	2.2157	2.0569	1.0849	1.9638	Noun	113	1	3.3487	1	46.8	6	0	1	low	low1	3	30	1	2	31	32	33	34	
11056	11055	mineral	40697	132	101	115	93	2.5882	2.1239	1.2041	2.0086	Noun	134	1	3.4157	3	61.33	7	0	1	low	low3	4	40	1	2	41	42	43	44	
1201	1200	barbershop	4802	108	58	89	48	2.1176	2.0374	0.69146	1.7709	Noun	104	0.96296	3.3293	3	31.78	10	0	1	low	low3	4	40	1	2	41	42	43	44	
16093	16092	skeleton	59461	261	145	206	138	5.1176	2.4183	1.7287	2.1644	Noun	221	0.84674	3.7101	3	37	8	0	1	high	high3	2	20	1	2	21	22	23	24	
6088	6087	existence	22827	596	475	588	473	11.6863	2.776	5.6629	2.6776	Noun	596	1	4.0678	3	57.38	9	0	1	high	high3	2	20	1	2	21	22	23	24	
10119	10118	listener	37496	72	71	72	71	1.4118	1.8633	0.84645	1.8573	Noun	72	1	3.1552	3	100.43	8	1	1	low	low3	4	40	1	2	41	42	43	44	
18026	18025	torch	66889	254	196	220	176	4.9804	2.4065	2.3367	2.2945	Noun	252	0.99213	3.6984	1	40.75	5	2	1	high	high1	1	10	1	2	11	12	13	14	
490	489	announcer	2331	574	201	217	75	11.2549	2.7597	2.3963	2.3054	Noun	529	0.92321	4.0515	3	41.63	9	2	1	high	high3	2	20	1	2	21	22	23	24	
9280	9279	jig	34846	87	62	80	58	1.7059	1.9445	0.73915	1.7993	Noun	81	0.93103	3.2363	1	5	3	11	1	low	low1	3	30	1	2	31	32	33	34	
3308	3307	clay	11826	612	215	197	139	12	2.7875	2.5632	2.3345	Noun	432	0.70588	4.0793	1	15.67	4	7	1	high	high1	1	10	1	2	11	12	13	14	
13900	13899	pub	51057	190	115	169	112	3.7255	2.281	1.371	2.0645	Noun	190	1	3.5729	1	6.5	3	11	1	low	low1	3	30	1	2	31	32	33	34	
8607	8606	hulk	31416	208	37	9	8	4.0784	2.3201	0.44111	1.5798	Noun	103	0.49758	3.612	1	16	4	5	1	low	low1	3	30	1	2	31	32	33	34	
12336	12335	override	45566	263	114	244	108	5.1569	2.4216	1.3591	2.0607	Noun	174	0.64925	3.7134	3	60.29	8	1	1	high	high3	2	20	1	2	21	22	23	24	
4375	4374	custody	15878	982	603	971	600	19.2549	2.9926	7.1888	2.781	Noun	985	1	4.2844	3	46.17	7	0	1	high	high3	2	20	1	2	21	22	23	24	
7297	7296	gent	27016	82	64	76	60	1.6078	1.9191	0.76299	1.8129	Noun	82	1	3.2109	1	19.67	4	10	1	low	low1	3	30	1	2	31	32	33	34	
7126	7125	galaxy	26515	339	152	232	137	6.6471	2.5315	1.8121	2.1847	Noun	336	0.99115	3.8233	3	29.6	6	0	1	high	high3	2	20	1	2	21	22	23	24	
13712	13711	privacy	50272	774	618	749	604	15.1765	2.8893	7.3677	2.7917	Noun	773	1	4.1811	3	44.67	7	1	1	high	high3	2	20	1	2	21	22	23	24	
17735	17734	theater	65809	1226	594	1059	537	24.0392	3.0888	7.0815	2.7745	Noun	1159	0.95234	4.3807	3	130	7	0	1	high	high3	2	20	1	2	21	22	23	24	
14329	14328	reaction	52475	830	653	803	638	16.2745	2.9196	7.7849	2.8156	Noun	831	1	4.2114	3	125.86	8	0	1	high	high3	2	20	1	2	21	22	23	24	
4892	4891	diaphragm	17987	105	69	97	66	2.0588	2.0253	0.8226	1.8451	Noun	105	1	3.3171	3	32.63	9	0	1	low	low3	4	40	1	2	41	42	43	44	
42	41	accountant	407	315	191	303	185	6.1765	2.4997	2.2771	2.2833	Noun	315	1	3.7915	3	38.89	10	0	1	high	high3	2	20	1	2	21	22	23	24	
7582	7581	grain	28067	243	179	233	172	4.7647	2.3874	2.134	2.2553	Noun	243	1	3.6792	1	44.25	5	5	1	high	high1	1	10	1	2	11	12	13	14	
2090	2089	breeze	7810	410	324	374	304	8.0392	2.6138	3.8627	2.5119	Noun	404	0.98537	3.9057	1	36	6	2	1	high	high1	1	10	1	2	11	12	13	14	
7230	7229	gauge	26830	112	92	111	91	2.1961	2.0531	1.0968	1.9685	Noun	102	0.91071	3.3449	1	24.5	5	2	1	low	low1	3	30	1	2	31	32	33	34	
13053	13052	pike	48074	234	79	41	37	4.5882	2.3711	0.94182	1.9031	Noun	182	0.77778	3.6629	1	15.67	4	8	1	high	high1	1	10	1	2	11	12	13	14	
3240	3239	cinch	11523	182	137	160	130	3.5686	2.2625	1.6333	2.1399	Noun	154	0.84615	3.5543	1	40.75	5	4	1	low	low1	3	30	1	2	31	32	33	34	
16201	16200	slime	59848	141	106	126	101	2.7647	2.1523	1.2637	2.0294	Noun	127	0.90071	3.4441	1	27.25	5	3	1	low	low1	3	30	1	2	31	32	33	34	
15561	15560	secrecy	57520	177	156	171	150	3.4706	2.2504	1.8598	2.1959	Noun	177	1	3.5423	3	38	7	0	1	low	low3	4	40	1	2	41	42	43	44	
4517	4516	dawn	16328	1301	692	818	604	25.5098	3.1146	8.2499	2.8407	Noun	812	0.62414	4.4064	1	16.33	4	8	1	high	high1	1	10	1	2	11	12	13	14	
3929	3928	coroner	14366	458	321	377	276	8.9804	2.6618	3.8269	2.5079	Noun	457	0.99782	3.9536	3	125.67	7	1	1	high	high3	2	20	1	2	21	22	23	24	
3626	3625	commission	12848	703	435	478	344	13.7843	2.8476	5.186	2.6395	Noun	679	0.96724	4.1394	3	111.44	10	0	1	high	high3	2	20	1	2	21	22	23	24	
10800	10799	medicine	39769	1744	1000	1552	941	34.1961	3.2418	11.9218	3.0004	Noun	1731	1	4.5336	3	158.43	8	0	1	high	high3	2	20	1	2	21	22	23	24	
16842	16841	stepfather	62355	151	89	139	86	2.9608	2.1818	1.061	1.9542	Noun	151	1	3.4737	3	46.67	10	0	1	low	low3	4	40	1	2	41	42	43	44	
16696	16695	stack	61943	311	269	279	249	6.098	2.4942	3.207	2.4314	Noun	221	0.71061	3.786	1	44	5	10	1	high	high1	1	10	1	2	11	12	13	14	
1743	1742	blueberry	6761	131	88	91	65	2.5686	2.1206	1.0491	1.9494	Noun	125	0.9542	3.4124	3	33.25	9	0	1	low	low3	4	40	1	2	41	42	43	44	
16510	16509	spawn	61144	93	56	68	54	1.8235	1.9731	0.66762	1.7559	Noun	58	0.63043	3.265	1	23.75	5	0	1	low	low1	3	30	1	2	31	32	33	34	
12141	12140	oppression	44690	76	63	75	63	1.4902	1.8865	0.75107	1.8062	Noun	76	1	3.1783	3	92.11	10	0	1	low	low3	4	40	1	2	41	42	43	44	
9815	9814	leadership	36647	249	197	232	187	4.8824	2.3979	2.3486	2.2967	Noun	249	1	3.6898	3	32.33	10	1	1	high	high3	2	20	1	2	21	22	23	24	
9078	9077	internet	33901	334	210	288	172	6.549	2.525	2.5036	2.3243	Noun	322	0.96988	3.8169	3	75.71	8	1	1	high	high3	2	20	1	2	21	22	23	24	
16656	16655	spur	61741	73	57	66	53	1.4314	1.8692	0.67954	1.7634	Noun	62	0.84932	3.1611	1	8.33	4	4	1	low	low1	3	30	1	2	31	32	33	34	
43	42	accounting	410	230	179	186	151	4.5098	2.3636	2.134	2.2553	Noun	180	0.78261	3.6554	3	175.33	10	0	1	high	high3	2	20	1	2	21	22	23	24	
2188	2187	brow	8107	94	78	94	78	1.8431	1.9777	0.9299	1.8976	Noun	94	1	3.2696	1	13.33	4	5	1	low	low1	3	30	1	2	31	32	33	34	
1491	1490	betrayal	5865	216	191	201	178	4.2353	2.3365	2.2771	2.2833	Noun	217	1	3.6283	3	44.29	8	0	1	low	low3	4	40	1	2	41	42	43	44	
16592	16591	splash	61478	215	170	179	151	4.2157	2.3345	2.0267	2.233	Noun	133	0.62441	3.6263	1	30.4	6	0	1	low	low1	3	30	1	2	31	32	33	34	
18604	18603	urge	70510	339	307	333	304	6.6471	2.5315	3.66	2.4886	Noun	232	0.68235	3.8233	1	4.67	4	0	1	high	high1	1	10	1	2	11	12	13	14	
15938	15937	shrimp	58860	444	246	384	215	8.7059	2.6484	2.9328	2.3927	Noun	444	1	3.9402	1	38.4	6	0	1	high	high1	1	10	1	2	11	12	13	14	
7553	7552	government	27983	3327	1523	3024	1423	65.2353	3.5222	18.1569	3.183	Noun	3320	0.9997	4.814	3	52.33	10	0	1	high	high3	2	20	1	2	21	22	23	24	
6613	6612	flame	24610	461	323	413	301	9.0392	2.6646	3.8507	2.5105	Noun	440	0.95652	3.9565	1	36.25	5	4	1	high	high1	1	10	1	2	11	12	13	14	
14124	14123	quiz	51844	252	155	226	144	4.9412	2.4031	1.8479	2.1931	Noun	231	0.92032	3.695	1	4.33	4	3	1	high	high1	1	10	1	2	11	12	13	14	
14623	14622	reporter	54101	1040	513	853	456	20.3922	3.0175	6.1159	2.711	Noun	1035	0.99711	4.3093	3	115.29	8	1	1	high	high3	2	20	1	2	21	22	23	24	
13790	13789	promotion	50579	557	391	535	382	10.9216	2.7466	4.6614	2.5933	Noun	557	1	4.0385	3	112.25	9	0	1	high	high3	2	20	1	2	21	22	23	24	
14267	14266	rap	52237	665	429	609	408	13.0392	2.8235	5.1144	2.6335	Noun	495	0.74773	4.1153	1	9.5	3	19	1	high	high1	1	10	1	2	11	12	13	14	
15136	15135	sacrifice	56070	913	647	857	628	17.902	2.9609	7.7134	2.8116	Noun	511	0.56031	4.2528	3	45.38	9	0	1	high	high3	2	20	1	2	21	22	23	24	
3004	3003	chap	10627	324	228	311	222	6.3529	2.5119	2.7182	2.3598	Noun	322	0.99077	3.8037	1	13	4	6	1	high	high1	1	10	1	2	11	12	13	14	
9999	9998	lieutenant	37177	5306	886	758	349	104.0392	3.7248	10.5627	2.9479	Noun	5275	0.99698	5.0167	3	39.78	10	0	1	high	high3	2	20	1	2	21	22	23	24	
15707	15706	sesame	58060	78	70	45	40	1.5294	1.8976	0.83453	1.8513	Noun	45	0.57692	3.1895	3	28.4	6	0	1	low	low3	4	40	1	2	41	42	43	44	
13607	13606	prejudice	49850	163	132	144	122	3.1961	2.2148	1.5737	2.1239	Noun	146	0.89571	3.5067	3	50.75	9	0	1	low	low3	4	40	1	2	41	42	43	44	
3795	3794	consultant	13767	187	142	179	137	3.6667	2.2742	1.6929	2.1553	Noun	187	1	3.566	3	71.67	10	0	1	low	low3	4	40	1	2	41	42	43	44	
12483	12482	pang	46097	81	31	15	13	1.5882	1.9138	0.36958	1.5051	Noun	57	0.7037	3.2056	1	35.67	4	13	1	low	low1	3	30	1	2	31	32	33	34	
17841	17840	tiara	66267	91	45	88	44	1.7843	1.9638	0.53648	1.6628	Noun	89	1	3.2556	3	25.5	5	0	1	low	low3	4	40	1	2	41	42	43	44	
10758	10757	maze	39614	130	79	106	71	2.549	2.1173	0.94182	1.9031	Noun	104	0.8	3.4091	1	16	4	11	1	low	low1	3	30	1	2	31	32	33	34	
17065	17064	stun	63137	96	67	83	61	1.8824	1.9868	0.79876	1.8325	Noun	61	0.63542	3.2786	1	6.67	4	4	1	low	low1	3	30	1	2	31	32	33	34	
14105	14104	quid	51755	161	75	146	67	3.1569	2.2095	0.89413	1.8808	Noun	161	1	3.5013	1	8.33	4	3	1	low	low1	3	30	1	2	31	32	33	34	
15341	15340	scan	56771	480	306	423	277	9.4118	2.6821	3.6481	2.4871	Noun	282	0.5875	3.974	1	8.67	4	4	1	high	high1	1	10	1	2	11	12	13	14	
6126	6125	exposure	23033	291	240	281	237	5.7059	2.4654	2.8612	2.382	Noun	290	1	3.7572	3	29.71	8	0	1	high	high3	2	20	1	2	21	22	23	24	
7413	7412	glimpse	27490	171	162	171	162	3.3529	2.2355	1.9313	2.2122	Noun	162	0.94737	3.5274	1	30.83	7	0	1	low	low1	3	30	1	2	31	32	33	34	
14291	14290	raspberry	52304	96	71	75	57	1.8824	1.9868	0.84645	1.8573	Noun	93	0.97895	3.2786	3	35.38	9	0	1	low	low3	4	40	1	2	41	42	43	44	
16706	16705	stag	61960	81	56	72	48	1.5882	1.9138	0.66762	1.7559	Noun	75	0.90361	3.2056	1	8.67	4	7	1	low	low1	3	30	1	2	31	32	33	34	
17298	17297	suspicion	64154	373	308	343	293	7.3137	2.5729	3.6719	2.49	Noun	368	0.98396	3.8647	3	66.38	9	0	1	high	high3	2	20	1	2	21	22	23	24	
9038	9037	instrument	33647	413	313	410	311	8.098	2.617	3.7315	2.4969	Noun	413	1	3.9088	3	70.56	10	0	1	high	high3	2	20	1	2	21	22	23	24	
2614	2613	canopy	9353	86	50	83	49	1.6863	1.9395	0.59609	1.7076	Noun	86	1	3.2314	3	46.8	6	0	1	low	low3	4	40	1	2	41	42	43	44	
6431	6430	fiasco	24077	83	70	82	69	1.6275	1.9243	0.83453	1.8513	Noun	84	1	3.2161	3	23	6	0	1	low	low3	4	40	1	2	41	42	43	44	
7768	7767	guardian	28689	358	247	309	225	7.0196	2.5551	2.9447	2.3945	Noun	358	1	3.8469	3	40.14	8	0	1	high	high3	2	20	1	2	21	22	23	24	
16484	16483	spade	61046	118	57	55	38	2.3137	2.0755	0.67954	1.7634	Noun	92	0.78632	3.3674	1	28.5	5	5	1	low	low1	3	30	1	2	31	32	33	34	
18238	18237	tribe	67659	325	192	321	191	6.3725	2.5132	2.289	2.2856	Noun	326	1	3.8051	1	31	5	4	1	high	high1	1	10	1	2	11	12	13	14	
11985	11984	objection	44086	1108	361	263	193	21.7255	3.0449	4.3038	2.5587	Noun	1098	1	4.3368	3	96.75	9	0	1	high	high3	2	20	1	2	21	22	23	24	
3678	3677	composer	13078	127	73	116	71	2.4902	2.1072	0.87029	1.8692	Noun	127	1	3.399	3	89.14	8	2	1	low	low3	4	40	1	2	41	42	43	44	
5320	5319	drain	19812	440	337	420	327	8.6275	2.6444	4.0176	2.5289	Noun	290	0.6576	3.9363	1	41.5	5	4	1	high	high1	1	10	1	2	11	12	13	14	
18936	18935	void	71602	209	160	200	157	4.098	2.3222	1.9075	2.2068	Noun	169	0.80861	3.6141	1	9	4	0	1	low	low1	3	30	1	2	31	32	33	34	
319	318	alphabet	1715	127	87	89	77	2.4902	2.1072	1.0372	1.9445	Noun	126	1	3.399	3	16.43	8	0	1	low	low3	4	40	1	2	41	42	43	44	
429	428	ancestor	2129	86	56	75	53	1.6863	1.9395	0.66762	1.7559	Noun	86	1	3.2314	3	41.43	8	0	1	low	low3	4	40	1	2	41	42	43	44	
10919	10918	meteor	40250	180	68	163	62	3.5294	2.2577	0.81068	1.8388	Noun	179	0.99444	3.5495	3	34.2	6	0	1	low	low3	4	40	1	2	41	42	43	44	
15425	15424	scoop	57060	289	210	245	195	5.6667	2.4624	2.5036	2.3243	Noun	183	0.63322	3.7542	1	21	5	4	1	high	high1	1	10	1	2	11	12	13	14	
19418	19417	wool	73458	161	131	153	123	3.1569	2.2095	1.5618	2.1206	Noun	161	1	3.5013	1	25.33	4	6	1	low	low1	3	30	1	2	31	32	33	34	
5796	5795	enemy	21550	2474	1229	2328	1193	48.5098	3.3936	14.6519	3.0899	Noun	2472	0.99919	4.6854	3	12	5	1	1	high	high3	2	20	1	2	21	22	23	24	
