numid|f	X|f	Word|s	Unnamed|f	FREQcount|f	Cdcount|f	FREQlow|f	Cdlow|f	SUBTLWF|f	Lg10WF|f	SUBTLCD|f	Lg10CD|f	Dom_PoS_SUBTLEX|s	Freq_dom_PoS_SUBTLEX|f	Percentage_dom_PoS|f	Zipfvalue|f	cmu_sylls|f	BF_TP|f	LEN_L|f	N|f	Zipfvalue_incl|f	Zipfvalue_cat|s	cond_name|s	cond_code|f	trigger_code|f	len|f	corr_resp|f	fix_code|f	word_code|f	delay_code|f	audioresp_code|f	
5067	16626	decks	130	130	99	128	98	2.549	2.1173	1.1803	2	Noun	130	1	3.4091	1	42.75	5	5	1	low	low1	3	30	1	2	31	32	33	34	
12154	40702	mines	316	316	192	295	179	6.1961	2.5011	2.289	2.2856	Noun	321	1	3.7929	1	92.25	5	19	1	high	high1	1	10	1	2	11	12	13	14	
5667	19227	dizziness	47	47	43	44	40	0.92157	1.6812	0.51264	1.6435	Noun	47	1	2.9731	3	78.75	9	0	1	low	low3	4	40	1	2	41	42	43	44	
11195	37697	locator	48	48	33	46	33	0.94118	1.6902	0.39342	1.5315	Noun	48	1	2.982	3	33	7	0	1	low	low3	4	40	1	2	41	42	43	44	
18777	63994	suppressor	9	9	3	8	3	0.17647	1	0.035765	0.60206	Noun	9	1	2.2918	3	32.67	10	0	1	low	low3	4	40	1	2	41	42	43	44	
9362	31197	hostages	494	494	170	487	168	9.6863	2.6946	2.0267	2.233	Noun	492	1	3.9864	3	108.29	8	0	1	high	high3	2	20	1	2	21	22	23	24	
2719	8873	cabinets	61	61	55	61	55	1.1961	1.7924	0.6557	1.7482	Noun	61	1	3.0842	3	75	8	0	1	low	low3	4	40	1	2	41	42	43	44	
20005	67955	trucks	503	503	321	481	308	9.8627	2.7024	3.8269	2.5079	Noun	503	1	3.9943	1	40.2	6	3	1	high	high1	1	10	1	2	11	12	13	14	
14329	47888	physicist	69	69	53	67	51	1.3529	1.8451	0.63186	1.7324	Noun	69	1	3.1369	3	36.63	9	0	1	low	low3	4	40	1	2	41	42	43	44	
12504	41832	motorboat	29	29	19	26	18	0.56863	1.4771	0.22651	1.301	Noun	29	1	2.769	3	27.75	9	0	1	low	low3	4	40	1	2	41	42	43	44	
6982	23725	favorites	200	200	182	199	181	3.9216	2.3032	2.1698	2.2625	Noun	199	1	3.595	3	101.25	9	0	1	low	low3	4	40	1	2	41	42	43	44	
1430	4577	balloonist	3	3	3	3	3	0.058824	0.60206	0.035765	0.60206	Noun	3	1	1.8939	3	36.22	10	0	1	low	low3	4	40	1	2	41	42	43	44	
4466	14811	cowl	5	5	5	5	5	0.098039	0.77815	0.059609	0.77815	Noun	5	1	2.07	1	19.67	4	8	1	low	low1	3	30	1	2	31	32	33	34	
11688	39229	marriages	199	199	162	192	158	3.902	2.301	1.9313	2.2122	Noun	199	1	3.5929	3	89.38	9	1	1	low	low3	4	40	1	2	41	42	43	44	
16712	56637	savannas	1	1	1	1	1	0.019608	0.30103	0.011922	0.30103	Noun	1	1	1.5929	3	26.14	8	0	1	low	low3	4	40	1	2	41	42	43	44	
11726	39363	massager	16	16	7	16	7	0.31373	1.2304	0.083453	0.90309	Noun	16	1	2.5223	3	63.86	8	1	1	low	low3	4	40	1	2	41	42	43	44	
4866	15996	cyst	22	22	17	22	17	0.43137	1.3617	0.20267	1.2553	Noun	22	1	2.6536	1	12.33	4	2	1	low	low1	3	30	1	2	31	32	33	34	
3435	10929	cheque	294	294	151	284	145	5.7647	2.4698	1.8002	2.1818	Noun	296	1	3.7617	1	25.8	6	0	1	high	high1	1	10	1	2	11	12	13	14	
8380	28099	grandbaby	10	10	9	10	9	0.19608	1.0414	0.1073	1	Noun	10	1	2.3332	3	25.38	9	0	1	low	low3	4	40	1	2	41	42	43	44	
11532	38739	males	134	134	113	123	106	2.6275	2.1303	1.3472	2.0569	Noun	134	1	3.4222	1	87	5	15	1	low	low1	3	30	1	2	31	32	33	34	
9756	32710	inclusion	10	10	9	10	9	0.19608	1.0414	0.1073	1	Noun	10	1	2.3332	3	89	9	0	1	low	low3	4	40	1	2	41	42	43	44	
15856	53246	referral	28	28	26	28	26	0.54902	1.4624	0.30997	1.4314	Noun	28	1	2.7542	3	86.14	8	0	1	low	low3	4	40	1	2	41	42	43	44	
3972	12681	columnist	51	51	36	49	34	1	1.716	0.42918	1.5682	Noun	51	1	3.0078	3	74.13	9	0	1	low	low3	4	40	1	2	41	42	43	44	
16234	55102	rift	55	55	40	50	38	1.0784	1.7482	0.47687	1.6128	Noun	55	1	3.04	1	13	4	6	1	low	low1	3	30	1	2	31	32	33	34	
279	986	aerosol	14	14	10	14	10	0.27451	1.1761	0.11922	1.0414	Noun	14	1	2.4679	3	25.83	7	0	1	low	low3	4	40	1	2	41	42	43	44	
5670	19249	doberman	21	21	21	2	2	0.41176	1.3424	0.25036	1.3424	Noun	21	1	2.6343	3	43.29	8	0	1	low	low3	4	40	1	2	41	42	43	44	
15258	50866	provider	74	74	67	67	64	1.451	1.8751	0.79876	1.8325	Noun	74	1	3.1669	3	82.86	8	2	1	low	low3	4	40	1	2	41	42	43	44	
10995	37120	libraries	35	35	33	31	29	0.68627	1.5563	0.39342	1.5315	Noun	35	1	2.8481	3	104.88	9	0	1	low	low3	4	40	1	2	41	42	43	44	
1032	3283	artisan	5	5	5	5	5	0.098039	0.77815	0.059609	0.77815	Noun	5	1	2.07	3	24.33	7	0	1	low	low3	4	40	1	2	41	42	43	44	
16287	55291	riverbed	22	22	15	22	15	0.43137	1.3617	0.17883	1.2041	Noun	20	1	2.6536	3	160.86	8	0	1	low	low3	4	40	1	2	41	42	43	44	
19138	65169	taxicabs	9	9	9	7	7	0.17647	1	0.1073	1	Noun	9	1	2.2918	3	16.43	8	0	1	low	low3	4	40	1	2	41	42	43	44	
8857	29546	harn	3	3	2	3	2	0.058824	0.60206	0.023844	0.47712	Noun	1	1	1.8939	1	36	4	13	1	low	low1	3	30	1	2	31	32	33	34	
3701	11866	cleat	22	22	11	15	11	0.43137	1.3617	0.13114	1.0792	Noun	22	1	2.6536	1	32	5	6	1	low	low1	3	30	1	2	31	32	33	34	
19086	64999	tapestry	36	36	27	34	26	0.70588	1.5682	0.32189	1.4472	Noun	36	1	2.86	3	43.86	8	0	1	low	low3	4	40	1	2	41	42	43	44	
18612	63380	subscriber	21	21	15	21	15	0.41176	1.3424	0.17883	1.2041	Noun	21	1	2.6343	3	35.78	10	1	1	low	low3	4	40	1	2	41	42	43	44	
9646	32110	illnesses	35	35	34	34	33	0.68627	1.5563	0.40534	1.5441	Noun	35	1	2.8481	3	77.25	9	0	1	low	low3	4	40	1	2	41	42	43	44	
1109	3518	assortment	37	37	34	37	34	0.72549	1.5798	0.40534	1.5441	Noun	37	1	2.8716	3	45.56	10	0	1	low	low3	4	40	1	2	41	42	43	44	
12052	40444	middleman	41	41	38	41	38	0.80392	1.6232	0.45303	1.5911	Noun	41	1	2.9151	3	21	9	1	1	low	low3	4	40	1	2	41	42	43	44	
16873	57128	scourge	67	67	50	48	39	1.3137	1.8325	0.59609	1.7076	Noun	67	1	3.1243	1	35.17	7	0	1	low	low1	3	30	1	2	31	32	33	34	
14909	49469	potency	24	24	24	23	23	0.47059	1.3979	0.28612	1.3979	Noun	24	1	2.6898	3	39.17	7	0	1	low	low3	4	40	1	2	41	42	43	44	
3212	10231	ceasefire	15	15	11	12	8	0.29412	1.2041	0.13114	1.0792	Noun	15	1	2.496	3	33.25	9	0	1	low	low3	4	40	1	2	41	42	43	44	
2241	7337	borrower	4	4	4	4	4	0.078431	0.69897	0.047687	0.69897	Noun	4	1	1.9908	3	63.71	8	1	1	low	low3	4	40	1	2	41	42	43	44	
20220	68761	unbutton	38	38	28	28	20	0.7451	1.5911	0.33381	1.4624	Noun	38	1	2.8829	3	39.71	8	0	1	low	low3	4	40	1	2	41	42	43	44	
18641	63501	successor	85	85	67	84	67	1.6667	1.9345	0.79876	1.8325	Noun	85	1	3.2263	3	41.38	9	0	1	low	low3	4	40	1	2	41	42	43	44	
16446	55835	ruff	27	27	13	10	6	0.52941	1.4472	0.15498	1.1461	Noun	27	1	2.739	1	11	4	6	1	low	low1	3	30	1	2	31	32	33	34	
12067	40473	midsection	19	19	17	18	16	0.37255	1.301	0.20267	1.2553	Noun	18	1	2.5929	3	119.56	10	0	1	low	low3	4	40	1	2	41	42	43	44	
10948	36991	letterhead	21	21	19	21	19	0.41176	1.3424	0.22651	1.301	Noun	21	1	2.6343	3	29.33	10	0	1	low	low3	4	40	1	2	41	42	43	44	
6821	23232	eyeliner	52	52	37	51	37	1.0196	1.7243	0.44111	1.5798	Noun	51	1	3.0161	3	74.29	8	0	1	low	low3	4	40	1	2	41	42	43	44	
13089	43802	noun	27	27	24	20	19	0.52941	1.4472	0.28612	1.3979	Noun	27	1	2.739	1	13	4	2	1	low	low1	3	30	1	2	31	32	33	34	
12888	43111	newcomer	55	55	43	48	37	1.0784	1.7482	0.51264	1.6435	Noun	55	1	3.04	3	41.29	8	0	1	low	low3	4	40	1	2	41	42	43	44	
10328	35095	jubilee	41	41	23	15	13	0.80392	1.6232	0.2742	1.3802	Noun	41	1	2.9151	3	61.33	7	0	1	low	low3	4	40	1	2	41	42	43	44	
3722	11930	cliffs	111	111	87	87	73	2.1765	2.0492	1.0372	1.9445	Noun	110	1	3.3411	1	24.2	6	0	1	low	low1	3	30	1	2	31	32	33	34	
4728	15622	cucumber	101	101	72	97	71	1.9804	2.0086	0.85837	1.8633	Noun	101	1	3.3004	3	37	8	0	1	low	low3	4	40	1	2	41	42	43	44	
6371	21402	enchanter	1	1	1	1	1	0.019608	0.30103	0.011922	0.30103	Noun	1	1	1.5929	3	81.38	9	1	1	low	low3	4	40	1	2	41	42	43	44	
14375	48003	pie	1466	1466	790	1273	751	28.7451	3.1664	9.4182	2.8982	Noun	1465	1	4.4583	1	6	3	11	1	high	high1	1	10	1	2	11	12	13	14	
7592	25614	forts	20	20	17	17	16	0.39216	1.3222	0.20267	1.2553	Noun	20	1	2.6141	1	60.25	5	8	1	low	low1	3	30	1	2	31	32	33	34	
6526	22070	equity	67	67	47	53	38	1.3137	1.8325	0.56032	1.6812	Noun	67	1	3.1243	3	28.8	6	0	1	low	low3	4	40	1	2	41	42	43	44	
17621	59575	skits	5	5	5	5	5	0.098039	0.77815	0.059609	0.77815	Noun	5	1	2.07	1	45.5	5	8	1	low	low1	3	30	1	2	31	32	33	34	
12880	43077	neutralist	1	1	1	1	1	0.019608	0.30103	0.011922	0.30103	Noun	1	1	1.5929	3	49.44	10	1	1	low	low3	4	40	1	2	41	42	43	44	
292	1023	affection	431	431	334	419	330	8.451	2.6355	3.9819	2.525	Noun	430	1	3.9273	3	100.75	9	0	1	high	high3	2	20	1	2	21	22	23	24	
5521	18366	directive	90	90	65	78	58	1.7647	1.959	0.77492	1.8195	Noun	90	1	3.2509	3	97.88	9	0	1	low	low3	4	40	1	2	41	42	43	44	
8002	26984	genes	147	147	118	141	114	2.8824	2.1703	1.4068	2.0755	Noun	147	1	3.4621	1	79.5	5	2	1	low	low1	3	30	1	2	31	32	33	34	
19901	67642	triangle	218	218	125	138	88	4.2745	2.3404	1.4902	2.1004	Noun	217	1	3.6323	3	52.57	8	0	1	low	low3	4	40	1	2	41	42	43	44	
18842	64237	swans	65	65	36	59	33	1.2745	1.8195	0.42918	1.5682	Noun	65	1	3.1114	1	38.75	5	4	1	low	low1	3	30	1	2	31	32	33	34	
10792	36521	launderer	3	3	3	3	3	0.058824	0.60206	0.035765	0.60206	Noun	3	1	1.8939	3	57	9	1	1	low	low3	4	40	1	2	41	42	43	44	
13654	45821	packagers	1	1	1	1	1	0.019608	0.30103	0.011922	0.30103	Noun	1	1	1.5929	3	59	9	0	1	low	low3	4	40	1	2	41	42	43	44	
5631	19070	distortion	60	60	52	60	52	1.1765	1.7853	0.61993	1.7243	Noun	60	1	3.0772	3	138.78	10	0	1	low	low3	4	40	1	2	41	42	43	44	
16415	55761	royalist	1	1	1	1	1	0.019608	0.30103	0.011922	0.30103	Noun	1	1	1.5929	3	72.57	8	1	1	low	low3	4	40	1	2	41	42	43	44	
8570	28750	guides	91	91	74	82	68	1.7843	1.9638	0.88221	1.8751	Noun	91	1	3.2556	1	105.2	6	3	1	low	low1	3	30	1	2	31	32	33	34	
12594	42071	mulch	22	22	15	21	15	0.43137	1.3617	0.17883	1.2041	Noun	22	1	2.6536	1	29.25	5	2	1	low	low1	3	30	1	2	31	32	33	34	
4298	14272	cords	86	86	73	85	73	1.6863	1.9395	0.87029	1.8692	Noun	86	1	3.2314	1	50.25	5	10	1	low	low1	3	30	1	2	31	32	33	34	
5301	17676	detachment	65	65	49	54	41	1.2745	1.8195	0.58417	1.699	Noun	65	1	3.1114	3	53.22	10	0	1	low	low3	4	40	1	2	41	42	43	44	
3670	11756	clarinet	80	80	36	73	36	1.5686	1.9085	0.42918	1.5682	Noun	80	1	3.2003	3	76.71	8	0	1	low	low3	4	40	1	2	41	42	43	44	
1091	3453	assembly	245	245	166	200	146	4.8039	2.3909	1.979	2.2227	Noun	245	1	3.6828	3	56.29	8	1	1	high	high3	2	20	1	2	21	22	23	24	
11020	37200	lifesavers	8	8	8	3	3	0.15686	0.95424	0.095374	0.95424	Noun	8	1	2.2461	3	31	10	0	1	low	low3	4	40	1	2	41	42	43	44	
18869	64315	sweetener	14	14	11	11	10	0.27451	1.1761	0.13114	1.0792	Noun	14	1	2.4679	3	52	9	1	1	low	low3	4	40	1	2	41	42	43	44	
6437	21736	ensemble	57	57	48	49	43	1.1176	1.7634	0.57225	1.6902	Noun	57	1	3.0553	3	48	8	0	1	low	low3	4	40	1	2	41	42	43	44	
932	2971	archery	40	40	22	33	20	0.78431	1.6128	0.26228	1.3617	Noun	40	1	2.9046	3	80	7	1	1	low	low3	4	40	1	2	41	42	43	44	
10021	33899	internees	2	2	2	2	2	0.039216	0.47712	0.023844	0.47712	Noun	2	1	1.769	3	121.88	9	0	1	low	low3	4	40	1	2	41	42	43	44	
18449	62722	storminess	1	1	1	1	1	0.019608	0.30103	0.011922	0.30103	Noun	1	1	1.5929	3	49.56	10	0	1	low	low3	4	40	1	2	41	42	43	44	
11001	37131	lice	109	109	61	97	57	2.1373	2.0414	0.72723	1.7924	Noun	109	1	3.3332	1	20.67	4	13	1	low	low1	3	30	1	2	31	32	33	34	
12018	40320	mexicans	117	117	88	4	2	2.2941	2.0719	1.0491	1.9494	Noun	116	1	3.3637	3	41.14	8	0	1	low	low3	4	40	1	2	41	42	43	44	
9946	33511	insertion	32	32	22	30	22	0.62745	1.5185	0.26228	1.3617	Noun	32	1	2.8103	3	138.88	9	0	1	low	low3	4	40	1	2	41	42	43	44	
14167	47236	percussion	29	29	22	23	17	0.56863	1.4771	0.26228	1.3617	Noun	29	1	2.769	3	90.78	10	0	1	low	low3	4	40	1	2	41	42	43	44	
9989	33685	insurers	3	3	3	3	3	0.058824	0.60206	0.035765	0.60206	Noun	3	1	1.8939	3	98.57	8	0	1	low	low3	4	40	1	2	41	42	43	44	
13688	45898	pails	6	6	6	6	6	0.11765	0.8451	0.071531	0.8451	Noun	6	1	2.1369	1	54	5	10	1	low	low1	3	30	1	2	31	32	33	34	
17177	58050	services	1053	1053	793	732	608	20.6471	3.0228	9.454	2.8998	Noun	1056	1	4.3147	3	108.57	8	1	1	high	high3	2	20	1	2	21	22	23	24	
5543	18515	disclaimer	4	4	4	4	4	0.078431	0.69897	0.047687	0.69897	Noun	4	1	1.9908	3	48.89	10	1	1	low	low3	4	40	1	2	41	42	43	44	
15873	53315	reformer	11	11	9	11	9	0.21569	1.0792	0.1073	1	Noun	11	1	2.371	3	85.14	8	1	1	low	low3	4	40	1	2	41	42	43	44	
6032	20261	dumps	137	137	121	131	117	2.6863	2.1399	1.4425	2.0864	Noun	137	1	3.4317	1	31.75	5	7	1	low	low1	3	30	1	2	31	32	33	34	
16530	56086	sacs	12	12	11	11	10	0.23529	1.1139	0.13114	1.0792	Noun	12	1	2.4058	1	17	4	6	1	low	low1	3	30	1	2	31	32	33	34	
15647	52147	rampages	2	2	2	2	2	0.039216	0.47712	0.023844	0.47712	Noun	2	1	1.769	3	96.43	8	0	1	low	low3	4	40	1	2	41	42	43	44	
11172	37647	loaves	28	28	23	27	23	0.54902	1.4624	0.2742	1.3802	Noun	28	1	2.7542	1	102.8	6	1	1	low	low1	3	30	1	2	31	32	33	34	
2334	7636	bran	67	67	47	45	38	1.3137	1.8325	0.56032	1.6812	Noun	67	1	3.1243	1	19	4	7	1	low	low1	3	30	1	2	31	32	33	34	
8326	27940	gossipers	3	3	2	3	2	0.058824	0.60206	0.023844	0.47712	Noun	3	1	1.8939	3	50.38	9	0	1	low	low3	4	40	1	2	41	42	43	44	
11401	38320	luxuries	25	25	24	25	24	0.4902	1.415	0.28612	1.3979	Noun	24	1	2.7068	3	111.43	8	0	1	low	low3	4	40	1	2	41	42	43	44	
5880	19829	dramatics	16	16	16	16	16	0.31373	1.2304	0.19075	1.2304	Noun	16	1	2.5223	3	83.88	9	0	1	low	low3	4	40	1	2	41	42	43	44	
10423	35461	keratin	2	2	1	2	1	0.039216	0.47712	0.011922	0.30103	Noun	2	1	1.769	3	46.5	7	0	1	low	low3	4	40	1	2	41	42	43	44	
18807	64116	surveyor	13	13	12	12	11	0.2549	1.1461	0.14306	1.1139	Noun	13	1	2.438	3	34	8	1	1	low	low3	4	40	1	2	41	42	43	44	
19776	67120	toys	674	674	437	607	412	13.2157	2.8293	5.2098	2.6415	Noun	675	1	4.1211	1	16.33	4	10	1	high	high1	1	10	1	2	11	12	13	14	
20146	68375	twinge	26	26	23	26	23	0.5098	1.4314	0.2742	1.3802	Noun	26	1	2.7232	1	30.2	6	0	1	low	low1	3	30	1	2	31	32	33	34	
2408	7891	briefcases	15	15	11	15	11	0.29412	1.2041	0.13114	1.0792	Noun	15	1	2.496	3	56.11	10	0	1	low	low3	4	40	1	2	41	42	43	44	
17942	60877	sores	60	60	41	40	39	1.1765	1.7853	0.48879	1.6232	Noun	59	1	3.0772	1	90.25	5	6	1	low	low1	3	30	1	2	31	32	33	34	
9439	31389	hues	9	9	9	7	7	0.17647	1	0.1073	1	Noun	9	1	2.2918	1	18.33	4	6	1	low	low1	3	30	1	2	31	32	33	34	
20859	71920	walruses	1	1	1	1	1	0.019608	0.30103	0.011922	0.30103	Noun	1	1	1.5929	3	92.29	8	0	1	low	low3	4	40	1	2	41	42	43	44	
9867	33254	ingenue	15	15	13	15	13	0.29412	1.2041	0.15498	1.1461	Noun	15	1	2.496	3	31.5	7	0	1	low	low3	4	40	1	2	41	42	43	44	
17925	60821	soot	55	55	35	44	31	1.0784	1.7482	0.41726	1.5563	Noun	55	1	3.04	1	33	4	16	1	low	low1	3	30	1	2	31	32	33	34	
4082	13216	concertos	2	2	2	0	0	0.039216	0.47712	0.023844	0.47712	Noun	2	1	1.769	3	82.88	9	0	1	low	low3	4	40	1	2	41	42	43	44	
13702	45941	pajamas	297	297	205	280	198	5.8235	2.4742	2.444	2.3139	Noun	296	1	3.7661	3	26.67	7	1	1	high	high3	2	20	1	2	21	22	23	24	
65	238	absorption	18	18	17	16	15	0.35294	1.2788	0.20267	1.2553	Noun	18	1	2.5706	3	107.78	10	0	1	low	low3	4	40	1	2	41	42	43	44	
3022	9736	carotene	7	7	2	7	2	0.13725	0.90309	0.023844	0.47712	Noun	7	1	2.1949	3	71.57	8	0	1	low	low3	4	40	1	2	41	42	43	44	
9848	33190	infliction	14	14	12	14	12	0.27451	1.1761	0.14306	1.1139	Noun	14	1	2.4679	3	140.56	10	1	1	low	low3	4	40	1	2	41	42	43	44	
17175	58048	serviceman	8	8	7	8	7	0.15686	0.95424	0.083453	0.90309	Noun	8	1	2.2461	3	25.67	10	1	1	low	low3	4	40	1	2	41	42	43	44	
11827	39719	medalist	4	4	4	4	4	0.078431	0.69897	0.047687	0.69897	Noun	4	1	1.9908	3	80.43	8	0	1	low	low3	4	40	1	2	41	42	43	44	
11444	38492	madrigals	1	1	1	1	1	0.019608	0.30103	0.011922	0.30103	Noun	1	1	1.5929	3	34.5	9	0	1	low	low3	4	40	1	2	41	42	43	44	
7175	24372	firearm	76	76	66	74	66	1.4902	1.8865	0.78684	1.8261	Noun	75	1	3.1783	3	40.5	7	1	1	low	low3	4	40	1	2	41	42	43	44	
9822	33098	infarction	14	14	12	14	12	0.27451	1.1761	0.14306	1.1139	Noun	14	1	2.4679	3	131.11	10	0	1	low	low3	4	40	1	2	41	42	43	44	
11659	39152	marimba	2	2	2	2	2	0.039216	0.47712	0.023844	0.47712	Noun	2	1	1.769	3	56	7	0	1	low	low3	4	40	1	2	41	42	43	44	
15245	50818	protocol	382	382	265	360	258	7.4902	2.5832	3.1593	2.4249	Noun	382	1	3.875	3	49	8	0	1	high	high3	2	20	1	2	21	22	23	24	
8998	29944	heats	31	31	28	31	28	0.60784	1.5051	0.33381	1.4624	Noun	32	1	2.797	1	67.75	5	10	1	low	low1	3	30	1	2	31	32	33	34	
6455	21842	entrances	58	58	48	58	48	1.1373	1.7709	0.57225	1.6902	Noun	58	1	3.0627	3	88.38	9	1	1	low	low3	4	40	1	2	41	42	43	44	
6817	23226	eyelashes	62	62	44	52	43	1.2157	1.7993	0.52456	1.6532	Noun	62	1	3.0912	3	62.13	9	0	1	low	low3	4	40	1	2	41	42	43	44	
15897	53425	regimen	40	40	36	38	35	0.78431	1.6128	0.42918	1.5682	Noun	40	1	2.9046	3	62	7	1	1	low	low3	4	40	1	2	41	42	43	44	
13102	43829	novelty	85	85	72	80	67	1.6667	1.9345	0.85837	1.8633	Noun	85	1	3.2263	3	27	7	0	1	low	low3	4	40	1	2	41	42	43	44	
13860	46362	parenthood	40	40	36	30	27	0.78431	1.6128	0.42918	1.5682	Noun	40	1	2.9046	3	34.33	10	0	1	low	low3	4	40	1	2	41	42	43	44	
7683	25962	freshener	20	20	18	20	18	0.39216	1.3222	0.21459	1.2788	Noun	20	1	2.6141	3	61	9	1	1	low	low3	4	40	1	2	41	42	43	44	
8286	27817	gondolas	5	5	4	4	3	0.098039	0.77815	0.047687	0.69897	Noun	5	1	2.07	3	35.29	8	0	1	low	low3	4	40	1	2	41	42	43	44	
9752	32698	inclement	8	8	8	8	8	0.15686	0.95424	0.095374	0.95424	Noun	8	1	2.2461	3	75.75	9	1	1	low	low3	4	40	1	2	41	42	43	44	
574	1827	amazons	9	9	6	0	0	0.17647	1	0.071531	0.8451	Noun	9	1	2.2918	3	38.83	7	0	1	low	low3	4	40	1	2	41	42	43	44	
2021	6643	blonds	35	35	25	30	21	0.68627	1.5563	0.29804	1.415	Noun	35	1	2.8481	1	39.4	6	3	1	low	low1	3	30	1	2	31	32	33	34	
15144	50395	prodigal	57	57	51	50	46	1.1176	1.7634	0.60801	1.716	Noun	57	1	3.0553	3	64	8	0	1	low	low3	4	40	1	2	41	42	43	44	
1810	5897	beverage	119	119	99	112	92	2.3333	2.0792	1.1803	2	Noun	119	1	3.371	3	63.57	8	1	1	low	low3	4	40	1	2	41	42	43	44	
9668	32212	immersion	6	6	5	6	5	0.11765	0.8451	0.059609	0.77815	Noun	6	1	2.1369	3	89.88	9	0	1	low	low3	4	40	1	2	41	42	43	44	
6919	23506	fangs	91	91	63	80	58	1.7843	1.9638	0.75107	1.8062	Noun	91	1	3.2556	1	40.75	5	4	1	low	low1	3	30	1	2	31	32	33	34	
6650	22469	evasion	59	59	48	57	48	1.1569	1.7782	0.57225	1.6902	Noun	59	1	3.07	3	47.67	7	0	1	low	low3	4	40	1	2	41	42	43	44	
9970	33587	installers	1	1	1	1	1	0.019608	0.30103	0.011922	0.30103	Noun	1	1	1.5929	3	65.78	10	0	1	low	low3	4	40	1	2	41	42	43	44	
5312	17703	detergent	52	52	43	49	41	1.0196	1.7243	0.51264	1.6435	Noun	52	1	3.0161	3	89.38	9	1	1	low	low3	4	40	1	2	41	42	43	44	
20104	68240	turnover	30	30	25	25	20	0.58824	1.4914	0.29804	1.415	Noun	30	1	2.7832	3	49.14	8	0	1	low	low3	4	40	1	2	41	42	43	44	
20388	70558	usefulness	28	28	24	28	24	0.54902	1.4624	0.28612	1.3979	Noun	28	1	2.7542	3	33.33	10	0	1	low	low3	4	40	1	2	41	42	43	44	
10805	36570	lawmaker	3	3	3	2	2	0.058824	0.60206	0.035765	0.60206	Noun	3	1	1.8939	3	39.43	8	0	1	low	low3	4	40	1	2	41	42	43	44	
9520	31666	hydration	7	7	7	6	6	0.13725	0.90309	0.083453	0.90309	Noun	7	1	2.1949	3	103.75	9	0	1	low	low3	4	40	1	2	41	42	43	44	
14721	48931	policies	157	157	118	153	116	3.0784	2.1987	1.4068	2.0755	Noun	156	1	3.4905	3	123.14	8	1	1	low	low3	4	40	1	2	41	42	43	44	
21381	73719	wrongdoer	1	1	1	1	1	0.019608	0.30103	0.011922	0.30103	Noun	1	1	1.5929	3	32.88	9	0	1	low	low3	4	40	1	2	41	42	43	44	
14159	47211	percentile	33	33	23	33	23	0.64706	1.5315	0.2742	1.3802	Noun	33	1	2.8233	3	96.89	10	0	1	low	low3	4	40	1	2	41	42	43	44	
8449	28327	greenery	7	7	7	7	7	0.13725	0.90309	0.083453	0.90309	Noun	7	1	2.1949	3	106.57	8	0	1	low	low3	4	40	1	2	41	42	43	44	
21399	73809	yak	71	71	41	59	39	1.3922	1.8573	0.48879	1.6232	Noun	71	1	3.1492	1	2.5	3	3	1	low	low1	3	30	1	2	31	32	33	34	
7200	24427	firewood	77	77	65	72	62	1.5098	1.8921	0.77492	1.8195	Noun	77	1	3.1839	3	35.14	8	0	1	low	low3	4	40	1	2	41	42	43	44	
4096	13284	condenser	7	7	4	7	4	0.13725	0.90309	0.047687	0.69897	Noun	7	1	2.1949	3	96.88	9	1	1	low	low3	4	40	1	2	41	42	43	44	
10804	36561	lawbreaker	7	7	7	7	7	0.13725	0.90309	0.083453	0.90309	Noun	7	1	2.1949	3	20.33	10	0	1	low	low3	4	40	1	2	41	42	43	44	
11258	37853	longitude	42	42	37	34	30	0.82353	1.6335	0.44111	1.5798	Noun	41	1	2.9253	3	41.25	9	0	1	low	low3	4	40	1	2	41	42	43	44	
12418	41568	moods	108	108	90	102	86	2.1176	2.0374	1.073	1.959	Noun	108	1	3.3293	1	44.75	5	7	1	low	low1	3	30	1	2	31	32	33	34	
2640	8630	burrower	3	3	1	2	1	0.058824	0.60206	0.011922	0.30103	Noun	3	1	1.8939	3	56.43	8	2	1	low	low3	4	40	1	2	41	42	43	44	
2172	7149	bonuses	36	36	31	34	29	0.70588	1.5682	0.36958	1.5051	Noun	36	1	2.86	3	124.67	7	0	1	low	low3	4	40	1	2	41	42	43	44	
18074	61343	sphinx	52	52	31	18	15	1.0196	1.7243	0.36958	1.5051	Noun	52	1	3.0161	1	63.6	6	0	1	low	low1	3	30	1	2	31	32	33	34	
17883	60682	soles	47	47	40	46	39	0.92157	1.6812	0.47687	1.6128	Noun	47	1	2.9731	1	82.25	5	9	1	low	low1	3	30	1	2	31	32	33	34	
16381	55638	rote	6	6	5	6	5	0.11765	0.8451	0.059609	0.77815	Noun	6	1	2.1369	1	23.33	4	15	1	low	low1	3	30	1	2	31	32	33	34	
13750	46085	pane	24	24	21	23	20	0.47059	1.3979	0.25036	1.3424	Noun	24	1	2.6898	1	37	4	17	1	low	low1	3	30	1	2	31	32	33	34	
3029	9753	carpentry	23	23	22	19	19	0.45098	1.3802	0.26228	1.3617	Noun	22	1	2.672	3	65.25	9	0	1	low	low3	4	40	1	2	41	42	43	44	
6990	23790	feats	24	24	20	24	20	0.47059	1.3979	0.23844	1.3222	Noun	24	1	2.6898	1	67.25	5	7	1	low	low1	3	30	1	2	31	32	33	34	
991	3160	arousal	19	19	15	16	12	0.37255	1.301	0.17883	1.2041	Noun	19	1	2.5929	3	53.17	7	0	1	low	low3	4	40	1	2	41	42	43	44	
12098	40557	militants	12	12	8	8	7	0.23529	1.1139	0.095374	0.95424	Noun	12	1	2.4058	3	57.5	9	0	1	low	low3	4	40	1	2	41	42	43	44	
13594	45505	overlord	21	21	10	3	3	0.41176	1.3424	0.11922	1.0414	Noun	21	1	2.6343	3	46	8	1	1	low	low3	4	40	1	2	41	42	43	44	
16163	54817	reversal	57	57	46	56	45	1.1176	1.7634	0.5484	1.6721	Noun	57	1	3.0553	3	88.43	8	0	1	low	low3	4	40	1	2	41	42	43	44	
7739	26153	fruit	1108	1108	715	994	661	21.7255	3.0449	8.5241	2.8549	Noun	1108	1	4.3368	1	19.5	5	0	1	high	high1	1	10	1	2	11	12	13	14	
9795	32980	inducement	13	13	12	13	12	0.2549	1.1461	0.14306	1.1139	Noun	13	1	2.438	3	62.44	10	0	1	low	low3	4	40	1	2	41	42	43	44	
11332	38098	loyalists	5	5	4	4	3	0.098039	0.77815	0.047687	0.69897	Noun	5	1	2.07	3	39.88	9	0	1	low	low3	4	40	1	2	41	42	43	44	
15810	52989	recruiter	35	35	26	34	26	0.68627	1.5563	0.30997	1.4314	Noun	35	1	2.8481	3	93.88	9	1	1	low	low3	4	40	1	2	41	42	43	44	
3598	11486	churns	9	9	7	8	7	0.17647	1	0.083453	0.90309	Noun	9	1	2.2918	1	36.2	6	0	1	low	low1	3	30	1	2	31	32	33	34	
12982	43369	nitrogen	61	61	45	51	38	1.1961	1.7924	0.53648	1.6628	Noun	61	1	3.0842	3	34.43	8	0	1	low	low3	4	40	1	2	41	42	43	44	
15078	50174	priests	247	247	144	220	135	4.8431	2.3945	1.7167	2.1614	Noun	247	1	3.6863	1	75.33	7	0	1	high	high1	1	10	1	2	11	12	13	14	
12386	41478	monologue	58	58	37	57	36	1.1373	1.7709	0.44111	1.5798	Noun	58	1	3.0627	3	34.25	9	0	1	low	low3	4	40	1	2	41	42	43	44	
7591	25613	fortresses	11	11	9	7	6	0.21569	1.0792	0.1073	1	Noun	11	1	2.371	3	75.44	10	0	1	low	low3	4	40	1	2	41	42	43	44	
12423	41596	moons	120	120	75	109	72	2.3529	2.0828	0.89413	1.8808	Noun	121	1	3.3746	1	49.5	5	5	1	low	low1	3	30	1	2	31	32	33	34	
2709	8855	cabaret	115	115	44	78	35	2.2549	2.0645	0.52456	1.6532	Noun	115	1	3.3563	3	52.5	7	0	1	low	low3	4	40	1	2	41	42	43	44	
13822	46245	parakeets	6	6	6	5	5	0.11765	0.8451	0.071531	0.8451	Noun	6	1	2.1369	3	49	9	0	1	low	low3	4	40	1	2	41	42	43	44	
10150	34454	italians	19	19	14	2	2	0.37255	1.301	0.16691	1.1761	Noun	19	1	2.5929	3	43.14	8	0	1	low	low3	4	40	1	2	41	42	43	44	
15998	53981	rep	263	263	173	239	165	5.1569	2.4216	2.0625	2.2405	Noun	256	1	3.7134	1	4	3	8	1	high	high1	1	10	1	2	11	12	13	14	
4192	13841	contender	49	49	43	48	42	0.96078	1.699	0.51264	1.6435	Noun	50	1	2.9908	3	102.13	9	1	1	low	low3	4	40	1	2	41	42	43	44	
4341	14367	coroners	6	6	6	6	6	0.11765	0.8451	0.071531	0.8451	Noun	6	1	2.1369	3	128.29	8	0	1	low	low3	4	40	1	2	41	42	43	44	
14312	47812	phosphorus	34	34	19	30	16	0.66667	1.5441	0.22651	1.301	Noun	34	1	2.8359	3	24.44	10	0	1	low	low3	4	40	1	2	41	42	43	44	
19199	65374	telepath	8	8	4	8	4	0.15686	0.95424	0.047687	0.69897	Noun	8	1	2.2461	3	37.57	8	0	1	low	low3	4	40	1	2	41	42	43	44	
2920	9415	capes	16	16	16	14	14	0.31373	1.2304	0.19075	1.2304	Noun	16	1	2.5223	1	84	5	11	1	low	low1	3	30	1	2	31	32	33	34	
5298	17651	destinies	43	43	36	43	36	0.84314	1.6435	0.42918	1.5682	Noun	43	1	2.9353	3	134.38	9	0	1	low	low3	4	40	1	2	41	42	43	44	
2813	9131	calypsos	1	1	1	1	1	0.019608	0.30103	0.011922	0.30103	Noun	1	1	1.5929	3	21.86	8	0	1	low	low3	4	40	1	2	41	42	43	44	
14103	47059	penalties	47	47	45	45	43	0.92157	1.6812	0.53648	1.6628	Noun	47	1	2.9731	3	121.5	9	0	1	low	low3	4	40	1	2	41	42	43	44	
19867	67544	treasurer	57	57	30	49	27	1.1176	1.7634	0.35765	1.4914	Noun	57	1	3.0553	3	59.88	9	2	1	low	low3	4	40	1	2	41	42	43	44	
20471	70810	vans	53	53	47	48	43	1.0392	1.7324	0.56032	1.6812	Noun	53	1	3.0242	1	30.33	4	9	1	low	low1	3	30	1	2	31	32	33	34	
10324	35083	joys	70	70	60	63	57	1.3725	1.8513	0.71531	1.7853	Noun	78	1	3.1431	1	10	4	4	1	low	low1	3	30	1	2	31	32	33	34	
18373	62466	stiffener	4	4	4	4	4	0.078431	0.69897	0.047687	0.69897	Noun	3	1	1.9908	3	54.13	9	1	1	low	low3	4	40	1	2	41	42	43	44	
12757	42640	nationals	88	88	53	64	44	1.7255	1.9494	0.63186	1.7324	Noun	89	1	3.2412	3	39.88	9	0	1	low	low3	4	40	1	2	41	42	43	44	
2716	8868	cabernets	1	1	1	1	1	0.019608	0.30103	0.011922	0.30103	Noun	1	1	1.5929	3	64.88	9	0	1	low	low3	4	40	1	2	41	42	43	44	
3592	11465	chunks	95	95	85	91	82	1.8627	1.9823	1.0134	1.9345	Noun	96	1	3.2741	1	38.4	6	2	1	low	low1	3	30	1	2	31	32	33	34	
21067	72572	wharfs	1	1	1	1	1	0.019608	0.30103	0.011922	0.30103	Noun	1	1	1.5929	1	31.2	6	0	1	low	low1	3	30	1	2	31	32	33	34	
9389	31248	hots	74	74	67	71	65	1.451	1.8751	0.79876	1.8325	Noun	74	1	3.1669	1	28.67	4	12	1	low	low1	3	30	1	2	31	32	33	34	
21247	73307	wives	787	787	569	757	557	15.4314	2.8965	6.7835	2.7559	Noun	785	1	4.1884	1	84.75	5	10	1	high	high1	1	10	1	2	11	12	13	14	
8607	28829	gums	96	96	79	93	77	1.8824	1.9868	0.94182	1.9031	Noun	96	1	3.2786	1	15	4	8	1	low	low1	3	30	1	2	31	32	33	34	
19611	66662	toiletries	11	11	11	8	8	0.21569	1.0792	0.13114	1.0792	Noun	11	1	2.371	3	72.22	10	0	1	low	low3	4	40	1	2	41	42	43	44	
108	444	accuser	15	15	12	15	12	0.29412	1.2041	0.14306	1.1139	Noun	15	1	2.496	3	80.5	7	2	1	low	low3	4	40	1	2	41	42	43	44	
7169	24342	fingertips	84	84	73	80	71	1.6471	1.9294	0.87029	1.8692	Noun	84	1	3.2213	3	68.67	10	0	1	low	low3	4	40	1	2	41	42	43	44	
10809	36575	lawnmower	24	24	23	24	23	0.47059	1.3979	0.2742	1.3802	Noun	24	1	2.6898	3	21.5	9	0	1	low	low3	4	40	1	2	41	42	43	44	
