numid|f	X|f	Word|s	Unnamed|f	FREQcount|f	Cdcount|f	FREQlow|f	Cdlow|f	SUBTLWF|f	Lg10WF|f	SUBTLCD|f	Lg10CD|f	Dom_PoS_SUBTLEX|s	Freq_dom_PoS_SUBTLEX|f	Percentage_dom_PoS|f	Zipfvalue|f	cmu_sylls|f	BF_TP|f	LEN_L|f	N|f	Zipfvalue_incl|f	Zipfvalue_cat|s	cond_name|s	cond_code|f	trigger_code|f	len|f	corr_resp|f	fix_code|f	word_code|f	delay_code|f	audioresp_code|f	
13604	45636	overstock	2	2	2	2	2	0.039216	0.47712	0.023844	0.47712	Noun	2	1	1.769	3	39	9	0	1	low	low3	4	40	1	2	41	42	43	44	
1157	3693	atria	4	4	4	4	4	0.078431	0.69897	0.047687	0.69897	Noun	4	1	1.9908	3	7.25	5	0	1	low	low3	4	40	1	2	41	42	43	44	
9839	33144	infighting	12	12	12	11	11	0.23529	1.1139	0.14306	1.1139	Noun	12	1	2.4058	3	184.67	10	0	1	low	low3	4	40	1	2	41	42	43	44	
19058	64923	tangerines	8	8	8	6	6	0.15686	0.95424	0.095374	0.95424	Noun	8	1	2.2461	3	74.89	10	0	1	low	low3	4	40	1	2	41	42	43	44	
21350	73625	wranglers	11	11	8	6	5	0.21569	1.0792	0.095374	0.95424	Noun	11	1	2.371	3	65.88	9	0	1	low	low3	4	40	1	2	41	42	43	44	
1194	3839	auditor	24	24	15	23	14	0.47059	1.3979	0.17883	1.2041	Noun	24	1	2.6898	3	21.5	7	0	1	low	low3	4	40	1	2	41	42	43	44	
1775	5746	bere	1	1	1	1	1	0.019608	0.30103	0.011922	0.30103	Noun	1	1	1.5929	1	28	4	7	1	low	low1	3	30	1	2	31	32	33	34	
13915	46527	partridges	4	4	3	0	0	0.078431	0.69897	0.035765	0.60206	Noun	4	1	1.9908	3	65.67	10	1	1	low	low3	4	40	1	2	41	42	43	44	
9551	31810	hypnotist	41	41	23	34	22	0.80392	1.6232	0.2742	1.3802	Noun	39	1	2.9151	3	66.63	9	1	1	low	low3	4	40	1	2	41	42	43	44	
6424	21660	enjoyment	69	69	66	68	66	1.3529	1.8451	0.78684	1.8261	Noun	69	1	3.1369	3	45.75	9	0	1	low	low3	4	40	1	2	41	42	43	44	
2195	7208	bookseller	5	5	4	5	4	0.098039	0.77815	0.047687	0.69897	Noun	5	1	2.07	3	26.11	10	0	1	low	low3	4	40	1	2	41	42	43	44	
10709	36293	landscaper	19	19	14	19	14	0.37255	1.301	0.16691	1.1761	Noun	19	1	2.5929	3	32.22	10	2	1	low	low3	4	40	1	2	41	42	43	44	
16706	56620	sausages	130	130	83	106	77	2.549	2.1173	0.98951	1.9243	Noun	130	1	3.4091	3	90.43	8	0	1	low	low3	4	40	1	2	41	42	43	44	
13144	43949	nunnery	23	23	17	23	17	0.45098	1.3802	0.20267	1.2553	Noun	23	1	2.672	3	94.83	7	1	1	low	low3	4	40	1	2	41	42	43	44	
9801	32993	inductor	3	3	2	3	2	0.058824	0.60206	0.023844	0.47712	Noun	3	1	1.8939	3	40	8	0	1	low	low3	4	40	1	2	41	42	43	44	
20246	69072	underpass	13	13	10	13	10	0.2549	1.1461	0.11922	1.0414	Noun	13	1	2.438	3	68.25	9	0	1	low	low3	4	40	1	2	41	42	43	44	
5445	18180	digs	151	151	138	148	135	2.9608	2.1818	1.6452	2.143	Noun	151	1	3.4737	1	21	4	8	1	low	low1	3	30	1	2	31	32	33	34	
4414	14597	counsellor	132	132	74	86	59	2.5882	2.1239	0.88221	1.8751	Noun	132	1	3.4157	3	49.11	10	0	1	low	low3	4	40	1	2	41	42	43	44	
13660	45834	packs	231	231	191	222	184	4.5294	2.3655	2.2771	2.2833	Noun	231	1	3.6573	1	50.25	5	11	1	high	high1	1	10	1	2	11	12	13	14	
18964	64659	tablecloth	48	48	40	47	39	0.94118	1.6902	0.47687	1.6128	Noun	48	1	2.982	3	18.67	10	0	1	low	low3	4	40	1	2	41	42	43	44	
13689	45905	painkiller	27	27	26	26	25	0.52941	1.4472	0.30997	1.4314	Noun	27	1	2.739	3	28	10	0	1	low	low3	4	40	1	2	41	42	43	44	
19376	65926	thesaurus	20	20	16	16	13	0.39216	1.3222	0.19075	1.2304	Noun	20	1	2.6141	3	28.13	9	0	1	low	low3	4	40	1	2	41	42	43	44	
2163	7115	bonfire	89	89	59	87	58	1.7451	1.9542	0.70339	1.7782	Noun	89	1	3.2461	3	45.33	7	0	1	low	low3	4	40	1	2	41	42	43	44	
2381	7794	breaths	158	158	132	156	130	3.098	2.2014	1.5737	2.1239	Noun	159	1	3.4932	1	54.5	7	2	1	low	low1	3	30	1	2	31	32	33	34	
8646	28928	guts	1211	1211	894	1171	878	23.7451	3.0835	10.6581	2.9518	Noun	1212	1	4.3753	1	23	4	10	1	high	high1	1	10	1	2	11	12	13	14	
10652	36133	ladybugs	10	10	7	8	6	0.19608	1.0414	0.083453	0.90309	Noun	9	1	2.3332	3	21.14	8	0	1	low	low3	4	40	1	2	41	42	43	44	
1453	4627	bananas	278	278	176	229	153	5.451	2.4456	2.0982	2.248	Noun	276	1	3.7374	3	50.67	7	0	1	high	high3	2	20	1	2	21	22	23	24	
17418	58887	shrub	14	14	13	14	13	0.27451	1.1761	0.15498	1.1461	Noun	14	1	2.4679	1	19.75	5	2	1	low	low1	3	30	1	2	31	32	33	34	
7156	24292	finalist	24	24	17	23	16	0.47059	1.3979	0.20267	1.2553	Noun	24	1	2.6898	3	87.57	8	0	1	low	low3	4	40	1	2	41	42	43	44	
13822	46245	parakeets	6	6	6	5	5	0.11765	0.8451	0.071531	0.8451	Noun	6	1	2.1369	3	49	9	0	1	low	low3	4	40	1	2	41	42	43	44	
6220	20805	eggs	1971	1971	1115	1842	1063	38.6471	3.2949	13.2928	3.0477	Noun	1970	1	4.5867	1	12.33	4	1	1	high	high1	1	10	1	2	11	12	13	14	
10017	33857	interlude	22	22	19	22	19	0.43137	1.3617	0.22651	1.301	Noun	22	1	2.6536	3	70.88	9	0	1	low	low3	4	40	1	2	41	42	43	44	
10229	34712	jeans	337	337	243	305	225	6.6078	2.5289	2.897	2.3874	Noun	337	1	3.8208	1	52	5	4	1	high	high1	1	10	1	2	11	12	13	14	
21154	72944	width	35	35	32	33	30	0.68627	1.5563	0.3815	1.5185	Noun	35	1	2.8481	1	22.25	5	0	1	low	low1	3	30	1	2	31	32	33	34	
572	1818	amateurs	176	176	143	146	123	3.451	2.248	1.7048	2.1584	Noun	174	1	3.5398	3	56.43	8	0	1	low	low3	4	40	1	2	41	42	43	44	
10627	36062	labrador	27	27	17	5	3	0.52941	1.4472	0.20267	1.2553	Noun	27	1	2.739	3	28.29	8	0	1	low	low3	4	40	1	2	41	42	43	44	
14969	49648	prawn	26	26	14	18	9	0.5098	1.4314	0.16691	1.1761	Noun	26	1	2.7232	1	34.25	5	2	1	low	low1	3	30	1	2	31	32	33	34	
12423	41596	moons	120	120	75	109	72	2.3529	2.0828	0.89413	1.8808	Noun	121	1	3.3746	1	49.5	5	5	1	low	low1	3	30	1	2	31	32	33	34	
20949	72158	waterbeds	3	3	3	3	3	0.058824	0.60206	0.035765	0.60206	Noun	3	1	1.8939	3	51.63	9	0	1	low	low3	4	40	1	2	41	42	43	44	
3874	12373	coercion	22	22	19	19	18	0.43137	1.3617	0.22651	1.301	Noun	22	1	2.6536	3	79	8	0	1	low	low3	4	40	1	2	41	42	43	44	
