numid|f	X|f	Word|s	Unnamed|f	FREQcount|f	Cdcount|f	FREQlow|f	Cdlow|f	SUBTLWF|f	Lg10WF|f	SUBTLCD|f	Lg10CD|f	Dom_PoS_SUBTLEX|s	Freq_dom_PoS_SUBTLEX|f	Percentage_dom_PoS|f	Zipfvalue|f	cmu_sylls|f	BF_TP|f	LEN_L|f	N|f	Zipfvalue_incl|f	Zipfvalue_cat|s	cond_name|s	cond_code|f	trigger_code|f	len|f	corr_resp|f	fix_code|f	word_code|f	delay_code|f	audioresp_code|f	
8598	28805	gulls	53	53	24	42	22	1.0392	1.7324	0.28612	1.3979	Noun	53	1	3.0242	1	48	5	8	1	low	low1	3	30	1	2	31	32	33	34	
19776	67120	toys	674	674	437	607	412	13.2157	2.8293	5.2098	2.6415	Noun	675	1	4.1211	1	16.33	4	10	1	high	high1	1	10	1	2	11	12	13	14	
6417	21628	engraver	10	10	9	10	9	0.19608	1.0414	0.1073	1	Noun	10	1	2.3332	3	54	8	1	1	low	low3	4	40	1	2	41	42	43	44	
11401	38320	luxuries	25	25	24	25	24	0.4902	1.415	0.28612	1.3979	Noun	24	1	2.7068	3	111.43	8	0	1	low	low3	4	40	1	2	41	42	43	44	
18798	64076	surpluses	3	3	3	2	2	0.058824	0.60206	0.035765	0.60206	Noun	3	1	1.8939	3	78.63	9	0	1	low	low3	4	40	1	2	41	42	43	44	
3804	12213	coasts	18	18	16	18	16	0.35294	1.2788	0.19075	1.2304	Noun	20	1	2.5706	1	69.6	6	3	1	low	low1	3	30	1	2	31	32	33	34	
3129	10001	catapult	31	31	22	28	20	0.60784	1.5051	0.26228	1.3617	Noun	31	1	2.797	3	31.29	8	0	1	low	low3	4	40	1	2	41	42	43	44	
9653	32148	images	401	401	281	381	270	7.8627	2.6042	3.35	2.4502	Noun	401	1	3.8961	3	95.4	6	0	1	high	high3	2	20	1	2	21	22	23	24	
14390	48047	piggyback	55	55	42	43	33	1.0784	1.7482	0.50072	1.6335	Noun	55	1	3.04	3	15.25	9	0	1	low	low3	4	40	1	2	41	42	43	44	
12706	42426	mysteries	165	165	148	151	138	3.2353	2.2201	1.7644	2.1732	Noun	164	1	3.5119	3	129.38	9	0	1	low	low3	4	40	1	2	41	42	43	44	
7382	24968	flotation	20	20	17	20	17	0.39216	1.3222	0.20267	1.2553	Noun	20	1	2.6141	3	110.25	9	0	1	low	low3	4	40	1	2	41	42	43	44	
2182	7180	bookcases	4	4	4	3	3	0.078431	0.69897	0.047687	0.69897	Noun	4	1	1.9908	3	68.88	9	0	1	low	low3	4	40	1	2	41	42	43	44	
8176	27495	glint	16	16	15	13	13	0.31373	1.2304	0.17883	1.2041	Noun	16	1	2.5223	1	42.25	5	1	1	low	low1	3	30	1	2	31	32	33	34	
11873	39835	megaphone	15	15	13	15	13	0.29412	1.2041	0.15498	1.1461	Noun	15	1	2.496	3	35.25	9	0	1	low	low3	4	40	1	2	41	42	43	44	
16784	56871	sceneries	1	1	1	1	1	0.019608	0.30103	0.011922	0.30103	Noun	1	1	1.5929	3	115.25	9	0	1	low	low3	4	40	1	2	41	42	43	44	
11900	39919	memento	65	65	53	60	52	1.2745	1.8195	0.63186	1.7324	Noun	65	1	3.1114	3	28.33	7	0	1	low	low3	4	40	1	2	41	42	43	44	
8389	28134	grands	2	2	2	2	2	0.039216	0.47712	0.023844	0.47712	Noun	2	1	1.769	1	61.8	6	4	1	low	low1	3	30	1	2	31	32	33	34	
3906	12470	coke	948	948	481	435	234	18.5882	2.9773	5.7344	2.683	Noun	950	1	4.2691	1	22	4	12	1	high	high1	1	10	1	2	11	12	13	14	
8921	29768	hazelnut	9	9	9	8	8	0.17647	1	0.1073	1	Noun	9	1	2.2918	3	20.29	8	0	1	low	low3	4	40	1	2	41	42	43	44	
15606	52036	rags	161	161	126	151	119	3.1569	2.2095	1.5021	2.1038	Noun	161	1	3.5013	1	27.33	4	16	1	low	low1	3	30	1	2	31	32	33	34	
9832	33124	inferno	47	47	46	42	41	0.92157	1.6812	0.5484	1.6721	Noun	48	1	2.9731	3	35.33	7	0	1	low	low3	4	40	1	2	41	42	43	44	
15860	53269	refiner	2	2	1	2	1	0.039216	0.47712	0.011922	0.30103	Noun	2	1	1.769	3	117.67	7	1	1	low	low3	4	40	1	2	41	42	43	44	
4229	14048	converter	11	11	10	9	8	0.21569	1.0792	0.11922	1.0414	Noun	11	1	2.371	3	120.25	9	1	1	low	low3	4	40	1	2	41	42	43	44	
18376	62475	stiffs	48	48	46	46	45	0.94118	1.6902	0.5484	1.6721	Noun	48	1	2.982	1	31.2	6	3	1	low	low1	3	30	1	2	31	32	33	34	
1037	3290	artistry	24	24	22	24	22	0.47059	1.3979	0.26228	1.3617	Noun	24	1	2.6898	3	49.29	8	0	1	low	low3	4	40	1	2	41	42	43	44	
6419	21632	engravings	15	15	5	15	5	0.29412	1.2041	0.059609	0.77815	Noun	15	1	2.496	3	24.44	10	0	1	low	low3	4	40	1	2	41	42	43	44	
15384	51300	puppetry	2	2	1	1	1	0.039216	0.47712	0.011922	0.30103	Noun	2	1	1.769	3	33.29	8	0	1	low	low3	4	40	1	2	41	42	43	44	
11148	37567	liturgy	1	1	1	1	1	0.019608	0.30103	0.011922	0.30103	Noun	1	1	1.5929	3	25.17	7	0	1	low	low3	4	40	1	2	41	42	43	44	
1679	5356	bedridden	17	17	17	13	13	0.33333	1.2553	0.20267	1.2553	Noun	17	1	2.5471	3	36.63	9	0	1	low	low3	4	40	1	2	41	42	43	44	
16289	55294	riverboats	1	1	1	1	1	0.019608	0.30103	0.011922	0.30103	Noun	1	1	1.5929	3	44	10	0	1	low	low3	4	40	1	2	41	42	43	44	
19138	65169	taxicabs	9	9	9	7	7	0.17647	1	0.1073	1	Noun	9	1	2.2918	3	16.43	8	0	1	low	low3	4	40	1	2	41	42	43	44	
12296	41232	modes	16	16	16	14	14	0.31373	1.2304	0.19075	1.2304	Noun	16	1	2.5223	1	81.75	5	7	1	low	low1	3	30	1	2	31	32	33	34	
7728	26114	fronts	47	47	47	45	45	0.92157	1.6812	0.56032	1.6812	Noun	47	1	2.9731	1	64.8	6	2	1	low	low1	3	30	1	2	31	32	33	34	
19140	65179	taxpayer	29	29	28	27	27	0.56863	1.4771	0.33381	1.4624	Noun	29	1	2.769	3	33.29	8	0	1	low	low3	4	40	1	2	41	42	43	44	
18617	63406	subsidy	5	5	5	4	4	0.098039	0.77815	0.059609	0.77815	Noun	5	1	2.07	3	36.83	7	1	1	low	low3	4	40	1	2	41	42	43	44	
9781	32879	indexer	2	2	2	2	2	0.039216	0.47712	0.023844	0.47712	Noun	2	1	1.769	3	73.17	7	1	1	low	low3	4	40	1	2	41	42	43	44	
1725	5505	behemoth	10	10	9	10	9	0.19608	1.0414	0.1073	1	Noun	10	1	2.3332	3	19.43	8	0	1	low	low3	4	40	1	2	41	42	43	44	
12162	40730	minibus	28	28	7	28	7	0.54902	1.4624	0.083453	0.90309	Noun	28	1	2.7542	3	40	7	0	1	low	low3	4	40	1	2	41	42	43	44	
18842	64237	swans	65	65	36	59	33	1.2745	1.8195	0.42918	1.5682	Noun	65	1	3.1114	1	38.75	5	4	1	low	low1	3	30	1	2	31	32	33	34	
14948	49568	powerhouse	28	28	25	23	20	0.54902	1.4624	0.29804	1.415	Noun	28	1	2.7542	3	28.33	10	0	1	low	low3	4	40	1	2	41	42	43	44	
3989	12752	comforter	20	20	20	20	20	0.39216	1.3222	0.23844	1.3222	Noun	20	1	2.6141	3	97.38	9	1	1	low	low3	4	40	1	2	41	42	43	44	
2824	9158	cameos	5	5	5	5	5	0.098039	0.77815	0.059609	0.77815	Noun	5	1	2.07	3	35.6	6	1	1	low	low3	4	40	1	2	41	42	43	44	
20237	69017	underdogs	11	11	10	11	10	0.21569	1.0792	0.11922	1.0414	Noun	11	1	2.371	3	58.5	9	0	1	low	low3	4	40	1	2	41	42	43	44	
18701	63690	summation	33	33	25	32	24	0.64706	1.5315	0.29804	1.415	Noun	33	1	2.8233	3	114.38	9	0	1	low	low3	4	40	1	2	41	42	43	44	
18483	62860	straws	107	107	79	104	78	2.098	2.0334	0.94182	1.9031	Noun	107	1	3.3253	1	40.6	6	2	1	low	low1	3	30	1	2	31	32	33	34	
12190	40803	minuet	15	15	13	10	10	0.29412	1.2041	0.15498	1.1461	Noun	14	1	2.496	3	47.8	6	0	1	low	low3	4	40	1	2	41	42	43	44	
11076	37364	linebacker	30	30	23	30	23	0.58824	1.4914	0.2742	1.3802	Noun	29	1	2.7832	3	24	10	0	1	low	low3	4	40	1	2	41	42	43	44	
7317	24734	flavorings	5	5	4	5	4	0.098039	0.77815	0.047687	0.69897	Noun	5	1	2.07	3	30.44	10	0	1	low	low3	4	40	1	2	41	42	43	44	
16873	57128	scourge	67	67	50	48	39	1.3137	1.8325	0.59609	1.7076	Noun	67	1	3.1243	1	35.17	7	0	1	low	low1	3	30	1	2	31	32	33	34	
13032	43547	nonfiction	20	20	13	19	13	0.39216	1.3222	0.15498	1.1461	Noun	19	1	2.6141	3	132.22	10	0	1	low	low3	4	40	1	2	41	42	43	44	
10535	35734	kitchener	1	1	1	0	0	0.019608	0.30103	0.011922	0.30103	Noun	1	1	1.5929	3	50.13	9	0	1	low	low3	4	40	1	2	41	42	43	44	
7787	26339	funs	1	1	1	1	1	0.019608	0.30103	0.011922	0.30103	Noun	1	1	1.5929	1	25.33	4	14	1	low	low1	3	30	1	2	31	32	33	34	
5252	17449	derailment	11	11	10	11	10	0.21569	1.0792	0.11922	1.0414	Noun	11	1	2.371	3	58.89	10	0	1	low	low3	4	40	1	2	41	42	43	44	
6660	22520	eviction	43	43	36	37	33	0.84314	1.6435	0.42918	1.5682	Noun	42	1	2.9353	3	76.71	8	0	1	low	low3	4	40	1	2	41	42	43	44	
10690	36247	lan	417	417	91	271	74	8.1765	2.6212	1.0849	1.9638	Noun	417	1	3.913	1	9	3	18	1	high	high1	1	10	1	2	11	12	13	14	
10312	35033	joule	1	1	1	0	0	0.019608	0.30103	0.011922	0.30103	Noun	1	1	1.5929	1	29.25	5	0	1	low	low1	3	30	1	2	31	32	33	34	
6821	23232	eyeliner	52	52	37	51	37	1.0196	1.7243	0.44111	1.5798	Noun	51	1	3.0161	3	74.29	8	0	1	low	low3	4	40	1	2	41	42	43	44	
19744	67030	toughs	2	2	2	1	1	0.039216	0.47712	0.023844	0.47712	Noun	2	1	1.769	1	34	6	3	1	low	low1	3	30	1	2	31	32	33	34	
13022	43476	nominee	40	40	22	40	22	0.78431	1.6128	0.26228	1.3617	Noun	40	1	2.9046	3	44.83	7	0	1	low	low3	4	40	1	2	41	42	43	44	
1536	4891	barns	21	21	21	20	20	0.41176	1.3424	0.25036	1.3424	Noun	21	1	2.6343	1	47.25	5	7	1	low	low1	3	30	1	2	31	32	33	34	
6152	20611	eclipses	9	9	9	9	9	0.17647	1	0.1073	1	Noun	9	1	2.2918	3	87.29	8	1	1	low	low3	4	40	1	2	41	42	43	44	
10715	36304	lanes	98	98	77	83	64	1.9216	1.9956	0.91798	1.8921	Noun	108	1	3.2875	1	93.25	5	9	1	low	low1	3	30	1	2	31	32	33	34	
19925	67709	tricycle	27	27	17	26	17	0.52941	1.4472	0.20267	1.2553	Noun	26	1	2.739	3	43.86	8	0	1	low	low3	4	40	1	2	41	42	43	44	
108	444	accuser	15	15	12	15	12	0.29412	1.2041	0.14306	1.1139	Noun	15	1	2.496	3	80.5	7	2	1	low	low3	4	40	1	2	41	42	43	44	
10986	37093	liberals	33	33	27	28	22	0.64706	1.5315	0.32189	1.4472	Noun	33	1	2.8233	3	53.86	8	0	1	low	low3	4	40	1	2	41	42	43	44	
13776	46137	pantomime	17	17	15	16	14	0.33333	1.2553	0.17883	1.2041	Noun	17	1	2.5471	3	37.13	9	0	1	low	low3	4	40	1	2	41	42	43	44	
6388	21522	endoscope	4	4	2	4	2	0.078431	0.69897	0.023844	0.47712	Noun	4	1	1.9908	3	20.38	9	0	1	low	low3	4	40	1	2	41	42	43	44	
16473	55917	runabout	3	3	3	3	3	0.058824	0.60206	0.035765	0.60206	Noun	3	1	1.8939	3	24.57	8	0	1	low	low3	4	40	1	2	41	42	43	44	
11768	39509	matte	14	14	9	9	7	0.27451	1.1761	0.1073	1	Noun	14	1	2.4679	1	39.75	5	0	1	low	low1	3	30	1	2	31	32	33	34	
16544	56133	safes	22	22	15	22	15	0.43137	1.3617	0.17883	1.2041	Noun	22	1	2.6536	1	68.25	5	5	1	low	low1	3	30	1	2	31	32	33	34	
8223	27649	gnome	32	32	24	29	23	0.62745	1.5185	0.28612	1.3979	Noun	32	1	2.8103	1	10.25	5	0	1	low	low1	3	30	1	2	31	32	33	34	
5670	19249	doberman	21	21	21	2	2	0.41176	1.3424	0.25036	1.3424	Noun	21	1	2.6343	3	43.29	8	0	1	low	low3	4	40	1	2	41	42	43	44	
4106	13324	conduction	6	6	4	5	3	0.11765	0.8451	0.047687	0.69897	Noun	6	1	2.1369	3	152.33	10	0	1	low	low3	4	40	1	2	41	42	43	44	
1706	5417	beet	14	14	13	13	12	0.27451	1.1761	0.15498	1.1461	Noun	14	1	2.4679	1	27	4	11	1	low	low1	3	30	1	2	31	32	33	34	
11271	37879	lookalike	3	3	3	3	3	0.058824	0.60206	0.035765	0.60206	Noun	3	1	1.8939	3	38.13	9	0	1	low	low3	4	40	1	2	41	42	43	44	
18869	64315	sweetener	14	14	11	11	10	0.27451	1.1761	0.13114	1.0792	Noun	14	1	2.4679	3	52	9	1	1	low	low3	4	40	1	2	41	42	43	44	
6801	23184	extrovert	5	5	4	5	4	0.098039	0.77815	0.047687	0.69897	Noun	5	1	2.07	3	49.5	9	0	1	low	low3	4	40	1	2	41	42	43	44	
1510	4796	barbeques	2	2	2	2	2	0.039216	0.47712	0.023844	0.47712	Noun	2	1	1.769	3	69.63	9	1	1	low	low3	4	40	1	2	41	42	43	44	
10123	34377	irritant	6	6	6	6	6	0.11765	0.8451	0.071531	0.8451	Noun	6	1	2.1369	3	54	8	0	1	low	low3	4	40	1	2	41	42	43	44	
18478	62844	strategist	21	21	15	19	14	0.41176	1.3424	0.17883	1.2041	Noun	21	1	2.6343	3	38.78	10	0	1	low	low3	4	40	1	2	41	42	43	44	
15370	51270	punks	211	211	158	193	146	4.1373	2.3263	1.8836	2.2014	Noun	211	1	3.6182	1	39.75	5	3	1	low	low1	3	30	1	2	31	32	33	34	
12122	40615	milliner	5	5	3	5	3	0.098039	0.77815	0.035765	0.60206	Noun	5	1	2.07	3	94.71	8	0	1	low	low3	4	40	1	2	41	42	43	44	
10078	34166	inversion	13	13	8	12	8	0.2549	1.1461	0.095374	0.95424	Noun	13	1	2.438	3	110.88	9	0	1	low	low3	4	40	1	2	41	42	43	44	
14225	47536	perusal	5	5	5	5	5	0.098039	0.77815	0.059609	0.77815	Noun	5	1	2.07	3	47.33	7	0	1	low	low3	4	40	1	2	41	42	43	44	
10093	34243	iodide	9	9	7	9	7	0.17647	1	0.083453	0.90309	Noun	9	1	2.2918	3	22.2	6	1	1	low	low3	4	40	1	2	41	42	43	44	
17255	58351	shawl	70	70	45	69	44	1.3725	1.8513	0.53648	1.6628	Noun	70	1	3.1431	1	29	5	1	1	low	low1	3	30	1	2	31	32	33	34	
3598	11486	churns	9	9	7	8	7	0.17647	1	0.083453	0.90309	Noun	9	1	2.2918	1	36.2	6	0	1	low	low1	3	30	1	2	31	32	33	34	
6232	20830	egyptians	59	59	47	2	2	1.1569	1.7782	0.56032	1.6812	Noun	59	1	3.07	3	34.5	9	0	1	low	low3	4	40	1	2	41	42	43	44	
15879	53343	refresher	15	15	15	15	15	0.29412	1.2041	0.17883	1.2041	Noun	15	1	2.496	3	79	9	1	1	low	low3	4	40	1	2	41	42	43	44	
9082	30197	hens	68	68	50	61	45	1.3333	1.8388	0.59609	1.7076	Noun	68	1	3.1307	1	27.67	4	7	1	low	low1	3	30	1	2	31	32	33	34	
18735	63781	suns	48	48	31	34	25	0.94118	1.6902	0.36958	1.5051	Noun	49	1	2.982	1	26.33	4	14	1	low	low1	3	30	1	2	31	32	33	34	
15700	52345	rationale	19	19	19	19	19	0.37255	1.301	0.22651	1.301	Noun	19	1	2.5929	3	46.63	9	0	1	low	low3	4	40	1	2	41	42	43	44	
15489	51654	quartz	27	27	24	22	20	0.52941	1.4472	0.28612	1.3979	Noun	27	1	2.739	1	27.4	6	2	1	low	low1	3	30	1	2	31	32	33	34	
6038	20274	dunes	45	45	26	27	18	0.88235	1.6628	0.30997	1.4314	Noun	45	1	2.9546	1	80.5	5	6	1	low	low1	3	30	1	2	31	32	33	34	
8935	29800	headhunter	9	9	6	8	6	0.17647	1	0.071531	0.8451	Noun	9	1	2.2918	3	49.11	10	0	1	low	low3	4	40	1	2	41	42	43	44	
11603	38968	mannequins	20	20	15	19	14	0.39216	1.3222	0.17883	1.2041	Noun	20	1	2.6141	3	83.33	10	0	1	low	low3	4	40	1	2	41	42	43	44	
6460	21857	entreaty	2	2	2	2	2	0.039216	0.47712	0.023844	0.47712	Noun	2	1	1.769	3	50.43	8	0	1	low	low3	4	40	1	2	41	42	43	44	
10719	36322	lanolin	3	3	3	2	2	0.058824	0.60206	0.035765	0.60206	Noun	3	1	1.8939	3	37	7	0	1	low	low3	4	40	1	2	41	42	43	44	
18821	64170	sustenance	29	29	26	27	24	0.56863	1.4771	0.30997	1.4314	Noun	28	1	2.769	3	64.89	10	0	1	low	low3	4	40	1	2	41	42	43	44	
6922	23520	fantasies	255	255	210	250	208	5	2.4082	2.5036	2.3243	Noun	253	1	3.7001	3	98.5	9	0	1	high	high3	2	20	1	2	21	22	23	24	
407	1343	airliner	29	29	23	29	23	0.56863	1.4771	0.2742	1.3802	Noun	29	1	2.769	3	78.57	8	1	1	low	low3	4	40	1	2	41	42	43	44	
2988	9635	caresses	7	7	7	7	7	0.13725	0.90309	0.083453	0.90309	Noun	7	1	2.1949	3	131.57	8	1	1	low	low3	4	40	1	2	41	42	43	44	
20561	71056	verb	54	54	37	54	37	1.0588	1.7404	0.44111	1.5798	Noun	53	1	3.0322	1	12.67	4	3	1	low	low1	3	30	1	2	31	32	33	34	
13170	44018	nymphs	29	29	11	27	10	0.56863	1.4771	0.13114	1.0792	Noun	29	1	2.769	1	14.8	6	0	1	low	low1	3	30	1	2	31	32	33	34	
20863	71937	wanderings	8	8	6	8	6	0.15686	0.95424	0.071531	0.8451	Noun	8	1	2.2461	3	43.56	10	0	1	low	low3	4	40	1	2	41	42	43	44	
10028	33916	interplay	4	4	4	4	4	0.078431	0.69897	0.047687	0.69897	Noun	4	1	1.9908	3	66	9	0	1	low	low3	4	40	1	2	41	42	43	44	
20771	71632	volt	9	9	9	7	7	0.17647	1	0.1073	1	Noun	9	1	2.2918	1	20.33	4	4	1	low	low1	3	30	1	2	31	32	33	34	
4396	14541	cottages	25	25	21	25	21	0.4902	1.415	0.25036	1.3424	Noun	25	1	2.7068	3	121.57	8	0	1	low	low3	4	40	1	2	41	42	43	44	
3417	10860	cheeks	225	225	206	216	199	4.4118	2.3541	2.4559	2.316	Noun	225	1	3.6459	1	41.8	6	4	1	low	low1	3	30	1	2	31	32	33	34	
761	2427	antennas	22	22	14	21	13	0.43137	1.3617	0.16691	1.1761	Noun	22	1	2.6536	3	40.43	8	1	1	low	low3	4	40	1	2	41	42	43	44	
3784	12146	clumsiness	15	15	13	15	13	0.29412	1.2041	0.15498	1.1461	Noun	15	1	2.496	3	44.89	10	0	1	low	low3	4	40	1	2	41	42	43	44	
10021	33899	internees	2	2	2	2	2	0.039216	0.47712	0.023844	0.47712	Noun	2	1	1.769	3	121.88	9	0	1	low	low3	4	40	1	2	41	42	43	44	
17340	58648	shoemakers	1	1	1	1	1	0.019608	0.30103	0.011922	0.30103	Noun	2	1	1.5929	3	32.33	10	0	1	low	low3	4	40	1	2	41	42	43	44	
12083	40519	migration	33	33	29	29	25	0.64706	1.5315	0.34573	1.4771	Noun	33	1	2.8233	3	114.5	9	0	1	low	low3	4	40	1	2	41	42	43	44	
11713	39316	mascara	64	64	62	62	60	1.2549	1.8129	0.73915	1.7993	Noun	65	1	3.1047	3	46.5	7	0	1	low	low3	4	40	1	2	41	42	43	44	
7995	26953	generale	1	1	1	1	1	0.019608	0.30103	0.011922	0.30103	Noun	1	1	1.5929	3	65.86	8	2	1	low	low3	4	40	1	2	41	42	43	44	
9957	33542	insistence	21	21	21	21	21	0.41176	1.3424	0.25036	1.3424	Noun	21	1	2.6343	3	68.33	10	0	1	low	low3	4	40	1	2	41	42	43	44	
11867	39822	megabyte	2	2	2	2	2	0.039216	0.47712	0.023844	0.47712	Noun	2	1	1.769	3	29.57	8	0	1	low	low3	4	40	1	2	41	42	43	44	
3525	11201	chits	6	6	4	5	3	0.11765	0.8451	0.047687	0.69897	Noun	6	1	2.1369	1	62.75	5	4	1	low	low1	3	30	1	2	31	32	33	34	
12418	41568	moods	108	108	90	102	86	2.1176	2.0374	1.073	1.959	Noun	108	1	3.3293	1	44.75	5	7	1	low	low1	3	30	1	2	31	32	33	34	
6996	23816	fedora	13	13	11	13	11	0.2549	1.1461	0.13114	1.0792	Noun	13	1	2.438	3	23.8	6	0	1	low	low3	4	40	1	2	41	42	43	44	
7546	25441	forester	3	3	3	1	1	0.058824	0.60206	0.035765	0.60206	Noun	3	1	1.8939	3	111	8	0	1	low	low3	4	40	1	2	41	42	43	44	
15904	53448	registries	1	1	1	1	1	0.019608	0.30103	0.011922	0.30103	Noun	1	1	1.5929	3	97.89	10	0	1	low	low3	4	40	1	2	41	42	43	44	
13223	44221	occlusion	7	7	7	7	7	0.13725	0.90309	0.083453	0.90309	Noun	7	1	2.1949	3	63.5	9	0	1	low	low3	4	40	1	2	41	42	43	44	
13974	46661	pathogen	18	18	12	18	12	0.35294	1.2788	0.14306	1.1139	Noun	18	1	2.5706	3	45.86	8	0	1	low	low3	4	40	1	2	41	42	43	44	
8778	29319	handlebar	10	10	7	7	5	0.19608	1.0414	0.083453	0.90309	Noun	10	1	2.3332	3	28.88	9	0	1	low	low3	4	40	1	2	41	42	43	44	
9086	30216	heraldry	1	1	1	1	1	0.019608	0.30103	0.011922	0.30103	Noun	1	1	1.5929	3	47.86	8	0	1	low	low3	4	40	1	2	41	42	43	44	
9848	33190	infliction	14	14	12	14	12	0.27451	1.1761	0.14306	1.1139	Noun	14	1	2.4679	3	140.56	10	1	1	low	low3	4	40	1	2	41	42	43	44	
1250	4035	avatar	14	14	8	12	7	0.27451	1.1761	0.095374	0.95424	Noun	14	1	2.4679	3	19.8	6	0	1	low	low3	4	40	1	2	41	42	43	44	
5793	19581	dorms	37	37	31	36	31	0.72549	1.5798	0.36958	1.5051	Noun	37	1	2.8716	1	34.5	5	3	1	low	low1	3	30	1	2	31	32	33	34	
15165	50482	prognosis	54	54	48	49	46	1.0588	1.7404	0.57225	1.6902	Noun	54	1	3.0322	3	34	9	0	1	low	low3	4	40	1	2	41	42	43	44	
2669	8747	butterfat	2	2	2	2	2	0.039216	0.47712	0.023844	0.47712	Noun	2	1	1.769	3	46.38	9	0	1	low	low3	4	40	1	2	41	42	43	44	
9798	32988	inductee	3	3	3	3	3	0.058824	0.60206	0.035765	0.60206	Noun	3	1	1.8939	3	66.14	8	0	1	low	low3	4	40	1	2	41	42	43	44	
9389	31248	hots	74	74	67	71	65	1.451	1.8751	0.79876	1.8325	Noun	74	1	3.1669	1	28.67	4	12	1	low	low1	3	30	1	2	31	32	33	34	
7169	24342	fingertips	84	84	73	80	71	1.6471	1.9294	0.87029	1.8692	Noun	84	1	3.2213	3	68.67	10	0	1	low	low3	4	40	1	2	41	42	43	44	
10148	34443	issuance	3	3	3	3	3	0.058824	0.60206	0.035765	0.60206	Noun	3	1	1.8939	3	31.57	8	0	1	low	low3	4	40	1	2	41	42	43	44	
5732	19425	domestics	3	3	3	2	2	0.058824	0.60206	0.035765	0.60206	Noun	3	1	1.8939	3	81.25	9	0	1	low	low3	4	40	1	2	41	42	43	44	
20107	68246	turntable	18	18	16	16	15	0.35294	1.2788	0.19075	1.2304	Noun	18	1	2.5706	3	47.63	9	0	1	low	low3	4	40	1	2	41	42	43	44	
20415	70637	vacancies	38	38	32	38	32	0.7451	1.5911	0.3815	1.5185	Noun	38	1	2.8829	3	78.75	9	0	1	low	low3	4	40	1	2	41	42	43	44	
11020	37200	lifesavers	8	8	8	3	3	0.15686	0.95424	0.095374	0.95424	Noun	8	1	2.2461	3	31	10	0	1	low	low3	4	40	1	2	41	42	43	44	
9752	32698	inclement	8	8	8	8	8	0.15686	0.95424	0.095374	0.95424	Noun	8	1	2.2461	3	75.75	9	1	1	low	low3	4	40	1	2	41	42	43	44	
14842	49262	portables	9	9	9	9	9	0.17647	1	0.1073	1	Noun	9	1	2.2918	3	90.5	9	0	1	low	low3	4	40	1	2	41	42	43	44	
21381	73719	wrongdoer	1	1	1	1	1	0.019608	0.30103	0.011922	0.30103	Noun	1	1	1.5929	3	32.88	9	0	1	low	low3	4	40	1	2	41	42	43	44	
14274	47676	pharmacies	7	7	7	7	7	0.13725	0.90309	0.083453	0.90309	Noun	7	1	2.1949	3	63	10	0	1	low	low3	4	40	1	2	41	42	43	44	
8964	29851	headwater	6	6	2	6	2	0.11765	0.8451	0.023844	0.47712	Noun	6	1	2.1369	3	84	9	0	1	low	low3	4	40	1	2	41	42	43	44	
679	2177	anecdote	55	55	41	55	41	1.0784	1.7482	0.48879	1.6232	Noun	55	1	3.04	3	30.43	8	0	1	low	low3	4	40	1	2	41	42	43	44	
8134	27363	giveaway	40	40	40	40	40	0.78431	1.6128	0.47687	1.6128	Noun	40	1	2.9046	3	24.29	8	0	1	low	low3	4	40	1	2	41	42	43	44	
4413	14594	counseling	211	211	149	199	144	4.1373	2.3263	1.7763	2.1761	Noun	209	1	3.6182	3	165.44	10	0	1	low	low3	4	40	1	2	41	42	43	44	
10997	37122	libration	1	1	1	1	1	0.019608	0.30103	0.011922	0.30103	Noun	1	1	1.5929	3	108.88	9	1	1	low	low3	4	40	1	2	41	42	43	44	
11444	38492	madrigals	1	1	1	1	1	0.019608	0.30103	0.011922	0.30103	Noun	1	1	1.5929	3	34.5	9	0	1	low	low3	4	40	1	2	41	42	43	44	
16381	55638	rote	6	6	5	6	5	0.11765	0.8451	0.059609	0.77815	Noun	6	1	2.1369	1	23.33	4	15	1	low	low1	3	30	1	2	31	32	33	34	
3053	9815	cartilage	37	37	31	36	30	0.72549	1.5798	0.36958	1.5051	Noun	37	1	2.8716	3	58.25	9	0	1	low	low3	4	40	1	2	41	42	43	44	
2693	8827	bystander	45	45	38	38	35	0.88235	1.6628	0.45303	1.5911	Noun	44	1	2.9546	3	54.88	9	0	1	low	low3	4	40	1	2	41	42	43	44	
21067	72572	wharfs	1	1	1	1	1	0.019608	0.30103	0.011922	0.30103	Noun	1	1	1.5929	1	31.2	6	0	1	low	low1	3	30	1	2	31	32	33	34	
20471	70810	vans	53	53	47	48	43	1.0392	1.7324	0.56032	1.6812	Noun	53	1	3.0242	1	30.33	4	9	1	low	low1	3	30	1	2	31	32	33	34	
18611	63376	subs	153	153	126	83	62	3	2.1875	1.5021	2.1038	Noun	145	1	3.4794	1	15.67	4	9	1	low	low1	3	30	1	2	31	32	33	34	
17555	59350	sires	1	1	1	0	0	0.019608	0.30103	0.011922	0.30103	Noun	1	1	1.5929	1	83.25	5	11	1	low	low1	3	30	1	2	31	32	33	34	
3895	12431	cohesion	5	5	5	5	5	0.098039	0.77815	0.059609	0.77815	Noun	5	1	2.07	3	78	8	0	1	low	low3	4	40	1	2	41	42	43	44	
9439	31389	hues	9	9	9	7	7	0.17647	1	0.1073	1	Noun	9	1	2.2918	1	18.33	4	6	1	low	low1	3	30	1	2	31	32	33	34	
1630	5171	bazookas	13	13	11	10	8	0.2549	1.1461	0.13114	1.0792	Noun	13	1	2.438	3	14.57	8	0	1	low	low3	4	40	1	2	41	42	43	44	
12288	41215	moderates	3	3	3	3	3	0.058824	0.60206	0.035765	0.60206	Noun	3	1	1.8939	3	138.5	9	1	1	low	low3	4	40	1	2	41	42	43	44	
13752	46088	paneling	9	9	7	9	7	0.17647	1	0.083453	0.90309	Noun	9	1	2.2918	3	305.14	8	0	1	low	low3	4	40	1	2	41	42	43	44	
16285	55283	rivalry	54	54	49	54	49	1.0588	1.7404	0.58417	1.699	Noun	54	1	3.0322	3	31.17	7	0	1	low	low3	4	40	1	2	41	42	43	44	
10344	35139	juice	1371	1371	830	1269	801	26.8824	3.1374	9.8951	2.9196	Noun	1371	1	4.4292	1	20.75	5	1	1	high	high1	1	10	1	2	11	12	13	14	
9917	33411	innkeeper	22	22	22	15	15	0.43137	1.3617	0.26228	1.3617	Noun	22	1	2.6536	3	44.38	9	0	1	low	low3	4	40	1	2	41	42	43	44	
11565	38848	mandala	2	2	2	2	2	0.039216	0.47712	0.023844	0.47712	Noun	2	1	1.769	3	55.83	7	0	1	low	low3	4	40	1	2	41	42	43	44	
15856	53246	referral	28	28	26	28	26	0.54902	1.4624	0.30997	1.4314	Noun	28	1	2.7542	3	86.14	8	0	1	low	low3	4	40	1	2	41	42	43	44	
7839	26500	gait	16	16	13	16	13	0.31373	1.2304	0.15498	1.1461	Noun	16	1	2.5223	1	25	4	4	1	low	low1	3	30	1	2	31	32	33	34	
13162	43981	nutrition	48	48	43	46	41	0.94118	1.6902	0.51264	1.6435	Noun	48	1	2.982	3	111.13	9	0	1	low	low3	4	40	1	2	41	42	43	44	
482	1549	aliens	491	491	215	433	198	9.6275	2.692	2.5632	2.3345	Noun	494	1	3.9838	2	42.8	6	0	1	high	high3	2	20	1	2	21	22	23	24	
12606	42128	multiples	15	15	13	14	12	0.29412	1.2041	0.15498	1.1461	Noun	15	1	2.496	3	70.13	9	0	1	low	low3	4	40	1	2	41	42	43	44	
8678	29022	hackberry	1	1	1	1	1	0.019608	0.30103	0.011922	0.30103	Noun	1	1	1.5929	3	39.25	9	0	1	low	low3	4	40	1	2	41	42	43	44	
16973	57459	seas	223	223	174	188	150	4.3725	2.3502	2.0744	2.243	Noun	223	1	3.6421	1	30.33	4	9	1	low	low1	3	30	1	2	31	32	33	34	
3100	9933	castaways	5	5	4	2	2	0.098039	0.77815	0.047687	0.69897	Noun	5	1	2.07	3	36.5	9	0	1	low	low3	4	40	1	2	41	42	43	44	
13923	46548	passages	91	91	74	87	70	1.7843	1.9638	0.88221	1.8751	Noun	92	1	3.2556	3	103.14	8	0	1	low	low3	4	40	1	2	41	42	43	44	
10591	35905	koalas	4	4	2	3	2	0.078431	0.69897	0.023844	0.47712	Noun	4	1	1.9908	3	18	6	0	1	low	low3	4	40	1	2	41	42	43	44	
19270	65585	tequila	299	299	207	213	160	5.8627	2.4771	2.4678	2.3181	Noun	300	1	3.769	3	23.83	7	0	1	high	high3	2	20	1	2	21	22	23	24	
5070	16649	decoders	1	1	1	1	1	0.019608	0.30103	0.011922	0.30103	Noun	1	1	1.5929	3	99.14	8	0	1	low	low3	4	40	1	2	41	42	43	44	
5095	16797	defaulters	1	1	1	1	1	0.019608	0.30103	0.011922	0.30103	Noun	1	1	1.5929	3	49.11	10	0	1	low	low3	4	40	1	2	41	42	43	44	
14721	48931	policies	157	157	118	153	116	3.0784	2.1987	1.4068	2.0755	Noun	156	1	3.4905	3	123.14	8	1	1	low	low3	4	40	1	2	41	42	43	44	
18966	64663	tablespoon	9	9	8	9	8	0.17647	1	0.095374	0.95424	Noun	9	1	2.2918	3	43.44	10	0	1	low	low3	4	40	1	2	41	42	43	44	
7295	24676	flask	57	57	40	57	40	1.1176	1.7634	0.47687	1.6128	Noun	57	1	3.0553	1	37.5	5	2	1	low	low1	3	30	1	2	31	32	33	34	
5742	19449	dominion	58	58	38	35	30	1.1373	1.7709	0.45303	1.5911	Noun	58	1	3.0627	3	71.57	8	0	1	low	low3	4	40	1	2	41	42	43	44	
3219	10252	celebrant	3	3	3	3	3	0.058824	0.60206	0.035765	0.60206	Noun	3	1	1.8939	3	51.63	9	0	1	low	low3	4	40	1	2	41	42	43	44	
14207	47410	peroxide	55	55	40	51	38	1.0784	1.7482	0.47687	1.6128	Noun	55	1	3.04	3	36.14	8	0	1	low	low3	4	40	1	2	41	42	43	44	
19901	67642	triangle	218	218	125	138	88	4.2745	2.3404	1.4902	2.1004	Noun	217	1	3.6323	3	52.57	8	0	1	low	low3	4	40	1	2	41	42	43	44	
573	1821	amazement	36	36	34	34	33	0.70588	1.5682	0.40534	1.5441	Noun	36	1	2.86	3	44.5	9	0	1	low	low3	4	40	1	2	41	42	43	44	
14801	49151	pools	118	118	90	114	88	2.3137	2.0755	1.073	1.959	Noun	117	1	3.3674	1	45.75	5	4	1	low	low1	3	30	1	2	31	32	33	34	
18317	62240	steadiness	3	3	3	3	3	0.058824	0.60206	0.035765	0.60206	Noun	3	1	1.8939	3	51.22	10	0	1	low	low3	4	40	1	2	41	42	43	44	
13074	43756	notary	35	35	27	31	26	0.68627	1.5563	0.32189	1.4472	Noun	35	1	2.8481	3	38.6	6	1	1	low	low3	4	40	1	2	41	42	43	44	
3243	10314	censorship	54	54	33	49	32	1.0588	1.7404	0.39342	1.5315	Noun	54	1	3.0322	3	27.67	10	0	1	low	low3	4	40	1	2	41	42	43	44	
7721	26092	frogs	172	172	95	147	88	3.3725	2.238	1.1326	1.9823	Noun	172	1	3.5299	1	31	5	0	1	low	low1	3	30	1	2	31	32	33	34	
755	2411	anteater	11	11	11	10	10	0.21569	1.0792	0.13114	1.0792	Noun	11	1	2.371	3	96	8	0	1	low	low3	4	40	1	2	41	42	43	44	
13552	45223	outs	99	99	68	98	67	1.9412	2	0.81068	1.8388	Noun	99	1	3.2918	1	21	4	8	1	low	low1	3	30	1	2	31	32	33	34	
16081	54429	resources	470	470	375	424	347	9.2157	2.673	4.4707	2.5752	Noun	470	1	3.9649	3	100.25	9	0	1	high	high3	2	20	1	2	21	22	23	24	
12463	41711	morphs	2	2	2	2	2	0.039216	0.47712	0.023844	0.47712	Noun	2	1	1.769	1	35.4	6	0	1	low	low1	3	30	1	2	31	32	33	34	
19583	66606	tobaccos	3	3	3	3	3	0.058824	0.60206	0.035765	0.60206	Noun	3	1	1.8939	3	13.29	8	0	1	low	low3	4	40	1	2	41	42	43	44	
954	3051	argonaut	1	1	1	0	0	0.019608	0.30103	0.011922	0.30103	Noun	1	1	1.5929	3	16.71	8	0	1	low	low3	4	40	1	2	41	42	43	44	
8012	27012	genotypes	1	1	1	1	1	0.019608	0.30103	0.011922	0.30103	Noun	1	1	1.5929	3	58.88	9	0	1	low	low3	4	40	1	2	41	42	43	44	
10995	37120	libraries	35	35	33	31	29	0.68627	1.5563	0.39342	1.5315	Noun	35	1	2.8481	3	104.88	9	0	1	low	low3	4	40	1	2	41	42	43	44	
