numid|f	X|f	Word|s	Unnamed|f	FREQcount|f	Cdcount|f	FREQlow|f	Cdlow|f	SUBTLWF|f	Lg10WF|f	SUBTLCD|f	Lg10CD|f	Dom_PoS_SUBTLEX|s	Freq_dom_PoS_SUBTLEX|f	Percentage_dom_PoS|f	Zipfvalue|f	cmu_sylls|f	BF_TP|f	LEN_L|f	N|f	Zipfvalue_incl|f	Zipfvalue_cat|s	cond_name|s	cond_code|f	trigger_code|f	len|f	corr_resp|f	fix_code|f	word_code|f	delay_code|f	audioresp_code|f	
13207	44148	observance	3	3	3	3	3	0.058824	0.60206	0.035765	0.60206	Noun	3	1	1.8939	3	48.22	10	0	1	low	low3	4	40	1	2	41	42	43	44	
9801	32993	inductor	3	3	2	3	2	0.058824	0.60206	0.023844	0.47712	Noun	3	1	1.8939	3	40	8	0	1	low	low3	4	40	1	2	41	42	43	44	
16706	56620	sausages	130	130	83	106	77	2.549	2.1173	0.98951	1.9243	Noun	130	1	3.4091	3	90.43	8	0	1	low	low3	4	40	1	2	41	42	43	44	
2526	8283	buffalos	3	3	3	2	2	0.058824	0.60206	0.035765	0.60206	Noun	3	1	1.8939	3	16.57	8	0	1	low	low3	4	40	1	2	41	42	43	44	
19940	67751	trimester	43	43	36	43	36	0.84314	1.6435	0.42918	1.5682	Noun	43	1	2.9353	3	83.38	9	0	1	low	low3	4	40	1	2	41	42	43	44	
1710	5423	beets	52	52	28	44	22	1.0196	1.7243	0.33381	1.4624	Noun	52	1	3.0161	1	54.25	5	4	1	low	low1	3	30	1	2	31	32	33	34	
670	2146	anchovy	7	7	7	6	6	0.13725	0.90309	0.083453	0.90309	Noun	7	1	2.1949	3	16.83	7	0	1	low	low3	4	40	1	2	41	42	43	44	
10031	33978	interval	45	45	37	44	36	0.88235	1.6628	0.44111	1.5798	Noun	45	1	2.9546	3	74.43	8	1	1	low	low3	4	40	1	2	41	42	43	44	
20865	71940	wands	18	18	14	14	10	0.35294	1.2788	0.16691	1.1761	Noun	18	1	2.5706	1	51.25	5	9	1	low	low1	3	30	1	2	31	32	33	34	
16127	54674	retraction	51	51	42	50	41	1	1.716	0.50072	1.6335	Noun	51	1	3.0078	3	139.56	10	0	1	low	low3	4	40	1	2	41	42	43	44	
21350	73625	wranglers	11	11	8	6	5	0.21569	1.0792	0.095374	0.95424	Noun	11	1	2.371	3	65.88	9	0	1	low	low3	4	40	1	2	41	42	43	44	
19867	67544	treasurer	57	57	30	49	27	1.1176	1.7634	0.35765	1.4914	Noun	57	1	3.0553	3	59.88	9	2	1	low	low3	4	40	1	2	41	42	43	44	
2364	7738	breadth	22	22	21	21	20	0.43137	1.3617	0.25036	1.3424	Noun	22	1	2.6536	1	45.33	7	0	1	low	low1	3	30	1	2	31	32	33	34	
15971	53865	remoteness	4	4	4	3	3	0.078431	0.69897	0.047687	0.69897	Noun	4	1	1.9908	3	70.56	10	0	1	low	low3	4	40	1	2	41	42	43	44	
1810	5897	beverage	119	119	99	112	92	2.3333	2.0792	1.1803	2	Noun	119	1	3.371	3	63.57	8	1	1	low	low3	4	40	1	2	41	42	43	44	
18453	62731	storyline	7	7	6	7	6	0.13725	0.90309	0.071531	0.8451	Noun	7	1	2.1949	3	134.88	9	0	1	low	low3	4	40	1	2	41	42	43	44	
20949	72158	waterbeds	3	3	3	3	3	0.058824	0.60206	0.035765	0.60206	Noun	3	1	1.8939	3	51.63	9	0	1	low	low3	4	40	1	2	41	42	43	44	
8570	28750	guides	91	91	74	82	68	1.7843	1.9638	0.88221	1.8751	Noun	91	1	3.2556	1	105.2	6	3	1	low	low1	3	30	1	2	31	32	33	34	
10393	35318	kangaroos	34	34	22	28	21	0.66667	1.5441	0.26228	1.3617	Noun	34	1	2.8359	3	29.5	9	0	1	low	low3	4	40	1	2	41	42	43	44	
10572	35843	knives	353	353	269	335	255	6.9216	2.549	3.207	2.4314	Noun	353	1	3.8408	1	90.2	6	1	1	high	high1	1	10	1	2	11	12	13	14	
16120	54638	retina	37	37	29	33	27	0.72549	1.5798	0.34573	1.4771	Noun	37	1	2.8716	3	94.8	6	0	1	low	low3	4	40	1	2	41	42	43	44	
1701	5400	beekeeping	2	2	2	2	2	0.039216	0.47712	0.023844	0.47712	Noun	2	1	1.769	3	115	10	0	1	low	low3	4	40	1	2	41	42	43	44	
15741	52531	realestate	1	1	1	0	0	0.019608	0.30103	0.011922	0.30103	Noun	1	1	1.5929	3	62.22	10	0	1	low	low3	4	40	1	2	41	42	43	44	
572	1818	amateurs	176	176	143	146	123	3.451	2.248	1.7048	2.1584	Noun	174	1	3.5398	3	56.43	8	0	1	low	low3	4	40	1	2	41	42	43	44	
12248	41085	mistresses	23	23	21	21	19	0.45098	1.3802	0.25036	1.3424	Noun	23	1	2.672	3	86.11	10	0	1	low	low3	4	40	1	2	41	42	43	44	
13144	43949	nunnery	23	23	17	23	17	0.45098	1.3802	0.20267	1.2553	Noun	23	1	2.672	3	94.83	7	1	1	low	low3	4	40	1	2	41	42	43	44	
12042	40414	microscope	129	129	103	126	100	2.5294	2.1139	1.2279	2.017	Noun	129	1	3.4058	3	18.44	10	1	1	low	low3	4	40	1	2	41	42	43	44	
9634	32064	iguana	40	40	19	27	17	0.78431	1.6128	0.22651	1.301	Noun	40	1	2.9046	3	12.8	6	0	1	low	low3	4	40	1	2	41	42	43	44	
16643	56418	sandwiches	490	490	331	456	313	9.6078	2.6911	3.9461	2.5211	Noun	490	1	3.9829	3	58.78	10	1	1	high	high3	2	20	1	2	21	22	23	24	
1194	3839	auditor	24	24	15	23	14	0.47059	1.3979	0.17883	1.2041	Noun	24	1	2.6898	3	21.5	7	0	1	low	low3	4	40	1	2	41	42	43	44	
13509	45054	outages	3	3	3	3	3	0.058824	0.60206	0.035765	0.60206	Noun	3	1	1.8939	3	112.33	7	0	1	low	low3	4	40	1	2	41	42	43	44	
11000	37130	libyans	8	8	4	0	0	0.15686	0.95424	0.047687	0.69897	Noun	8	1	2.2461	3	36.83	7	0	1	low	low3	4	40	1	2	41	42	43	44	
1775	5746	bere	1	1	1	1	1	0.019608	0.30103	0.011922	0.30103	Noun	1	1	1.5929	1	28	4	7	1	low	low1	3	30	1	2	31	32	33	34	
3889	12411	cognition	1	1	1	1	1	0.019608	0.30103	0.011922	0.30103	Noun	1	1	1.5929	3	121.63	9	0	1	low	low3	4	40	1	2	41	42	43	44	
16685	56558	satire	33	33	22	31	22	0.64706	1.5315	0.26228	1.3617	Noun	33	1	2.8233	3	47.4	6	0	1	low	low3	4	40	1	2	41	42	43	44	
10627	36062	labrador	27	27	17	5	3	0.52941	1.4472	0.20267	1.2553	Noun	27	1	2.739	3	28.29	8	0	1	low	low3	4	40	1	2	41	42	43	44	
3496	11110	chimpanzee	62	62	39	61	38	1.2157	1.7993	0.46495	1.6021	Noun	62	1	3.0912	3	22.56	10	0	1	low	low3	4	40	1	2	41	42	43	44	
5213	17281	dentistry	19	19	11	19	11	0.37255	1.301	0.13114	1.0792	Noun	19	1	2.5929	3	65.38	9	0	1	low	low3	4	40	1	2	41	42	43	44	
8086	27236	gigabyte	1	1	1	0	0	0.019608	0.30103	0.011922	0.30103	Noun	1	1	1.5929	3	27.29	8	0	1	low	low3	4	40	1	2	41	42	43	44	
11332	38098	loyalists	5	5	4	4	3	0.098039	0.77815	0.047687	0.69897	Noun	5	1	2.07	3	39.88	9	0	1	low	low3	4	40	1	2	41	42	43	44	
11413	38361	lynx	1	1	1	1	1	0.019608	0.30103	0.011922	0.30103	Noun	1	1	1.5929	1	1	4	0	1	low	low1	3	30	1	2	31	32	33	34	
20246	69072	underpass	13	13	10	13	10	0.2549	1.1461	0.11922	1.0414	Noun	13	1	2.438	3	68.25	9	0	1	low	low3	4	40	1	2	41	42	43	44	
19611	66662	toiletries	11	11	11	8	8	0.21569	1.0792	0.13114	1.0792	Noun	11	1	2.371	3	72.22	10	0	1	low	low3	4	40	1	2	41	42	43	44	
10476	35605	kilobyte	1	1	1	1	1	0.019608	0.30103	0.011922	0.30103	Noun	1	1	1.5929	3	28.71	8	0	1	low	low3	4	40	1	2	41	42	43	44	
6424	21660	enjoyment	69	69	66	68	66	1.3529	1.8451	0.78684	1.8261	Noun	69	1	3.1369	3	45.75	9	0	1	low	low3	4	40	1	2	41	42	43	44	
6779	23054	expresso	5	5	4	5	4	0.098039	0.77815	0.047687	0.69897	Noun	5	1	2.07	3	21.43	8	1	1	low	low3	4	40	1	2	41	42	43	44	
15926	53671	relatives	513	513	423	494	411	10.0588	2.711	5.0429	2.6274	Noun	510	1	4.0028	3	99.38	9	0	1	high	high3	2	20	1	2	21	22	23	24	
2076	6819	blurb	13	13	5	13	5	0.2549	1.1461	0.059609	0.77815	Noun	13	1	2.438	1	23	5	1	1	low	low1	3	30	1	2	31	32	33	34	
1453	4627	bananas	278	278	176	229	153	5.451	2.4456	2.0982	2.248	Noun	276	1	3.7374	3	50.67	7	0	1	high	high3	2	20	1	2	21	22	23	24	
6772	23014	exponent	4	4	4	3	3	0.078431	0.69897	0.047687	0.69897	Noun	4	1	1.9908	3	63.14	8	0	1	low	low3	4	40	1	2	41	42	43	44	
14909	49469	potency	24	24	24	23	23	0.47059	1.3979	0.28612	1.3979	Noun	24	1	2.6898	3	39.17	7	0	1	low	low3	4	40	1	2	41	42	43	44	
16077	54394	resistors	5	5	5	5	5	0.098039	0.77815	0.059609	0.77815	Noun	5	1	2.07	3	97.13	9	0	1	low	low3	4	40	1	2	41	42	43	44	
3979	12722	combustion	64	64	45	63	45	1.2549	1.8129	0.53648	1.6628	Noun	64	1	3.1047	3	138.22	10	0	1	low	low3	4	40	1	2	41	42	43	44	
8853	29536	harmonics	11	11	6	8	6	0.21569	1.0792	0.071531	0.8451	Noun	11	1	2.371	3	56.88	9	2	1	low	low3	4	40	1	2	41	42	43	44	
17374	58759	shots	1447	1447	951	1357	913	28.3725	3.1608	11.3376	2.9786	Noun	1448	1	4.4526	1	61.75	5	7	1	high	high1	1	10	1	2	11	12	13	14	
2363	7736	breads	7	7	7	6	6	0.13725	0.90309	0.083453	0.90309	Noun	7	1	2.1949	1	52.8	6	5	1	low	low1	3	30	1	2	31	32	33	34	
11576	38868	mane	30	30	27	30	27	0.58824	1.4914	0.32189	1.4472	Noun	30	1	2.7832	1	36.67	4	17	1	low	low1	3	30	1	2	31	32	33	34	
1139	3649	athletics	32	32	20	24	16	0.62745	1.5185	0.23844	1.3222	Noun	32	1	2.8103	3	61.5	9	0	1	low	low3	4	40	1	2	41	42	43	44	
21244	73295	wits	146	146	133	146	133	2.8627	2.1673	1.5856	2.1271	Noun	147	1	3.4592	1	28.33	4	12	1	low	low1	3	30	1	2	31	32	33	34	
6328	21251	emission	25	25	20	23	19	0.4902	1.415	0.23844	1.3222	Noun	25	1	2.7068	3	51.71	8	1	1	low	low3	4	40	1	2	41	42	43	44	
20690	71411	violets	53	53	37	40	28	1.0392	1.7324	0.44111	1.5798	Noun	53	1	3.0242	3	70.17	7	0	1	low	low3	4	40	1	2	41	42	43	44	
7693	25996	fridge	502	502	392	499	390	9.8431	2.7016	4.6733	2.5944	Noun	502	1	3.9934	1	41.8	6	2	1	high	high1	1	10	1	2	11	12	13	14	
4236	14088	convulsion	10	10	9	9	8	0.19608	1.0414	0.1073	1	Noun	10	1	2.3332	3	110.44	10	0	1	low	low3	4	40	1	2	41	42	43	44	
17765	60235	snails	113	113	43	79	34	2.2157	2.0569	0.51264	1.6435	Noun	113	1	3.3487	1	37	6	1	1	low	low1	3	30	1	2	31	32	33	34	
10652	36133	ladybugs	10	10	7	8	6	0.19608	1.0414	0.083453	0.90309	Noun	9	1	2.3332	3	21.14	8	0	1	low	low3	4	40	1	2	41	42	43	44	
13239	44261	octagon	11	11	7	9	5	0.21569	1.0792	0.083453	0.90309	Noun	11	1	2.371	3	22.67	7	0	1	low	low3	4	40	1	2	41	42	43	44	
14870	49347	positives	9	9	9	9	9	0.17647	1	0.1073	1	Noun	9	1	2.2918	3	75.75	9	0	1	low	low3	4	40	1	2	41	42	43	44	
65	238	absorption	18	18	17	16	15	0.35294	1.2788	0.20267	1.2553	Noun	18	1	2.5706	3	107.78	10	0	1	low	low3	4	40	1	2	41	42	43	44	
3734	11968	clinician	3	3	3	3	3	0.058824	0.60206	0.035765	0.60206	Noun	3	1	1.8939	3	37.88	9	0	1	low	low3	4	40	1	2	41	42	43	44	
10707	36287	landowner	19	19	16	19	16	0.37255	1.301	0.19075	1.2304	Noun	19	1	2.5929	3	48.75	9	0	1	low	low3	4	40	1	2	41	42	43	44	
1834	5974	bicuspids	4	4	4	4	4	0.078431	0.69897	0.047687	0.69897	Noun	4	1	1.9908	3	19.13	9	0	1	low	low3	4	40	1	2	41	42	43	44	
4982	16357	daze	28	28	25	22	19	0.54902	1.4624	0.29804	1.415	Noun	28	1	2.7542	1	12.67	4	10	1	low	low1	3	30	1	2	31	32	33	34	
12472	41733	mortgages	36	36	31	33	29	0.70588	1.5682	0.36958	1.5051	Noun	36	1	2.86	3	78.88	9	1	1	low	low3	4	40	1	2	41	42	43	44	
12386	41478	monologue	58	58	37	57	36	1.1373	1.7709	0.44111	1.5798	Noun	58	1	3.0627	3	34.25	9	0	1	low	low3	4	40	1	2	41	42	43	44	
13605	45661	overtone	3	3	3	3	3	0.058824	0.60206	0.035765	0.60206	Noun	3	1	1.8939	3	53.71	8	1	1	low	low3	4	40	1	2	41	42	43	44	
17054	57728	selves	62	62	52	61	51	1.2157	1.7993	0.61993	1.7243	Noun	62	1	3.0912	1	110	6	2	1	low	low1	3	30	1	2	31	32	33	34	
6220	20805	eggs	1971	1971	1115	1842	1063	38.6471	3.2949	13.2928	3.0477	Noun	1970	1	4.5867	1	12.33	4	1	1	high	high1	1	10	1	2	11	12	13	14	
6982	23725	favorites	200	200	182	199	181	3.9216	2.3032	2.1698	2.2625	Noun	199	1	3.595	3	101.25	9	0	1	low	low3	4	40	1	2	41	42	43	44	
2716	8868	cabernets	1	1	1	1	1	0.019608	0.30103	0.011922	0.30103	Noun	1	1	1.5929	3	64.88	9	0	1	low	low3	4	40	1	2	41	42	43	44	
10229	34712	jeans	337	337	243	305	225	6.6078	2.5289	2.897	2.3874	Noun	337	1	3.8208	1	52	5	4	1	high	high1	1	10	1	2	11	12	13	14	
2251	7376	botany	20	20	19	17	16	0.39216	1.3222	0.22651	1.301	Noun	20	1	2.6141	3	37.2	6	0	1	low	low3	4	40	1	2	41	42	43	44	
15509	51728	queues	5	5	3	5	3	0.098039	0.77815	0.035765	0.60206	Noun	5	1	2.07	1	77	6	1	1	low	low1	3	30	1	2	31	32	33	34	
8074	27198	ghouls	47	47	34	43	32	0.92157	1.6812	0.40534	1.5441	Noun	47	1	2.9731	1	34.8	6	0	1	low	low1	3	30	1	2	31	32	33	34	
7026	23893	felonies	33	33	29	33	29	0.64706	1.5315	0.34573	1.4771	Noun	33	1	2.8233	3	116.14	8	0	1	low	low3	4	40	1	2	41	42	43	44	
8849	29515	harlequin	17	17	11	2	2	0.33333	1.2553	0.13114	1.0792	Noun	17	1	2.5471	3	31.75	9	0	1	low	low3	4	40	1	2	41	42	43	44	
8801	29366	handymen	5	5	4	4	4	0.098039	0.77815	0.047687	0.69897	Noun	5	1	2.07	3	49	8	1	1	low	low3	4	40	1	2	41	42	43	44	
21062	72559	whales	297	297	103	263	94	5.8235	2.4742	1.2279	2.017	Noun	298	1	3.7661	1	116.8	6	0	1	high	high1	1	10	1	2	11	12	13	14	
15976	53877	remover	33	33	28	32	27	0.64706	1.5315	0.33381	1.4624	Noun	33	1	2.8233	3	103	7	4	1	low	low3	4	40	1	2	41	42	43	44	
14969	49648	prawn	26	26	14	18	9	0.5098	1.4314	0.16691	1.1761	Noun	26	1	2.7232	1	34.25	5	2	1	low	low1	3	30	1	2	31	32	33	34	
13660	45834	packs	231	231	191	222	184	4.5294	2.3655	2.2771	2.2833	Noun	231	1	3.6573	1	50.25	5	11	1	high	high1	1	10	1	2	11	12	13	14	
11478	38609	mailboxes	31	31	27	30	26	0.60784	1.5051	0.32189	1.4472	Noun	31	1	2.797	3	58.63	9	0	1	low	low3	4	40	1	2	41	42	43	44	
2807	9114	calorie	12	12	12	12	12	0.23529	1.1139	0.14306	1.1139	Noun	12	1	2.4058	3	41.17	7	0	1	low	low3	4	40	1	2	41	42	43	44	
19374	65922	thermostat	58	58	40	56	38	1.1373	1.7709	0.47687	1.6128	Noun	58	1	3.0627	3	17.67	10	0	1	low	low3	4	40	1	2	41	42	43	44	
9718	32543	impulses	109	109	93	109	93	2.1373	2.0414	1.1087	1.9731	Noun	108	1	3.3332	3	93.57	8	0	1	low	low3	4	40	1	2	41	42	43	44	
989	3152	aroma	69	69	64	67	63	1.3529	1.8451	0.76299	1.8129	Noun	69	1	3.1369	3	24.5	5	0	1	low	low3	4	40	1	2	41	42	43	44	
13689	45905	painkiller	27	27	26	26	25	0.52941	1.4472	0.30997	1.4314	Noun	27	1	2.739	3	28	10	0	1	low	low3	4	40	1	2	41	42	43	44	
10017	33857	interlude	22	22	19	22	19	0.43137	1.3617	0.22651	1.301	Noun	22	1	2.6536	3	70.88	9	0	1	low	low3	4	40	1	2	41	42	43	44	
7368	24925	floors	407	407	300	398	295	7.9804	2.6107	3.5765	2.4786	Noun	407	1	3.9025	1	62.6	6	2	1	high	high1	1	10	1	2	11	12	13	14	
152	589	activist	50	50	40	47	37	0.98039	1.7076	0.47687	1.6128	Noun	50	1	2.9994	3	48	8	1	1	low	low3	4	40	1	2	41	42	43	44	
5298	17651	destinies	43	43	36	43	36	0.84314	1.6435	0.42918	1.5682	Noun	43	1	2.9353	3	134.38	9	0	1	low	low3	4	40	1	2	41	42	43	44	
8472	28397	grievances	39	39	29	38	28	0.76471	1.6021	0.34573	1.4771	Noun	39	1	2.8939	3	60.22	10	0	1	low	low3	4	40	1	2	41	42	43	44	
2544	8336	bulb	200	200	148	193	142	3.9216	2.3032	1.7644	2.1732	Noun	200	1	3.595	1	15.67	4	2	1	low	low1	3	30	1	2	31	32	33	34	
18027	61124	spas	10	10	10	10	10	0.19608	1.0414	0.11922	1.0414	Noun	10	1	2.3332	1	8	4	4	1	low	low1	3	30	1	2	31	32	33	34	
8646	28928	guts	1211	1211	894	1171	878	23.7451	3.0835	10.6581	2.9518	Noun	1212	1	4.3753	1	23	4	10	1	high	high1	1	10	1	2	11	12	13	14	
12478	41752	mosaics	10	10	5	9	5	0.19608	1.0414	0.059609	0.77815	Noun	10	1	2.3332	3	27.17	7	0	1	low	low3	4	40	1	2	41	42	43	44	
3010	9701	carnation	43	43	30	37	27	0.84314	1.6435	0.35765	1.4914	Noun	42	1	2.9353	3	123.63	9	0	1	low	low3	4	40	1	2	41	42	43	44	
3028	9752	carpenters	35	35	30	28	24	0.68627	1.5563	0.35765	1.4914	Noun	35	1	2.8481	3	61.44	10	0	1	low	low3	4	40	1	2	41	42	43	44	
9657	32162	imbalance	54	54	49	53	48	1.0588	1.7404	0.58417	1.699	Noun	54	1	3.0322	3	48.13	9	0	1	low	low3	4	40	1	2	41	42	43	44	
1157	3693	atria	4	4	4	4	4	0.078431	0.69897	0.047687	0.69897	Noun	4	1	1.9908	3	7.25	5	0	1	low	low3	4	40	1	2	41	42	43	44	
19376	65926	thesaurus	20	20	16	16	13	0.39216	1.3222	0.19075	1.2304	Noun	20	1	2.6141	3	28.13	9	0	1	low	low3	4	40	1	2	41	42	43	44	
2998	9654	caribou	15	15	14	12	11	0.29412	1.2041	0.16691	1.1761	Noun	15	1	2.496	3	60.67	7	0	1	low	low3	4	40	1	2	41	42	43	44	
19058	64923	tangerines	8	8	8	6	6	0.15686	0.95424	0.095374	0.95424	Noun	8	1	2.2461	3	74.89	10	0	1	low	low3	4	40	1	2	41	42	43	44	
7220	24472	fishery	11	11	7	10	6	0.21569	1.0792	0.083453	0.90309	Noun	11	1	2.371	3	95	7	1	1	low	low3	4	40	1	2	41	42	43	44	
9551	31810	hypnotist	41	41	23	34	22	0.80392	1.6232	0.2742	1.3802	Noun	39	1	2.9151	3	66.63	9	1	1	low	low3	4	40	1	2	41	42	43	44	
8858	29549	harnesses	10	10	9	10	9	0.19608	1.0414	0.1073	1	Noun	10	1	2.3332	3	99.25	9	1	1	low	low3	4	40	1	2	41	42	43	44	
5609	18955	disruption	51	51	35	41	34	1	1.716	0.41726	1.5563	Noun	55	1	3.0078	3	124.33	10	0	1	low	low3	4	40	1	2	41	42	43	44	
21154	72944	width	35	35	32	33	30	0.68627	1.5563	0.3815	1.5185	Noun	35	1	2.8481	1	22.25	5	0	1	low	low1	3	30	1	2	31	32	33	34	
9864	33248	infuses	1	1	1	1	1	0.019608	0.30103	0.011922	0.30103	Noun	1	1	1.5929	3	115.67	7	1	1	low	low3	4	40	1	2	41	42	43	44	
12423	41596	moons	120	120	75	109	72	2.3529	2.0828	0.89413	1.8808	Noun	121	1	3.3746	1	49.5	5	5	1	low	low1	3	30	1	2	31	32	33	34	
9870	33262	ingestion	15	15	14	14	13	0.29412	1.2041	0.16691	1.1761	Noun	15	1	2.496	3	120.25	9	0	1	low	low3	4	40	1	2	41	42	43	44	
9111	30296	heroics	34	34	32	34	32	0.66667	1.5441	0.3815	1.5185	Noun	34	1	2.8359	3	40	7	0	1	low	low3	4	40	1	2	41	42	43	44	
9686	32314	impatience	35	35	33	30	28	0.68627	1.5563	0.39342	1.5315	Noun	35	1	2.8481	3	54.67	10	0	1	low	low3	4	40	1	2	41	42	43	44	
15555	51864	quotation	18	18	17	17	16	0.35294	1.2788	0.20267	1.2553	Noun	18	1	2.5706	3	107.25	9	0	1	low	low3	4	40	1	2	41	42	43	44	
11341	38120	lubricant	35	35	27	34	27	0.68627	1.5563	0.32189	1.4472	Noun	35	1	2.8481	3	49.88	9	0	1	low	low3	4	40	1	2	41	42	43	44	
8358	28049	graduates	99	99	83	96	82	1.9412	2	0.98951	1.9243	Noun	99	1	3.2918	3	113.13	9	1	1	low	low3	4	40	1	2	41	42	43	44	
15998	53981	rep	263	263	173	239	165	5.1569	2.4216	2.0625	2.2405	Noun	256	1	3.7134	1	4	3	8	1	high	high1	1	10	1	2	11	12	13	14	
157	598	actresses	115	115	91	108	87	2.2549	2.0645	1.0849	1.9638	Noun	115	1	3.3563	3	91.5	9	0	1	low	low3	4	40	1	2	41	42	43	44	
16005	54016	repayment	12	12	11	11	10	0.23529	1.1139	0.13114	1.0792	Noun	12	1	2.4058	3	75.13	9	0	1	low	low3	4	40	1	2	41	42	43	44	
7156	24292	finalist	24	24	17	23	16	0.47059	1.3979	0.20267	1.2553	Noun	24	1	2.6898	3	87.57	8	0	1	low	low3	4	40	1	2	41	42	43	44	
4219	13980	controller	66	66	47	65	46	1.2941	1.8261	0.56032	1.6812	Noun	66	1	3.1179	3	75.44	10	1	1	low	low3	4	40	1	2	41	42	43	44	
13822	46245	parakeets	6	6	6	5	5	0.11765	0.8451	0.071531	0.8451	Noun	6	1	2.1369	3	49	9	0	1	low	low3	4	40	1	2	41	42	43	44	
12394	41497	monorail	5	5	3	5	3	0.098039	0.77815	0.035765	0.60206	Noun	5	1	2.07	3	55.14	8	0	1	low	low3	4	40	1	2	41	42	43	44	
10161	34490	ivory	71	71	63	65	58	1.3922	1.8573	0.75107	1.8062	Noun	71	1	3.1492	3	18.5	5	0	1	low	low3	4	40	1	2	41	42	43	44	
2266	7422	bough	15	15	11	8	8	0.29412	1.2041	0.13114	1.0792	Noun	15	1	2.496	1	31.5	5	4	1	low	low1	3	30	1	2	31	32	33	34	
17418	58887	shrub	14	14	13	14	13	0.27451	1.1761	0.15498	1.1461	Noun	14	1	2.4679	1	19.75	5	2	1	low	low1	3	30	1	2	31	32	33	34	
19543	66482	tins	25	25	23	24	22	0.4902	1.415	0.2742	1.3802	Noun	25	1	2.7068	1	35.33	4	17	1	low	low1	3	30	1	2	31	32	33	34	
21447	73966	yew	2	2	2	2	2	0.039216	0.47712	0.023844	0.47712	Noun	2	1	1.769	1	6	3	10	1	low	low1	3	30	1	2	31	32	33	34	
9839	33144	infighting	12	12	12	11	11	0.23529	1.1139	0.14306	1.1139	Noun	12	1	2.4058	3	184.67	10	0	1	low	low3	4	40	1	2	41	42	43	44	
14739	48987	pollutant	1	1	1	1	1	0.019608	0.30103	0.011922	0.30103	Noun	1	1	1.5929	3	60.25	9	0	1	low	low3	4	40	1	2	41	42	43	44	
8822	29435	harasser	3	3	3	1	1	0.058824	0.60206	0.035765	0.60206	Noun	3	1	1.8939	3	82.86	8	1	1	low	low3	4	40	1	2	41	42	43	44	
4346	14378	corps	555	555	267	138	89	10.8824	2.7451	3.1831	2.4281	Noun	551	1	4.0369	1	45.25	5	6	1	high	high1	1	10	1	2	11	12	13	14	
5226	17328	dependents	11	11	11	11	11	0.21569	1.0792	0.13114	1.0792	Noun	11	1	2.371	3	67.56	10	1	1	low	low3	4	40	1	2	41	42	43	44	
10151	34456	italics	5	5	5	4	4	0.098039	0.77815	0.059609	0.77815	Noun	5	1	2.07	3	49.17	7	0	1	low	low3	4	40	1	2	41	42	43	44	
11432	38431	machinists	4	4	2	4	2	0.078431	0.69897	0.023844	0.47712	Noun	4	1	1.9908	3	38.67	10	0	1	low	low3	4	40	1	2	41	42	43	44	
13604	45636	overstock	2	2	2	2	2	0.039216	0.47712	0.023844	0.47712	Noun	2	1	1.769	3	39	9	0	1	low	low3	4	40	1	2	41	42	43	44	
1224	3956	autoclave	4	4	4	4	4	0.078431	0.69897	0.047687	0.69897	Noun	4	1	1.9908	3	27.38	9	0	1	low	low3	4	40	1	2	41	42	43	44	
13996	46717	patronage	19	19	17	18	16	0.37255	1.301	0.20267	1.2553	Noun	19	1	2.5929	3	48.13	9	0	1	low	low3	4	40	1	2	41	42	43	44	
5445	18180	digs	151	151	138	148	135	2.9608	2.1818	1.6452	2.143	Noun	151	1	3.4737	1	21	4	8	1	low	low1	3	30	1	2	31	32	33	34	
3779	12124	clubhouses	2	2	2	2	2	0.039216	0.47712	0.023844	0.47712	Noun	2	1	1.769	3	49.56	10	0	1	low	low3	4	40	1	2	41	42	43	44	
2272	7443	bounciness	1	1	1	1	1	0.019608	0.30103	0.011922	0.30103	Noun	1	1	1.5929	3	52.78	10	0	1	low	low3	4	40	1	2	41	42	43	44	
11737	39401	mastery	29	29	26	28	26	0.56863	1.4771	0.30997	1.4314	Noun	29	1	2.769	3	129.5	7	2	1	low	low3	4	40	1	2	41	42	43	44	
10637	36092	lackluster	6	6	5	6	5	0.11765	0.8451	0.059609	0.77815	Noun	6	1	2.1369	3	43.67	10	0	1	low	low3	4	40	1	2	41	42	43	44	
2163	7115	bonfire	89	89	59	87	58	1.7451	1.9542	0.70339	1.7782	Noun	89	1	3.2461	3	45.33	7	0	1	low	low3	4	40	1	2	41	42	43	44	
13047	43652	nook	54	54	40	51	38	1.0588	1.7404	0.47687	1.6128	Noun	54	1	3.0322	1	25	4	7	1	low	low1	3	30	1	2	31	32	33	34	
3062	9836	cartridges	51	51	40	45	36	1	1.716	0.47687	1.6128	Noun	51	1	3.0078	3	67.56	10	1	1	low	low3	4	40	1	2	41	42	43	44	
6755	22931	expenses	393	393	316	381	307	7.7059	2.5955	3.7673	2.5011	Noun	393	1	3.8873	3	109.57	8	1	1	high	high3	2	20	1	2	21	22	23	24	
12154	40702	mines	316	316	192	295	179	6.1961	2.5011	2.289	2.2856	Noun	321	1	3.7929	1	92.25	5	19	1	high	high1	1	10	1	2	11	12	13	14	
12029	40377	microchip	74	74	33	70	32	1.451	1.8751	0.39342	1.5315	Noun	74	1	3.1669	3	22.13	9	0	1	low	low3	4	40	1	2	41	42	43	44	
11414	38366	lyre	4	4	4	4	4	0.078431	0.69897	0.047687	0.69897	Noun	4	1	1.9908	1	14.33	4	6	1	low	low1	3	30	1	2	31	32	33	34	
9950	33518	insider	36	36	30	26	22	0.70588	1.5682	0.35765	1.4914	Noun	36	1	2.86	3	95	7	1	1	low	low3	4	40	1	2	41	42	43	44	
9920	33416	innocents	73	73	56	70	56	1.4314	1.8692	0.66762	1.7559	Noun	72	1	3.1611	3	63.75	9	0	1	low	low3	4	40	1	2	41	42	43	44	
9812	33043	inertia	31	31	24	28	22	0.60784	1.5051	0.28612	1.3979	Noun	31	1	2.797	3	37.33	7	0	1	low	low3	4	40	1	2	41	42	43	44	
17243	58294	shard	37	37	11	36	10	0.72549	1.5798	0.13114	1.0792	Noun	37	1	2.8716	1	43.25	5	5	1	low	low1	3	30	1	2	31	32	33	34	
8311	27889	gooseberry	14	14	10	11	9	0.27451	1.1761	0.11922	1.0414	Noun	14	1	2.4679	3	21.44	10	0	1	low	low3	4	40	1	2	41	42	43	44	
5227	17335	depiction	16	16	15	16	15	0.31373	1.2304	0.17883	1.2041	Noun	16	1	2.5223	3	117.63	9	0	1	low	low3	4	40	1	2	41	42	43	44	
1793	5841	bestseller	35	35	29	35	29	0.68627	1.5563	0.34573	1.4771	Noun	35	1	2.8481	3	39.11	10	0	1	low	low3	4	40	1	2	41	42	43	44	
5224	17324	dependence	21	21	21	20	20	0.41176	1.3424	0.25036	1.3424	Noun	21	1	2.6343	3	64.33	10	1	1	low	low3	4	40	1	2	41	42	43	44	
9106	30283	hermitage	11	11	7	6	4	0.21569	1.0792	0.083453	0.90309	Noun	11	1	2.371	3	43.63	9	0	1	low	low3	4	40	1	2	41	42	43	44	
2195	7208	bookseller	5	5	4	5	4	0.098039	0.77815	0.047687	0.69897	Noun	5	1	2.07	3	26.11	10	0	1	low	low3	4	40	1	2	41	42	43	44	
21332	73541	worlds	453	453	298	419	286	8.8824	2.6571	3.5527	2.4757	Noun	483	1	3.9489	1	36.4	6	0	1	high	high1	1	10	1	2	11	12	13	14	
15628	52080	rainforest	24	24	22	21	19	0.47059	1.3979	0.26228	1.3617	Noun	24	1	2.6898	3	23.78	10	0	1	low	low3	4	40	1	2	41	42	43	44	
18777	63994	suppressor	9	9	3	8	3	0.17647	1	0.035765	0.60206	Noun	9	1	2.2918	3	32.67	10	0	1	low	low3	4	40	1	2	41	42	43	44	
11172	37647	loaves	28	28	23	27	23	0.54902	1.4624	0.2742	1.3802	Noun	28	1	2.7542	1	102.8	6	1	1	low	low1	3	30	1	2	31	32	33	34	
608	1945	amnesty	68	68	46	38	26	1.3333	1.8388	0.5484	1.6721	Noun	68	1	3.1307	3	25.33	7	0	1	low	low3	4	40	1	2	41	42	43	44	
3952	12620	colonist	3	3	2	3	2	0.058824	0.60206	0.023844	0.47712	Noun	3	1	1.8939	3	89.14	8	0	1	low	low3	4	40	1	2	41	42	43	44	
20247	69094	underseas	1	1	1	1	1	0.019608	0.30103	0.011922	0.30103	Noun	1	1	1.5929	3	54.75	9	0	1	low	low3	4	40	1	2	41	42	43	44	
21383	73721	wrongdoing	26	26	26	26	26	0.5098	1.4314	0.30997	1.4314	Noun	26	1	2.7232	3	127	10	0	1	low	low3	4	40	1	2	41	42	43	44	
18599	63338	submersion	4	4	4	3	3	0.078431	0.69897	0.047687	0.69897	Noun	3	1	1.9908	3	92	10	1	1	low	low3	4	40	1	2	41	42	43	44	
1480	4695	banishment	10	10	9	7	7	0.19608	1.0414	0.1073	1	Noun	10	1	2.3332	3	47.11	10	0	1	low	low3	4	40	1	2	41	42	43	44	
3212	10231	ceasefire	15	15	11	12	8	0.29412	1.2041	0.13114	1.0792	Noun	15	1	2.496	3	33.25	9	0	1	low	low3	4	40	1	2	41	42	43	44	
3874	12373	coercion	22	22	19	19	18	0.43137	1.3617	0.22651	1.301	Noun	22	1	2.6536	3	79	8	0	1	low	low3	4	40	1	2	41	42	43	44	
11355	38196	lumberman	1	1	1	1	1	0.019608	0.30103	0.011922	0.30103	Noun	1	1	1.5929	3	37.75	9	0	1	low	low3	4	40	1	2	41	42	43	44	
14015	46773	pavilion	49	49	36	22	20	0.96078	1.699	0.42918	1.5682	Noun	49	1	2.9908	3	85.43	8	0	1	low	low3	4	40	1	2	41	42	43	44	
4414	14597	counsellor	132	132	74	86	59	2.5882	2.1239	0.88221	1.8751	Noun	132	1	3.4157	3	49.11	10	0	1	low	low3	4	40	1	2	41	42	43	44	
5122	16889	deflation	3	3	3	3	3	0.058824	0.60206	0.035765	0.60206	Noun	3	1	1.8939	3	123.75	9	1	1	low	low3	4	40	1	2	41	42	43	44	
15866	53291	reflector	14	14	10	13	9	0.27451	1.1761	0.11922	1.0414	Noun	14	1	2.4679	3	60.25	9	0	1	low	low3	4	40	1	2	41	42	43	44	
292	1023	affection	431	431	334	419	330	8.451	2.6355	3.9819	2.525	Noun	430	1	3.9273	3	100.75	9	0	1	high	high3	2	20	1	2	21	22	23	24	
6574	22241	eskimos	41	41	28	0	0	0.80392	1.6232	0.33381	1.4624	Noun	42	1	2.9151	3	6.33	7	0	1	low	low3	4	40	1	2	41	42	43	44	
20264	69265	unemploy	2	2	2	2	2	0.039216	0.47712	0.023844	0.47712	Noun	2	1	1.769	3	24.86	8	0	1	low	low3	4	40	1	2	41	42	43	44	
18964	64659	tablecloth	48	48	40	47	39	0.94118	1.6902	0.47687	1.6128	Noun	48	1	2.982	3	18.67	10	0	1	low	low3	4	40	1	2	41	42	43	44	
14149	47181	peppermint	71	71	57	46	42	1.3922	1.8573	0.67954	1.7634	Noun	71	1	3.1492	3	104	10	0	1	low	low3	4	40	1	2	41	42	43	44	
14453	48196	pings	12	12	8	11	7	0.23529	1.1139	0.095374	0.95424	Noun	12	1	2.4058	1	39.5	5	9	1	low	low1	3	30	1	2	31	32	33	34	
10709	36293	landscaper	19	19	14	19	14	0.37255	1.301	0.16691	1.1761	Noun	19	1	2.5929	3	32.22	10	2	1	low	low3	4	40	1	2	41	42	43	44	
20683	71397	violas	1	1	1	1	1	0.019608	0.30103	0.011922	0.30103	Noun	1	1	1.5929	3	17.6	6	1	1	low	low3	4	40	1	2	41	42	43	44	
13915	46527	partridges	4	4	3	0	0	0.078431	0.69897	0.035765	0.60206	Noun	4	1	1.9908	3	65.67	10	1	1	low	low3	4	40	1	2	41	42	43	44	
2381	7794	breaths	158	158	132	156	130	3.098	2.2014	1.5737	2.1239	Noun	159	1	3.4932	1	54.5	7	2	1	low	low1	3	30	1	2	31	32	33	34	
15771	52710	rebuttal	39	39	30	39	30	0.76471	1.6021	0.35765	1.4914	Noun	39	1	2.8939	3	60.43	8	0	1	low	low3	4	40	1	2	41	42	43	44	
16982	57487	seawater	23	23	17	20	17	0.45098	1.3802	0.20267	1.2553	Noun	23	1	2.672	3	98.86	8	0	1	low	low3	4	40	1	2	41	42	43	44	
1188	3819	audibles	3	3	2	3	2	0.058824	0.60206	0.023844	0.47712	Noun	3	1	1.8939	3	101.43	8	0	1	low	low3	4	40	1	2	41	42	43	44	
18639	63494	successes	44	44	42	44	42	0.86275	1.6532	0.50072	1.6335	Noun	44	1	2.945	3	88	9	0	1	low	low3	4	40	1	2	41	42	43	44	
