numid|f	X|f	Word|s	Unnamed|f	FREQcount|f	Cdcount|f	FREQlow|f	Cdlow|f	SUBTLWF|f	Lg10WF|f	SUBTLCD|f	Lg10CD|f	Dom_PoS_SUBTLEX|s	Freq_dom_PoS_SUBTLEX|f	Percentage_dom_PoS|f	Zipfvalue|f	cmu_sylls|f	BF_TP|f	LEN_L|f	N|f	Zipfvalue_incl|f	Zipfvalue_cat|s	cond_name|s	cond_code|f	trigger_code|f	len|f	corr_resp|f	fix_code|f	word_code|f	delay_code|f	audioresp_code|f	
11130	37512	litany	6	6	6	6	6	0.11765	0.8451	0.071531	0.8451	Noun	6	1	2.1369	3	33.2	6	0	1	low	low3	4	40	1	2	41	42	43	44	
15389	51310	purchaser	5	5	5	5	5	0.098039	0.77815	0.059609	0.77815	Noun	5	1	2.07	3	48.25	9	2	1	low	low3	4	40	1	2	41	42	43	44	
9501	31621	husks	3	3	3	3	3	0.058824	0.60206	0.035765	0.60206	Noun	3	1	1.8939	1	36.5	5	5	1	low	low1	3	30	1	2	31	32	33	34	
3560	11332	chores	214	214	163	208	161	4.1961	2.3324	1.9433	2.2148	Noun	214	1	3.6243	1	115.2	6	6	1	low	low1	3	30	1	2	31	32	33	34	
9857	33215	informer	63	63	50	61	50	1.2353	1.8062	0.59609	1.7076	Noun	63	1	3.098	3	69.29	8	1	1	low	low3	4	40	1	2	41	42	43	44	
5368	17942	diagrams	20	20	20	19	19	0.39216	1.3222	0.23844	1.3222	Noun	20	1	2.6141	3	36.43	8	0	1	low	low3	4	40	1	2	41	42	43	44	
3124	9990	catalyst	40	40	31	40	31	0.78431	1.6128	0.36958	1.5051	Noun	40	1	2.9046	3	49.43	8	0	1	low	low3	4	40	1	2	41	42	43	44	
237	866	ads	258	258	180	242	173	5.0588	2.4133	2.1459	2.2577	Noun	258	1	3.7051	1	2.5	3	4	1	high	high1	1	10	1	2	11	12	13	14	
4384	14523	costumer	8	8	5	7	5	0.15686	0.95424	0.059609	0.77815	Noun	8	1	2.2461	3	87.57	8	2	1	low	low3	4	40	1	2	41	42	43	44	
10379	35237	justices	23	23	16	15	13	0.45098	1.3802	0.19075	1.2304	Noun	23	1	2.672	3	109.29	8	0	1	low	low3	4	40	1	2	41	42	43	44	
17883	60682	soles	47	47	40	46	39	0.92157	1.6812	0.47687	1.6128	Noun	47	1	2.9731	1	82.25	5	9	1	low	low1	3	30	1	2	31	32	33	34	
18011	61058	spam	59	59	41	16	7	1.1569	1.7782	0.48879	1.6232	Noun	59	1	3.07	1	11	4	7	1	low	low1	3	30	1	2	31	32	33	34	
302	1057	affliction	60	60	53	58	51	1.1765	1.7853	0.63186	1.7324	Noun	60	1	3.0772	3	119.67	10	0	1	low	low3	4	40	1	2	41	42	43	44	
14329	47888	physicist	69	69	53	67	51	1.3529	1.8451	0.63186	1.7324	Noun	69	1	3.1369	3	36.63	9	0	1	low	low3	4	40	1	2	41	42	43	44	
2391	7836	brewery	92	92	35	79	32	1.8039	1.9685	0.41726	1.5563	Noun	92	1	3.2603	3	98	7	1	1	low	low3	4	40	1	2	41	42	43	44	
16085	54456	respondent	7	7	6	6	5	0.13725	0.90309	0.071531	0.8451	Noun	7	1	2.1949	3	66.22	10	1	1	low	low3	4	40	1	2	41	42	43	44	
10423	35461	keratin	2	2	1	2	1	0.039216	0.47712	0.011922	0.30103	Noun	2	1	1.769	3	46.5	7	0	1	low	low3	4	40	1	2	41	42	43	44	
18584	63250	subculture	6	6	6	6	6	0.11765	0.8451	0.071531	0.8451	Noun	6	1	2.1369	3	25.89	10	0	1	low	low3	4	40	1	2	41	42	43	44	
9924	33428	inns	15	15	11	14	11	0.29412	1.2041	0.13114	1.0792	Noun	18	1	2.496	1	14.67	4	2	1	low	low1	3	30	1	2	31	32	33	34	
2334	7636	bran	67	67	47	45	38	1.3137	1.8325	0.56032	1.6812	Noun	67	1	3.1243	1	19	4	7	1	low	low1	3	30	1	2	31	32	33	34	
16045	54238	requester	1	1	1	1	1	0.019608	0.30103	0.011922	0.30103	Noun	1	1	1.5929	3	93.13	9	1	1	low	low3	4	40	1	2	41	42	43	44	
9670	32219	imminence	4	4	4	4	4	0.078431	0.69897	0.047687	0.69897	Noun	4	1	1.9908	3	50.5	9	0	1	low	low3	4	40	1	2	41	42	43	44	
13859	46356	parentage	8	8	8	8	8	0.15686	0.95424	0.095374	0.95424	Noun	8	1	2.2461	3	63.5	9	0	1	low	low3	4	40	1	2	41	42	43	44	
10086	34214	invitee	2	2	2	2	2	0.039216	0.47712	0.023844	0.47712	Noun	2	1	1.769	3	71.5	7	2	1	low	low3	4	40	1	2	41	42	43	44	
18043	61204	specifics	96	96	90	94	88	1.8824	1.9868	1.073	1.959	Noun	96	1	3.2786	3	33.13	9	1	1	low	low3	4	40	1	2	41	42	43	44	
8642	28916	gust	24	24	21	23	20	0.47059	1.3979	0.25036	1.3424	Noun	24	1	2.6898	1	24.67	4	9	1	low	low1	3	30	1	2	31	32	33	34	
19752	67050	tourniquet	50	50	42	49	42	0.98039	1.7076	0.50072	1.6335	Noun	50	1	2.9994	3	16.44	10	0	1	low	low3	4	40	1	2	41	42	43	44	
6365	21374	enamel	29	29	26	29	26	0.56863	1.4771	0.30997	1.4314	Noun	29	1	2.769	3	37.6	6	0	1	low	low3	4	40	1	2	41	42	43	44	
7323	24760	fleck	7	7	4	3	3	0.13725	0.90309	0.047687	0.69897	Noun	7	1	2.1949	1	31.5	5	2	1	low	low1	3	30	1	2	31	32	33	34	
19429	66119	thrift	22	22	20	20	18	0.43137	1.3617	0.23844	1.3222	Noun	22	1	2.6536	1	35.4	6	1	1	low	low1	3	30	1	2	31	32	33	34	
15981	53903	rendition	22	22	22	22	22	0.43137	1.3617	0.26228	1.3617	Noun	22	1	2.6536	3	134.63	9	0	1	low	low3	4	40	1	2	41	42	43	44	
20388	70558	usefulness	28	28	24	28	24	0.54902	1.4624	0.28612	1.3979	Noun	28	1	2.7542	3	33.33	10	0	1	low	low3	4	40	1	2	41	42	43	44	
8000	26980	generics	1	1	1	1	1	0.019608	0.30103	0.011922	0.30103	Noun	1	1	1.5929	3	68	8	1	1	low	low3	4	40	1	2	41	42	43	44	
13598	45581	oversea	2	2	2	1	1	0.039216	0.47712	0.023844	0.47712	Noun	2	1	1.769	3	31.33	7	1	1	low	low3	4	40	1	2	41	42	43	44	
10563	35811	knees	1320	1320	946	1298	935	25.8824	3.1209	11.278	2.9763	Noun	1317	1	4.4127	1	71.25	5	1	1	high	high1	1	10	1	2	11	12	13	14	
6641	22439	evader	1	1	1	1	1	0.019608	0.30103	0.011922	0.30103	Noun	1	1	1.5929	3	112.2	6	2	1	low	low3	4	40	1	2	41	42	43	44	
12067	40473	midsection	19	19	17	18	16	0.37255	1.301	0.20267	1.2553	Noun	18	1	2.5929	3	119.56	10	0	1	low	low3	4	40	1	2	41	42	43	44	
1898	6191	biopsy	79	79	41	73	38	1.549	1.9031	0.48879	1.6232	Noun	79	1	3.1949	3	15	6	0	1	low	low3	4	40	1	2	41	42	43	44	
9896	33370	injuries	378	378	291	367	284	7.4118	2.5786	3.4692	2.4654	Noun	378	1	3.8705	3	129.43	8	0	1	high	high3	2	20	1	2	21	22	23	24	
11836	39736	media	1137	1137	852	709	483	22.2941	3.0561	10.1574	2.9309	Noun	1134	1	4.348	2	13.5	5	1	1	high	high3	2	20	1	2	21	22	23	24	
