numid|f	X|f	Word|s	Unnamed|f	FREQcount|f	Cdcount|f	FREQlow|f	Cdlow|f	SUBLTLWF|f	Lg10WF|f	SUBTLCD|f	Lg10CD|f	Dom_PoS_SUBTLEX|s	Freq_dom_PoS_SUBTLEX|f	Percentage_dom_PoS|f	Zipfvalue|f	cmu_sylls|f	BF_TP|f	LEN_L|f	N|f	Zipfvalue_incl|f	Zipfvalue_cat|s	
8072	27190	ghosts	718	718	302	611	287	14.0784	2.8567	3.6004	2.4814	Noun	718	1	4.1486	1	47.6	6	0	1	high	
19414	66073	thoughts	1703	1703	1179	1661	1158	33.3922	3.2315	14.0558	3.0719	Noun	1702	1	4.5233	1	45.43	8	0	1	high	
8184	27528	globe	266	266	208	200	166	5.2157	2.4265	2.4797	2.3201	Noun	267	1	3.7183	1	22.75	5	1	1	high	
21332	73541	worlds	453	453	298	419	286	8.8824	2.6571	3.5527	2.4757	Noun	483	1	3.9489	1	36.4	6	0	1	high	
4346	14378	corps	555	555	267	138	89	10.8824	2.7451	3.1831	2.4281	Noun	551	1	4.0369	1	45.25	5	6	1	high	
8301	27853	goods	628	628	433	609	422	12.3137	2.7987	5.1621	2.6375	Noun	631	1	4.0905	1	38	5	5	1	high	
14584	48533	plates	638	638	460	610	447	12.5098	2.8055	5.484	2.6637	Noun	638	1	4.0973	1	137.8	6	4	1	high	
1038	3295	arts	470	470	327	361	253	9.2157	2.673	3.8984	2.5159	Noun	470	1	3.9649	1	18.67	4	5	1	high	
8085	27232	gifts	732	732	499	698	490	14.3529	2.8651	5.949	2.699	Noun	728	1	4.1569	1	39.25	5	2	1	high	
4481	14829	cows	480	480	269	442	256	9.4118	2.6821	3.207	2.4314	Noun	481	1	3.974	1	22.67	4	11	1	high	
10502	35656	kinds	1121	1121	932	1118	930	21.9804	3.05	11.1111	2.9699	Noun	1122	1	4.3418	1	44.75	5	9	1	high	
8708	29129	hairs	265	265	202	260	200	5.1961	2.4249	2.4082	2.3075	Noun	267	1	3.7167	1	36.75	5	4	1	high	
3474	11047	chiefs	242	242	97	63	48	4.7451	2.3856	1.1564	1.9912	Noun	242	1	3.6774	1	28	6	0	1	high	
7568	25507	fork	450	450	316	390	285	8.8235	2.6542	3.7673	2.5011	Noun	449	1	3.946	1	24.67	4	8	1	high	
12154	40702	mines	316	316	192	295	179	6.1961	2.5011	2.289	2.2856	Noun	321	1	3.7929	1	92.25	5	19	1	high	
1704	5413	beers	548	548	382	475	372	10.7451	2.7396	4.5541	2.5832	Noun	548	1	4.0314	1	38.75	5	6	1	high	
2772	8992	cal	530	530	131	13	12	10.3922	2.7251	1.5618	2.1206	Noun	525	1	4.0169	1	5	3	11	1	high	
12348	41374	moms	242	242	168	194	141	4.7451	2.3856	2.0029	2.2279	Noun	287	1	3.6774	1	18.67	4	6	1	high	
8646	28928	guts	1211	1211	894	1171	878	23.7451	3.0835	10.6581	2.9518	Noun	1212	1	4.3753	1	23	4	10	1	high	
10572	35843	knives	353	353	269	335	255	6.9216	2.549	3.207	2.4314	Noun	353	1	3.8408	1	90.2	6	1	1	high	
19658	66780	tons	480	480	389	435	352	9.4118	2.6821	4.6376	2.5911	Noun	480	1	3.974	1	31	4	16	1	high	
10690	36247	lan	417	417	91	271	74	8.1765	2.6212	1.0849	1.9638	Noun	417	1	3.913	1	9	3	18	1	high	
17374	58759	shots	1447	1447	951	1357	913	28.3725	3.1608	11.3376	2.9786	Noun	1448	1	4.4526	1	61.75	5	7	1	high	
17371	58747	shorts	480	480	356	460	347	9.4118	2.6821	4.2442	2.5527	Noun	480	1	3.974	1	65.8	6	7	1	high	
10344	35139	juice	1371	1371	830	1269	801	26.8824	3.1374	9.8951	2.9196	Noun	1371	1	4.4292	1	20.75	5	1	1	high	
17324	58579	shirt	2365	2365	1400	2330	1383	46.3725	3.374	16.6905	3.1464	Noun	2363	1	4.6658	1	36.5	5	4	1	high	
19776	67120	toys	674	674	437	607	412	13.2157	2.8293	5.2098	2.6415	Noun	675	1	4.1211	1	16.33	4	10	1	high	
7693	25996	fridge	502	502	392	499	390	9.8431	2.7016	4.6733	2.5944	Noun	502	1	3.9934	1	41.8	6	2	1	high	
5767	19518	door	14895	14895	5286	14339	5228	292.0588	4.1731	63.0186	3.7232	Noun	14863	1	5.4649	1	26.67	4	5	1	high	
7646	25784	francs	261	261	79	256	77	5.1176	2.4183	0.94182	1.9031	Noun	261	1	3.7101	1	49.4	6	1	1	high	
15998	53981	rep	263	263	173	239	165	5.1569	2.4216	2.0625	2.2405	Noun	256	1	3.7134	1	4	3	8	1	high	
16575	56221	sales	648	648	447	585	407	12.7059	2.8122	5.329	2.6513	Noun	645	1	4.1041	1	84.75	5	12	1	high	
3161	10094	cats	1006	1006	539	838	486	19.7255	3.003	6.4258	2.7324	Noun	1010	1	4.2949	1	31.67	4	15	1	high	
2770	8989	cakes	291	291	192	268	182	5.7059	2.4654	2.289	2.2856	Noun	286	1	3.7572	1	83.5	5	15	1	high	
10563	35811	knees	1320	1320	946	1298	935	25.8824	3.1209	11.278	2.9763	Noun	1317	1	4.4127	1	71.25	5	1	1	high	
19633	66719	tomb	287	287	140	250	126	5.6275	2.4594	1.6691	2.1492	Noun	286	1	3.7512	1	17	4	5	1	high	
21247	73307	wives	787	787	569	757	557	15.4314	2.8965	6.7835	2.7559	Noun	785	1	4.1884	1	84.75	5	10	1	high	
6220	20805	eggs	1971	1971	1115	1842	1063	38.6471	3.2949	13.2928	3.0477	Noun	1970	1	4.5867	1	12.33	4	1	1	high	
2983	9610	cards	2449	2449	1353	2381	1319	48.0196	3.3892	16.1302	3.1316	Noun	2447	1	4.681	1	50.5	5	6	1	high	
21062	72559	whales	297	297	103	263	94	5.8235	2.4742	1.2279	2.017	Noun	298	1	3.7661	1	116.8	6	0	1	high	
5990	20151	ducks	432	432	200	270	186	8.4706	2.6365	2.3844	2.3032	Noun	430	1	3.9283	1	40	5	9	1	high	
4500	14894	cracks	251	251	214	235	203	4.9216	2.4014	2.5513	2.3324	Noun	250	1	3.6932	1	60	6	3	1	high	
7368	24925	floors	407	407	300	398	295	7.9804	2.6107	3.5765	2.4786	Noun	407	1	3.9025	1	62.6	6	2	1	high	
9018	30012	heels	510	510	402	497	397	10	2.7084	4.7926	2.6053	Noun	507	1	4.0003	1	42.25	5	6	1	high	
12540	41928	mouths	273	273	247	262	236	5.3529	2.4378	2.9447	2.3945	Noun	273	1	3.7296	1	38.2	6	2	1	high	
806	2569	ants	365	365	147	329	138	7.1569	2.5635	1.7525	2.1703	Noun	365	1	3.8553	1	18.33	4	4	1	high	
10811	36579	laws	868	868	592	811	574	17.0196	2.939	7.0577	2.7731	Noun	864	1	4.2309	1	20.33	4	12	1	high	
4270	14207	cops	4290	4290	1694	3873	1603	84.1176	3.6326	20.1955	3.2292	Noun	4291	1	4.9244	1	26.67	4	15	1	high	
21411	73850	yards	760	760	497	754	494	14.902	2.8814	5.9251	2.6972	Noun	760	1	4.1732	1	38.75	5	3	1	high	
8891	29674	hats	496	496	385	458	369	9.7255	2.6964	4.5899	2.5866	Noun	497	1	3.9882	1	33.67	4	16	1	high	
7472	25257	fools	681	681	509	601	467	13.3529	2.8338	6.0682	2.7076	Noun	681	1	4.1256	1	44.75	5	7	1	high	
1757	5649	bench	493	493	342	474	330	9.6667	2.6937	4.0773	2.5353	Noun	493	1	3.9856	1	40.5	5	5	1	high	
14043	46874	pearls	269	269	157	246	146	5.2745	2.4314	1.8717	2.1987	Noun	269	1	3.7232	1	64.6	6	1	1	high	
12026	40348	mice	335	335	197	292	188	6.5686	2.5263	2.3486	2.2967	Noun	334	1	3.8182	1	18	4	14	1	high	
237	866	ads	258	258	180	242	173	5.0588	2.4133	2.1459	2.2577	Noun	258	1	3.7051	1	2.5	3	4	1	high	
16313	55369	robe	433	433	278	407	272	8.4902	2.6375	3.3143	2.4456	Noun	433	1	3.9293	1	15	4	8	1	high	
