numid|f	X|f	Word|s	Unnamed|f	FREQcount|f	Cdcount|f	FREQlow|f	Cdlow|f	SUBLTLWF|f	Lg10WF|f	SUBTLCD|f	Lg10CD|f	Dom_PoS_SUBTLEX|s	Freq_dom_PoS_SUBTLEX|f	Percentage_dom_PoS|f	Zipfvalue|f	cmu_sylls|f	BF_TP|f	LEN_L|f	N|f	Zipfvalue_incl|f	Zipfvalue_cat|s	
10986	37093	liberals	33	33	27	28	22	0.64706	1.5315	0.32189	1.4472	Noun	33	1	2.8233	3	53.86	8	0	1	low	
13729	46020	palmistry	5	5	5	5	5	0.098039	0.77815	0.059609	0.77815	Noun	5	1	2.07	3	41.38	9	0	1	low	
13239	44261	octagon	11	11	7	9	5	0.21569	1.0792	0.083453	0.90309	Noun	11	1	2.371	3	22.67	7	0	1	low	
15241	50808	protester	10	10	8	9	8	0.19608	1.0414	0.095374	0.95424	Noun	9	1	2.3332	3	103.38	9	1	1	low	
7031	23913	feminists	31	31	26	27	22	0.60784	1.5051	0.30997	1.4314	Noun	31	1	2.797	3	43.63	9	0	1	low	
19138	65169	taxicabs	9	9	9	7	7	0.17647	1	0.1073	1	Noun	9	1	2.2918	3	16.43	8	0	1	low	
20959	72181	watermark	14	14	12	14	12	0.27451	1.1761	0.14306	1.1139	Noun	14	1	2.4679	3	58.63	9	0	1	low	
5492	18306	dinosaur	203	203	116	180	110	3.9804	2.3096	1.3829	2.0682	Noun	202	1	3.6015	3	36.43	8	0	1	low	
73	266	abundance	45	45	41	45	41	0.88235	1.6628	0.48879	1.6232	Noun	45	1	2.9546	3	40.75	9	0	1	low	
10880	36797	legacies	6	6	6	6	6	0.11765	0.8451	0.071531	0.8451	Noun	6	1	2.1369	3	106.29	8	0	1	low	
20750	71576	vocalists	2	2	2	2	2	0.039216	0.47712	0.023844	0.47712	Noun	2	1	1.769	3	41.25	9	0	1	low	
3028	9752	carpenters	35	35	30	28	24	0.68627	1.5563	0.35765	1.4914	Noun	35	1	2.8481	3	61.44	10	0	1	low	
13923	46548	passages	91	91	74	87	70	1.7843	1.9638	0.88221	1.8751	Noun	92	1	3.2556	3	103.14	8	0	1	low	
10082	34190	investor	65	65	49	64	48	1.2745	1.8195	0.58417	1.699	Noun	65	1	3.1114	3	57.57	8	1	1	low	
13133	43902	nuisances	3	3	3	3	3	0.058824	0.60206	0.035765	0.60206	Noun	3	1	1.8939	3	66.13	9	0	1	low	
1006	3214	arrowheads	10	10	10	10	10	0.19608	1.0414	0.11922	1.0414	Noun	10	1	2.3332	3	12.78	10	0	1	low	
12673	42359	mutinies	6	6	5	6	5	0.11765	0.8451	0.059609	0.77815	Noun	6	1	2.1369	3	126.86	8	0	1	low	
761	2427	antennas	22	22	14	21	13	0.43137	1.3617	0.16691	1.1761	Noun	22	1	2.6536	3	40.43	8	1	1	low	
5251	17437	deputies	119	119	75	110	72	2.3333	2.0792	0.89413	1.8808	Noun	119	1	3.371	3	150.71	8	0	1	low	
5207	17269	densities	5	5	4	5	4	0.098039	0.77815	0.047687	0.69897	Noun	5	1	2.07	3	139.25	9	0	1	low	
1725	5505	behemoth	10	10	9	10	9	0.19608	1.0414	0.1073	1	Noun	10	1	2.3332	3	19.43	8	0	1	low	
20209	68579	umpire	54	54	30	44	26	1.0588	1.7404	0.35765	1.4914	Noun	54	1	3.0322	3	22.8	6	1	1	low	
11900	39919	memento	65	65	53	60	52	1.2745	1.8195	0.63186	1.7324	Noun	65	1	3.1114	3	28.33	7	0	1	low	
21110	72756	whisperer	9	9	7	7	5	0.17647	1	0.083453	0.90309	Noun	9	1	2.2918	3	53.13	9	1	1	low	
9086	30216	heraldry	1	1	1	1	1	0.019608	0.30103	0.011922	0.30103	Noun	1	1	1.5929	3	47.86	8	0	1	low	
1534	4886	barnacle	32	32	14	10	8	0.62745	1.5185	0.16691	1.1761	Noun	32	1	2.8103	3	54.71	8	0	1	low	
3243	10314	censorship	54	54	33	49	32	1.0588	1.7404	0.39342	1.5315	Noun	54	1	3.0322	3	27.67	10	0	1	low	
4096	13284	condenser	7	7	4	7	4	0.13725	0.90309	0.047687	0.69897	Noun	7	1	2.1949	3	96.88	9	1	1	low	
7546	25441	forester	3	3	3	1	1	0.058824	0.60206	0.035765	0.60206	Noun	3	1	1.8939	3	111	8	0	1	low	
4153	13553	connector	8	8	7	8	7	0.15686	0.95424	0.083453	0.90309	Noun	8	1	2.2461	3	67.88	9	0	1	low	
12098	40557	militants	12	12	8	8	7	0.23529	1.1139	0.095374	0.95424	Noun	12	1	2.4058	3	57.5	9	0	1	low	
3074	9875	caseloads	3	3	3	3	3	0.058824	0.60206	0.035765	0.60206	Noun	3	1	1.8939	3	36.38	9	0	1	low	
11571	38858	mandible	30	30	16	17	15	0.58824	1.4914	0.19075	1.2304	Noun	30	1	2.7832	3	66.43	8	0	1	low	
4057	13048	compliance	50	50	35	40	33	0.98039	1.7076	0.41726	1.5563	Noun	50	1	2.9994	3	77.78	10	0	1	low	
3204	10202	cavities	41	41	36	38	35	0.80392	1.6232	0.42918	1.5682	Noun	41	1	2.9151	3	151	8	0	1	low	
5886	19848	drapery	3	3	3	3	3	0.058824	0.60206	0.035765	0.60206	Noun	3	1	1.8939	3	105.67	7	0	1	low	
5376	17957	dialog	6	6	6	6	6	0.11765	0.8451	0.071531	0.8451	Noun	6	1	2.1369	3	20.2	6	0	1	low	
12083	40519	migration	33	33	29	29	25	0.64706	1.5315	0.34573	1.4771	Noun	33	1	2.8233	3	114.5	9	0	1	low	
9611	32006	idleness	8	8	7	7	7	0.15686	0.95424	0.083453	0.90309	Noun	8	1	2.2461	3	83	8	0	1	low	
141	560	acronym	15	15	14	14	13	0.29412	1.2041	0.16691	1.1761	Noun	15	1	2.496	3	18.5	7	0	1	low	
10012	33828	interfaith	6	6	3	6	3	0.11765	0.8451	0.035765	0.60206	Noun	6	1	2.1369	3	61.89	10	0	1	low	
19716	66937	tortilla	16	16	15	12	11	0.31373	1.2304	0.17883	1.2041	Noun	16	1	2.5223	3	45.43	8	0	1	low	
12066	40472	midseason	3	3	3	3	3	0.058824	0.60206	0.035765	0.60206	Noun	2	1	1.8939	3	41.13	9	0	1	low	
2714	8865	cabdrivers	1	1	1	1	1	0.019608	0.30103	0.011922	0.30103	Noun	1	1	1.5929	3	38	10	0	1	low	
9741	32658	inception	21	21	17	18	17	0.41176	1.3424	0.20267	1.2553	Noun	21	1	2.6343	3	116.75	9	0	1	low	
6706	22715	excretion	6	6	6	6	6	0.11765	0.8451	0.071531	0.8451	Noun	6	1	2.1369	3	109.88	9	0	1	low	
17635	59624	skyrockets	6	6	6	3	3	0.11765	0.8451	0.071531	0.8451	Noun	6	1	2.1369	3	20.78	10	0	1	low	
17619	59565	skirmishes	10	10	10	8	8	0.19608	1.0414	0.11922	1.0414	Noun	10	1	2.3332	3	51.11	10	0	1	low	
6432	21711	enquiry	9	9	8	9	8	0.17647	1	0.095374	0.95424	Noun	9	1	2.2918	3	30.33	7	1	1	low	
18807	64116	surveyor	13	13	12	12	11	0.2549	1.1461	0.14306	1.1139	Noun	13	1	2.438	3	34	8	1	1	low	
9895	33364	injunction	66	66	40	66	40	1.2941	1.8261	0.47687	1.6128	Noun	66	1	3.1179	3	125.78	10	0	1	low	
2833	9181	campaigner	8	8	8	8	8	0.15686	0.95424	0.095374	0.95424	Noun	8	1	2.2461	3	34.33	10	1	1	low	
2693	8827	bystander	45	45	38	38	35	0.88235	1.6628	0.45303	1.5911	Noun	44	1	2.9546	3	54.88	9	0	1	low	
15217	50673	proponent	11	11	10	10	9	0.21569	1.0792	0.11922	1.0414	Noun	11	1	2.371	3	80.25	9	0	1	low	
10829	36621	laziness	24	24	24	24	24	0.47059	1.3979	0.28612	1.3979	Noun	24	1	2.6898	3	80.29	8	0	1	low	
4277	14222	copycat	44	44	31	40	29	0.86275	1.6532	0.36958	1.5051	Noun	44	1	2.945	3	41.33	7	0	1	low	
1810	5897	beverage	119	119	99	112	92	2.3333	2.0792	1.1803	2	Noun	119	1	3.371	3	63.57	8	1	1	low	
12647	42279	musicals	62	62	45	59	45	1.2157	1.7993	0.53648	1.6628	Noun	62	1	3.0912	3	36.57	8	0	1	low	
6437	21736	ensemble	57	57	48	49	43	1.1176	1.7634	0.57225	1.6902	Noun	57	1	3.0553	3	48	8	0	1	low	
4106	13324	conduction	6	6	4	5	3	0.11765	0.8451	0.047687	0.69897	Noun	6	1	2.1369	3	152.33	10	0	1	low	
2251	7376	botany	20	20	19	17	16	0.39216	1.3222	0.22651	1.301	Noun	20	1	2.6141	3	37.2	6	0	1	low	
20883	71995	warehouses	34	34	32	34	32	0.66667	1.5441	0.3815	1.5185	Noun	34	1	2.8359	3	61.44	10	0	1	low	
9917	33411	innkeeper	22	22	22	15	15	0.43137	1.3617	0.26228	1.3617	Noun	22	1	2.6536	3	44.38	9	0	1	low	
3951	12617	colonies	90	90	60	81	53	1.7647	1.959	0.71531	1.7853	Noun	90	1	3.2509	3	141.71	8	0	1	low	
9751	32695	incitement	12	12	7	12	7	0.23529	1.1139	0.083453	0.90309	Noun	12	1	2.4058	3	71.67	10	0	1	low	
19240	65518	tenderloin	20	20	7	19	7	0.39216	1.3222	0.083453	0.90309	Noun	20	1	2.6141	3	32.11	10	0	1	low	
1089	3449	assemblers	1	1	1	1	1	0.019608	0.30103	0.011922	0.30103	Noun	1	1	1.5929	3	38.11	10	0	1	low	
9684	32310	impassion	1	1	1	1	1	0.019608	0.30103	0.011922	0.30103	Noun	1	1	1.5929	3	73.88	9	0	1	low	
4131	13432	conformist	6	6	6	5	5	0.11765	0.8451	0.071531	0.8451	Noun	5	1	2.1369	3	67.67	10	0	1	low	
7103	24124	fiddlers	4	4	4	3	3	0.078431	0.69897	0.047687	0.69897	Noun	4	1	1.9908	3	90.14	8	0	1	low	
893	2856	apricots	14	14	13	14	13	0.27451	1.1761	0.15498	1.1461	Noun	14	1	2.4679	3	53.14	8	0	1	low	
12607	42148	multitude	29	29	25	29	25	0.56863	1.4771	0.29804	1.415	Noun	29	1	2.769	3	35.25	9	0	1	low	
16522	56063	sacrament	28	28	26	24	23	0.54902	1.4624	0.30997	1.4314	Noun	28	1	2.7542	3	56.88	9	0	1	low	
15724	52440	razorback	5	5	3	5	3	0.098039	0.77815	0.035765	0.60206	Noun	5	1	2.07	3	18.63	9	0	1	low	
1345	4325	backpedals	1	1	1	1	1	0.019608	0.30103	0.011922	0.30103	Noun	1	1	1.5929	3	12.89	10	0	1	low	
9148	30418	hieroglyph	1	1	1	1	1	0.019608	0.30103	0.011922	0.30103	Noun	1	1	1.5929	3	14.56	10	0	1	low	
10379	35237	justices	23	23	16	15	13	0.45098	1.3802	0.19075	1.2304	Noun	23	1	2.672	3	109.29	8	0	1	low	
5369	17944	dialect	68	68	54	63	51	1.3333	1.8388	0.64378	1.7404	Noun	68	1	3.1307	3	44.17	7	0	1	low	
4169	13682	consonants	11	11	10	11	10	0.21569	1.0792	0.11922	1.0414	Noun	11	1	2.371	3	85.89	10	0	1	low	
3832	12274	cockatoos	6	6	5	5	4	0.11765	0.8451	0.059609	0.77815	Noun	6	1	2.1369	3	63.25	9	0	1	low	
20239	69036	undergrad	18	18	18	14	14	0.35294	1.2788	0.21459	1.2788	Noun	18	1	2.5706	3	52.5	9	0	1	low	
9839	33144	infighting	12	12	12	11	11	0.23529	1.1139	0.14306	1.1139	Noun	12	1	2.4058	3	184.67	10	0	1	low	
7941	26809	gatherer	2	2	2	2	2	0.039216	0.47712	0.023844	0.47712	Noun	2	1	1.769	3	93	8	1	1	low	
5252	17449	derailment	11	11	10	11	10	0.21569	1.0792	0.11922	1.0414	Noun	11	1	2.371	3	58.89	10	0	1	low	
14261	47638	petulance	5	5	5	4	4	0.098039	0.77815	0.059609	0.77815	Noun	5	1	2.07	3	53.25	9	0	1	low	
5149	17008	deletion	6	6	5	5	4	0.11765	0.8451	0.059609	0.77815	Noun	6	1	2.1369	3	103.57	8	0	1	low	
13234	44245	oceanfront	3	3	3	3	3	0.058824	0.60206	0.035765	0.60206	Noun	3	1	1.8939	3	31	10	0	1	low	
13753	46089	panelist	1	1	1	1	1	0.019608	0.30103	0.011922	0.30103	Noun	1	1	1.5929	3	101.29	8	0	1	low	
6000	20177	duelist	2	2	2	2	2	0.039216	0.47712	0.023844	0.47712	Noun	2	1	1.769	3	64.67	7	0	1	low	
19583	66606	tobaccos	3	3	3	3	3	0.058824	0.60206	0.035765	0.60206	Noun	3	1	1.8939	3	13.29	8	0	1	low	
20683	71397	violas	1	1	1	1	1	0.019608	0.30103	0.011922	0.30103	Noun	1	1	1.5929	3	17.6	6	1	1	low	
1194	3839	auditor	24	24	15	23	14	0.47059	1.3979	0.17883	1.2041	Noun	24	1	2.6898	3	21.5	7	0	1	low	
15167	50496	programmer	56	56	34	54	34	1.098	1.7559	0.40534	1.5441	Noun	56	1	3.0477	3	52.56	10	2	1	low	
15261	50871	provinces	37	37	28	33	26	0.72549	1.5798	0.33381	1.4624	Noun	37	1	2.8716	3	92.63	9	0	1	low	
11244	37819	londoner	6	6	3	2	1	0.11765	0.8451	0.035765	0.60206	Noun	6	1	2.1369	3	80	8	0	1	low	
2255	7398	bottleneck	26	26	15	12	12	0.5098	1.4314	0.17883	1.2041	Noun	26	1	2.7232	3	31.78	10	0	1	low	
2600	8482	bungalows	13	13	11	9	9	0.2549	1.1461	0.13114	1.0792	Noun	13	1	2.438	3	22.25	9	0	1	low	
8740	29210	halogen	2	2	2	2	2	0.039216	0.47712	0.023844	0.47712	Noun	2	1	1.769	3	52.33	7	0	1	low	
9310	31016	hooligans	52	52	42	48	39	1.0196	1.7243	0.50072	1.6335	Noun	52	1	3.0161	3	44.5	9	0	1	low	
13795	46174	papering	1	1	1	1	1	0.019608	0.30103	0.011922	0.30103	Noun	1	1	1.5929	3	296.57	8	2	1	low	
5622	19033	distances	46	46	44	45	43	0.90196	1.6721	0.52456	1.6532	Noun	46	1	2.9639	3	107.13	9	1	1	low	
15879	53343	refresher	15	15	15	15	15	0.29412	1.2041	0.17883	1.2041	Noun	15	1	2.496	3	79	9	1	1	low	
8229	27664	goalkeeper	16	16	7	16	7	0.31373	1.2304	0.083453	0.90309	Noun	16	1	2.5223	3	17.11	10	0	1	low	
15997	53965	reorder	4	4	4	4	4	0.078431	0.69897	0.047687	0.69897	Noun	4	1	1.9908	3	107.17	7	0	1	low	
16287	55291	riverbed	22	22	15	22	15	0.43137	1.3617	0.17883	1.2041	Noun	20	1	2.6536	3	160.86	8	0	1	low	
2716	8868	cabernets	1	1	1	1	1	0.019608	0.30103	0.011922	0.30103	Noun	1	1	1.5929	3	64.88	9	0	1	low	
19285	65633	terraces	3	3	3	2	2	0.058824	0.60206	0.035765	0.60206	Noun	3	1	1.8939	3	109.57	8	1	1	low	
185	678	additions	11	11	10	11	10	0.21569	1.0792	0.11922	1.0414	Noun	11	1	2.371	3	60.88	9	1	1	low	
18910	64481	syllabus	28	28	16	18	15	0.54902	1.4624	0.19075	1.2304	Noun	28	1	2.7542	3	32.14	8	0	1	low	
1115	3544	asterisk	23	23	7	15	7	0.45098	1.3802	0.083453	0.90309	Noun	23	1	2.672	3	69.57	8	0	1	low	
152	589	activist	50	50	40	47	37	0.98039	1.7076	0.47687	1.6128	Noun	50	1	2.9994	3	48	8	1	1	low	
11271	37879	lookalike	3	3	3	3	3	0.058824	0.60206	0.035765	0.60206	Noun	3	1	1.8939	3	38.13	9	0	1	low	
4457	14781	coverups	1	1	1	0	0	0.019608	0.30103	0.011922	0.30103	Noun	1	1	1.5929	3	65	8	0	1	low	
10094	34244	iodine	64	64	47	60	43	1.2549	1.8129	0.56032	1.6812	Noun	64	1	3.1047	3	66.6	6	0	1	low	
16054	54293	researcher	38	38	33	36	33	0.7451	1.5911	0.39342	1.5315	Noun	38	1	2.8829	3	51.22	10	2	1	low	
20905	72053	warranty	42	42	38	42	38	0.82353	1.6335	0.45303	1.5911	Noun	42	1	2.9253	3	69	8	1	1	low	
8820	29419	happenings	20	20	18	19	17	0.39216	1.3222	0.21459	1.2788	Noun	20	1	2.6141	3	31.11	10	0	1	low	
15976	53877	remover	33	33	28	32	27	0.64706	1.5315	0.33381	1.4624	Noun	33	1	2.8233	3	103	7	4	1	low	
4229	14048	converter	11	11	10	9	8	0.21569	1.0792	0.11922	1.0414	Noun	11	1	2.371	3	120.25	9	1	1	low	
10251	34802	jetliner	3	3	3	3	3	0.058824	0.60206	0.035765	0.60206	Noun	3	1	1.8939	3	77.14	8	0	1	low	
9520	31666	hydration	7	7	7	6	6	0.13725	0.90309	0.083453	0.90309	Noun	7	1	2.1949	3	103.75	9	0	1	low	
12677	42368	mutterings	7	7	7	6	6	0.13725	0.90309	0.083453	0.90309	Noun	6	1	2.1949	3	39	10	0	1	low	
20450	70752	valuables	63	63	55	60	53	1.2353	1.8062	0.6557	1.7482	Noun	63	1	3.098	3	67.25	9	0	1	low	
16110	54613	retention	14	14	13	13	12	0.27451	1.1761	0.15498	1.1461	Noun	14	1	2.4679	3	142.75	9	1	1	low	
21381	73719	wrongdoer	1	1	1	1	1	0.019608	0.30103	0.011922	0.30103	Noun	1	1	1.5929	3	32.88	9	0	1	low	
4931	16215	daredevils	5	5	5	5	5	0.098039	0.77815	0.059609	0.77815	Noun	5	1	2.07	3	22.56	10	0	1	low	
12388	41481	monomers	1	1	1	1	1	0.019608	0.30103	0.011922	0.30103	Noun	1	1	1.5929	3	96.43	8	0	1	low	
10228	34706	jealousies	11	11	11	11	11	0.21569	1.0792	0.13114	1.0792	Noun	11	1	2.371	3	69.67	10	0	1	low	
17429	58941	shuttering	1	1	1	1	1	0.019608	0.30103	0.011922	0.30103	Noun	1	1	1.5929	3	151.89	10	3	1	low	
2461	8055	bronchitis	18	18	12	17	11	0.35294	1.2788	0.14306	1.1139	Noun	18	1	2.5706	3	27.33	10	0	1	low	
14274	47676	pharmacies	7	7	7	7	7	0.13725	0.90309	0.083453	0.90309	Noun	7	1	2.1949	3	63	10	0	1	low	
12988	43398	nobleman	37	37	29	37	29	0.72549	1.5798	0.34573	1.4771	Noun	37	1	2.8716	3	23	8	1	1	low	
8849	29515	harlequin	17	17	11	2	2	0.33333	1.2553	0.13114	1.0792	Noun	17	1	2.5471	3	31.75	9	0	1	low	
20636	71266	victories	62	62	54	61	53	1.2157	1.7993	0.64378	1.7404	Noun	63	1	3.0912	3	103.5	9	0	1	low	
13569	45305	ovation	45	45	44	45	44	0.88235	1.6628	0.52456	1.6532	Noun	45	1	2.9546	3	65.67	7	1	1	low	
1188	3819	audibles	3	3	2	3	2	0.058824	0.60206	0.023844	0.47712	Noun	3	1	1.8939	3	101.43	8	0	1	low	
12354	41385	monarchy	34	34	24	31	23	0.66667	1.5441	0.28612	1.3979	Noun	34	1	2.8359	3	40.43	8	1	1	low	
18762	63910	superstore	22	22	3	3	1	0.43137	1.3617	0.035765	0.60206	Noun	22	1	2.6536	3	54.11	10	0	1	low	
11020	37200	lifesavers	8	8	8	3	3	0.15686	0.95424	0.095374	0.95424	Noun	8	1	2.2461	3	31	10	0	1	low	
13136	43929	numerals	9	9	7	9	7	0.17647	1	0.083453	0.90309	Noun	9	1	2.2918	3	56.57	8	0	1	low	
3874	12373	coercion	22	22	19	19	18	0.43137	1.3617	0.22651	1.301	Noun	22	1	2.6536	3	79	8	0	1	low	
4219	13980	controller	66	66	47	65	46	1.2941	1.8261	0.56032	1.6812	Noun	66	1	3.1179	3	75.44	10	1	1	low	
13808	46211	parachute	162	162	120	150	114	3.1765	2.2122	1.4306	2.0828	Noun	163	1	3.504	3	56.25	9	0	1	low	
131	522	acoustics	22	22	22	22	22	0.43137	1.3617	0.26228	1.3617	Noun	22	1	2.6536	3	66.25	9	0	1	low	
2719	8873	cabinets	61	61	55	61	55	1.1961	1.7924	0.6557	1.7482	Noun	61	1	3.0842	3	75	8	0	1	low	
2967	9547	carbonate	10	10	7	10	7	0.19608	1.0414	0.083453	0.90309	Noun	10	1	2.3332	3	65.5	9	0	1	low	
1402	4507	balancer	2	2	1	2	1	0.039216	0.47712	0.011922	0.30103	Noun	2	1	1.769	3	66	8	2	1	low	
176	651	adaptor	4	4	4	4	4	0.078431	0.69897	0.047687	0.69897	Noun	4	1	1.9908	3	18.67	7	0	1	low	
679	2177	anecdote	55	55	41	55	41	1.0784	1.7482	0.48879	1.6232	Noun	55	1	3.04	3	30.43	8	0	1	low	
12982	43369	nitrogen	61	61	45	51	38	1.1961	1.7924	0.53648	1.6628	Noun	61	1	3.0842	3	34.43	8	0	1	low	
4833	15912	cutlery	18	18	18	17	17	0.35294	1.2788	0.21459	1.2788	Noun	18	1	2.5706	3	97.5	7	0	1	low	
19376	65926	thesaurus	20	20	16	16	13	0.39216	1.3222	0.19075	1.2304	Noun	20	1	2.6141	3	28.13	9	0	1	low	
5224	17324	dependence	21	21	21	20	20	0.41176	1.3424	0.25036	1.3424	Noun	21	1	2.6343	3	64.33	10	1	1	low	
4281	14229	copyright	31	31	28	24	22	0.60784	1.5051	0.33381	1.4624	Noun	31	1	2.797	3	46.38	9	0	1	low	
14181	47313	peridot	1	1	1	1	1	0.019608	0.30103	0.011922	0.30103	Noun	1	1	1.5929	3	41.67	7	0	1	low	
15592	51993	radishes	24	24	17	22	16	0.47059	1.3979	0.20267	1.2553	Noun	24	1	2.6898	3	109	8	0	1	low	
3053	9815	cartilage	37	37	31	36	30	0.72549	1.5798	0.36958	1.5051	Noun	37	1	2.8716	3	58.25	9	0	1	low	
14994	49735	precursor	7	7	7	7	7	0.13725	0.90309	0.083453	0.90309	Noun	7	1	2.1949	3	48.25	9	0	1	low	
16948	57405	seafarer	3	3	3	3	3	0.058824	0.60206	0.035765	0.60206	Noun	3	1	1.8939	3	88.71	8	0	1	low	
5742	19449	dominion	58	58	38	35	30	1.1373	1.7709	0.45303	1.5911	Noun	58	1	3.0627	3	71.57	8	0	1	low	
16136	54723	retrospect	36	36	36	36	36	0.70588	1.5682	0.42918	1.5682	Noun	36	1	2.86	3	38.89	10	0	1	low	
12796	42791	necklaces	40	40	33	40	33	0.78431	1.6128	0.39342	1.5315	Noun	40	1	2.9046	3	70.63	9	0	1	low	
19315	65718	tetanus	71	71	62	64	56	1.3922	1.8573	0.73915	1.7993	Noun	70	1	3.1492	3	40	7	0	1	low	
8881	29648	hatchery	7	7	7	7	7	0.13725	0.90309	0.083453	0.90309	Noun	7	1	2.1949	3	78	8	0	1	low	
3670	11756	clarinet	80	80	36	73	36	1.5686	1.9085	0.42918	1.5682	Noun	80	1	3.2003	3	76.71	8	0	1	low	
20863	71937	wanderings	8	8	6	8	6	0.15686	0.95424	0.071531	0.8451	Noun	8	1	2.2461	3	43.56	10	0	1	low	
13996	46717	patronage	19	19	17	18	16	0.37255	1.301	0.20267	1.2553	Noun	19	1	2.5929	3	48.13	9	0	1	low	
20664	71344	villages	123	123	91	123	91	2.4118	2.0934	1.0849	1.9638	Noun	123	1	3.3853	3	105.71	8	1	1	low	
16706	56620	sausages	130	130	83	106	77	2.549	2.1173	0.98951	1.9243	Noun	130	1	3.4091	3	90.43	8	0	1	low	
5124	16894	deflector	17	17	7	16	6	0.33333	1.2553	0.083453	0.90309	Noun	17	1	2.5471	3	49	9	1	1	low	
4414	14597	counsellor	132	132	74	86	59	2.5882	2.1239	0.88221	1.8751	Noun	132	1	3.4157	3	49.11	10	0	1	low	
20862	71935	wanderers	10	10	10	8	8	0.19608	1.0414	0.11922	1.0414	Noun	10	1	2.3332	3	88.13	9	0	1	low	
8351	28033	gradation	1	1	1	1	1	0.019608	0.30103	0.011922	0.30103	Noun	1	1	1.5929	3	114.38	9	0	1	low	
2998	9654	caribou	15	15	14	12	11	0.29412	1.2041	0.16691	1.1761	Noun	15	1	2.496	3	60.67	7	0	1	low	
7248	24542	fixation	35	35	30	34	29	0.68627	1.5563	0.35765	1.4914	Noun	35	1	2.8481	3	83.29	8	0	1	low	
10479	35608	kilogram	3	3	2	3	2	0.058824	0.60206	0.023844	0.47712	Noun	3	1	1.8939	3	19	8	0	1	low	
6529	22090	eraser	51	51	28	34	23	1	1.716	0.33381	1.4624	Noun	51	1	3.0078	3	132	6	1	1	low	
14739	48987	pollutant	1	1	1	1	1	0.019608	0.30103	0.011922	0.30103	Noun	1	1	1.5929	3	60.25	9	0	1	low	
9787	32896	indices	2	2	2	2	2	0.039216	0.47712	0.023844	0.47712	Noun	2	1	1.769	3	113.83	7	1	1	low	
12198	40829	mirages	7	7	5	6	4	0.13725	0.90309	0.059609	0.77815	Noun	7	1	2.1949	3	119.67	7	0	1	low	
14874	49363	possessor	10	10	10	10	10	0.19608	1.0414	0.11922	1.0414	Noun	10	1	2.3332	3	44.13	9	0	1	low	
4054	13042	complexes	25	25	20	25	20	0.4902	1.415	0.23844	1.3222	Noun	25	1	2.7068	3	92.75	9	1	1	low	
1834	5974	bicuspids	4	4	4	4	4	0.078431	0.69897	0.047687	0.69897	Noun	4	1	1.9908	3	19.13	9	0	1	low	
15520	51765	quietness	6	6	6	6	6	0.11765	0.8451	0.071531	0.8451	Noun	6	1	2.1369	3	60.75	9	0	1	low	
12457	41693	moroccans	2	2	2	0	0	0.039216	0.47712	0.023844	0.47712	Noun	2	1	1.769	3	51.25	9	0	1	low	
7451	25201	follicle	12	12	12	12	12	0.23529	1.1139	0.14306	1.1139	Noun	12	1	2.4058	3	58.43	8	0	1	low	
4121	13373	confetti	46	46	35	41	34	0.90196	1.6721	0.41726	1.5563	Noun	46	1	2.9639	3	57.29	8	0	1	low	
3889	12411	cognition	1	1	1	1	1	0.019608	0.30103	0.011922	0.30103	Noun	1	1	1.5929	3	121.63	9	0	1	low	
7899	26667	garages	23	23	22	21	20	0.45098	1.3802	0.26228	1.3617	Noun	23	1	2.672	3	139.67	7	0	1	low	
5430	18134	diffusion	11	11	10	9	8	0.21569	1.0792	0.11922	1.0414	Noun	11	1	2.371	3	76.5	9	0	1	low	
7153	24281	filtration	23	23	17	23	17	0.45098	1.3802	0.20267	1.2553	Noun	23	1	2.672	3	137.56	10	0	1	low	
14678	48820	pocketful	21	21	17	19	15	0.41176	1.3424	0.20267	1.2553	Noun	21	1	2.6343	3	26.38	9	0	1	low	
5044	16552	decathlon	20	20	6	17	6	0.39216	1.3222	0.071531	0.8451	Noun	20	1	2.6141	3	55.25	9	0	1	low	
15081	50184	primaries	19	19	14	16	12	0.37255	1.301	0.16691	1.1761	Noun	19	1	2.5929	3	121.25	9	0	1	low	
15866	53291	reflector	14	14	10	13	9	0.27451	1.1761	0.11922	1.0414	Noun	14	1	2.4679	3	60.25	9	0	1	low	
9198	30607	histories	59	59	45	58	44	1.1569	1.7782	0.53648	1.6628	Noun	59	1	3.07	3	121.75	9	0	1	low	
8678	29022	hackberry	1	1	1	1	1	0.019608	0.30103	0.011922	0.30103	Noun	1	1	1.5929	3	39.25	9	0	1	low	
16080	54410	resonance	33	33	27	31	25	0.64706	1.5315	0.32189	1.4472	Noun	33	1	2.8233	3	75.75	9	0	1	low	
14216	47477	personae	1	1	1	1	1	0.019608	0.30103	0.011922	0.30103	Noun	1	1	1.5929	3	37.57	8	1	1	low	
15935	53702	relenting	1	1	1	1	1	0.019608	0.30103	0.011922	0.30103	Noun	1	1	1.5929	3	271.88	9	1	1	low	
19901	67642	triangle	218	218	125	138	88	4.2745	2.3404	1.4902	2.1004	Noun	217	1	3.6323	3	52.57	8	0	1	low	
5433	18143	digestion	52	52	46	52	46	1.0196	1.7243	0.5484	1.6721	Noun	52	1	3.0161	3	119.38	9	0	1	low	
3149	10075	catheters	8	8	8	8	8	0.15686	0.95424	0.095374	0.95424	Noun	8	1	2.2461	3	71.75	9	0	1	low	
14207	47410	peroxide	55	55	40	51	38	1.0784	1.7482	0.47687	1.6128	Noun	55	1	3.04	3	36.14	8	0	1	low	
2241	7337	borrower	4	4	4	4	4	0.078431	0.69897	0.047687	0.69897	Noun	4	1	1.9908	3	63.71	8	1	1	low	
16000	53997	repairman	54	54	42	48	38	1.0588	1.7404	0.50072	1.6335	Noun	54	1	3.0322	3	52.13	9	1	1	low	
15236	50794	protege	23	23	12	22	12	0.45098	1.3802	0.14306	1.1139	Noun	23	1	2.672	3	75	7	0	1	low	
13337	44517	omission	20	20	19	19	19	0.39216	1.3222	0.22651	1.301	Noun	20	1	2.6141	3	47.43	8	1	1	low	
16171	54856	revival	60	60	47	50	40	1.1765	1.7853	0.56032	1.6812	Noun	60	1	3.0772	3	62	7	0	1	low	
6337	21288	empathy	58	58	37	51	36	1.1373	1.7709	0.44111	1.5798	Noun	58	1	3.0627	3	27.67	7	0	1	low	
14727	48947	politeness	29	29	25	26	22	0.56863	1.4771	0.29804	1.415	Noun	29	1	2.769	3	62.67	10	0	1	low	
10591	35905	koalas	4	4	2	3	2	0.078431	0.69897	0.023844	0.47712	Noun	4	1	1.9908	3	18	6	0	1	low	
18677	63626	suitcases	93	93	75	90	73	1.8235	1.9731	0.89413	1.8808	Noun	93	1	3.265	3	75.5	9	0	1	low	
11139	37533	lithograph	3	3	3	3	3	0.058824	0.60206	0.035765	0.60206	Noun	3	1	1.8939	3	16	10	0	1	low	
19584	66608	toboggan	4	4	4	4	4	0.078431	0.69897	0.047687	0.69897	Noun	4	1	1.9908	3	16.14	8	0	1	low	
17511	59176	silliness	21	21	19	20	18	0.41176	1.3424	0.22651	1.301	Noun	21	1	2.6343	3	86.25	9	0	1	low	
932	2971	archery	40	40	22	33	20	0.78431	1.6128	0.26228	1.3617	Noun	40	1	2.9046	3	80	7	1	1	low	
13350	44559	onlooker	2	2	2	1	1	0.039216	0.47712	0.023844	0.47712	Noun	2	1	1.769	3	36.14	8	0	1	low	
9743	32670	incidence	18	18	18	18	18	0.35294	1.2788	0.21459	1.2788	Noun	18	1	2.5706	3	67.38	9	0	1	low	
18729	63762	sunglasses	201	201	136	185	129	3.9412	2.3054	1.6214	2.1367	Noun	200	1	3.5972	3	65.11	10	0	1	low	
10056	34106	intuit	1	1	1	1	1	0.019608	0.30103	0.011922	0.30103	Noun	1	1	1.5929	3	24.2	6	0	1	low	
1793	5841	bestseller	35	35	29	35	29	0.68627	1.5563	0.34573	1.4771	Noun	35	1	2.8481	3	39.11	10	0	1	low	
10997	37122	libration	1	1	1	1	1	0.019608	0.30103	0.011922	0.30103	Noun	1	1	1.5929	3	108.88	9	1	1	low	
10429	35478	kerosene	66	66	48	57	43	1.2941	1.8261	0.57225	1.6902	Noun	66	1	3.1179	3	42.29	8	0	1	low	
15058	50082	pretenses	42	42	39	41	38	0.82353	1.6335	0.46495	1.6021	Noun	42	1	2.9253	3	106.5	9	1	1	low	
9769	32818	incumbents	1	1	1	1	1	0.019608	0.30103	0.011922	0.30103	Noun	1	1	1.5929	3	61.33	10	0	1	low	
12029	40377	microchip	74	74	33	70	32	1.451	1.8751	0.39342	1.5315	Noun	74	1	3.1669	3	22.13	9	0	1	low	
6772	23014	exponent	4	4	4	3	3	0.078431	0.69897	0.047687	0.69897	Noun	4	1	1.9908	3	63.14	8	0	1	low	
12175	40765	ministries	8	8	6	6	5	0.15686	0.95424	0.071531	0.8451	Noun	8	1	2.2461	3	82	10	0	1	low	
10161	34490	ivory	71	71	63	65	58	1.3922	1.8573	0.75107	1.8062	Noun	71	1	3.1492	3	18.5	5	0	1	low	
9704	32457	imposter	36	36	28	35	28	0.70588	1.5682	0.33381	1.4624	Noun	36	1	2.86	3	85.29	8	2	1	low	
1701	5400	beekeeping	2	2	2	2	2	0.039216	0.47712	0.023844	0.47712	Noun	2	1	1.769	3	115	10	0	1	low	
14283	47708	phenotype	1	1	1	1	1	0.019608	0.30103	0.011922	0.30103	Noun	1	1	1.5929	3	13.38	9	0	1	low	
8935	29800	headhunter	9	9	6	8	6	0.17647	1	0.071531	0.8451	Noun	9	1	2.2918	3	49.11	10	0	1	low	
3123	9986	catalogues	29	29	25	26	23	0.56863	1.4771	0.29804	1.415	Noun	29	1	2.769	3	54.67	10	1	1	low	
15094	50223	princesses	66	66	38	61	33	1.2941	1.8261	0.45303	1.5911	Noun	66	1	3.1179	3	75.89	10	0	1	low	
5054	16591	decibel	10	10	10	7	7	0.19608	1.0414	0.11922	1.0414	Noun	10	1	2.3332	3	42.5	7	0	1	low	
13776	46137	pantomime	17	17	15	16	14	0.33333	1.2553	0.17883	1.2041	Noun	17	1	2.5471	3	37.13	9	0	1	low	
21350	73625	wranglers	11	11	8	6	5	0.21569	1.0792	0.095374	0.95424	Noun	11	1	2.371	3	65.88	9	0	1	low	
18701	63690	summation	33	33	25	32	24	0.64706	1.5315	0.29804	1.415	Noun	33	1	2.8233	3	114.38	9	0	1	low	
3811	12225	coauthor	5	5	4	4	4	0.098039	0.77815	0.047687	0.69897	Noun	5	1	2.07	3	44.57	8	0	1	low	
9726	32569	inaction	7	7	7	6	6	0.13725	0.90309	0.083453	0.90309	Noun	7	1	2.1949	3	100.29	8	0	1	low	
11746	39429	matchboxes	1	1	1	1	1	0.019608	0.30103	0.011922	0.30103	Noun	1	1	1.5929	3	50	10	0	1	low	
15981	53903	rendition	22	22	22	22	22	0.43137	1.3617	0.26228	1.3617	Noun	22	1	2.6536	3	134.63	9	0	1	low	
13144	43949	nunnery	23	23	17	23	17	0.45098	1.3802	0.20267	1.2553	Noun	23	1	2.672	3	94.83	7	1	1	low	
18043	61204	specifics	96	96	90	94	88	1.8824	1.9868	1.073	1.959	Noun	96	1	3.2786	3	33.13	9	1	1	low	
15821	53021	recurrence	15	15	13	15	13	0.29412	1.2041	0.15498	1.1461	Noun	15	1	2.496	3	61.44	10	0	1	low	
20228	68859	uncomplete	1	1	1	1	1	0.019608	0.30103	0.011922	0.30103	Noun	1	1	1.5929	3	39	10	1	1	low	
13544	45184	outpatient	31	31	28	29	26	0.60784	1.5051	0.33381	1.4624	Noun	31	1	2.797	3	47.56	10	0	1	low	
15384	51300	puppetry	2	2	1	1	1	0.039216	0.47712	0.011922	0.30103	Noun	2	1	1.769	3	33.29	8	0	1	low	
18238	61995	staircases	12	12	11	12	11	0.23529	1.1139	0.13114	1.0792	Noun	12	1	2.4058	3	57.44	10	0	1	low	
55	208	absentee	18	18	18	18	18	0.35294	1.2788	0.21459	1.2788	Noun	18	1	2.5706	3	72	8	0	1	low	
15025	49917	preparer	1	1	1	1	1	0.019608	0.30103	0.011922	0.30103	Noun	1	1	1.5929	3	103.29	8	2	1	low	
9920	33416	innocents	73	73	56	70	56	1.4314	1.8692	0.66762	1.7559	Noun	72	1	3.1611	3	63.75	9	0	1	low	
2818	9146	camcorder	32	32	27	31	26	0.62745	1.5185	0.32189	1.4472	Noun	32	1	2.8103	3	45.75	9	0	1	low	
8858	29549	harnesses	10	10	9	10	9	0.19608	1.0414	0.1073	1	Noun	10	1	2.3332	3	99.25	9	1	1	low	
9670	32219	imminence	4	4	4	4	4	0.078431	0.69897	0.047687	0.69897	Noun	4	1	1.9908	3	50.5	9	0	1	low	
5095	16797	defaulters	1	1	1	1	1	0.019608	0.30103	0.011922	0.30103	Noun	1	1	1.5929	3	49.11	10	0	1	low	
13070	43736	nostalgia	39	39	37	30	29	0.76471	1.6021	0.44111	1.5798	Noun	39	1	2.8939	3	33.88	9	1	1	low	
8871	29599	harvester	11	11	5	5	2	0.21569	1.0792	0.059609	0.77815	Noun	11	1	2.371	3	91.25	9	1	1	low	
9154	30440	highlander	12	12	7	2	1	0.23529	1.1139	0.083453	0.90309	Noun	12	1	2.4058	3	32.33	10	0	1	low	
6542	22136	erosion	28	28	24	28	24	0.54902	1.4624	0.28612	1.3979	Noun	28	1	2.7542	3	62.83	7	0	1	low	
5147	17000	delegates	87	87	35	75	29	1.7059	1.9445	0.41726	1.5563	Noun	86	1	3.2363	3	126.5	9	1	1	low	
20794	71704	voyages	17	17	16	17	16	0.33333	1.2553	0.19075	1.2304	Noun	17	1	2.5471	3	100.17	7	1	1	low	
5609	18955	disruption	51	51	35	41	34	1	1.716	0.41726	1.5563	Noun	55	1	3.0078	3	124.33	10	0	1	low	
11603	38968	mannequins	20	20	15	19	14	0.39216	1.3222	0.17883	1.2041	Noun	20	1	2.6141	3	83.33	10	0	1	low	
8942	29812	headliner	22	22	18	22	18	0.43137	1.3617	0.21459	1.2788	Noun	22	1	2.6536	3	62.13	9	2	1	low	
7350	24869	flirtation	36	36	28	28	26	0.70588	1.5682	0.33381	1.4624	Noun	36	1	2.86	3	130.56	10	0	1	low	
11726	39363	massager	16	16	7	16	7	0.31373	1.2304	0.083453	0.90309	Noun	16	1	2.5223	3	63.86	8	1	1	low	
15742	52542	realism	36	36	31	32	28	0.70588	1.5682	0.36958	1.5051	Noun	36	1	2.86	3	101.33	7	1	1	low	
12275	41181	moccasin	2	2	2	2	2	0.039216	0.47712	0.023844	0.47712	Noun	2	1	1.769	3	22.71	8	0	1	low	
13211	44168	obsessions	25	25	23	22	21	0.4902	1.415	0.2742	1.3802	Noun	25	1	2.7068	3	45.89	10	0	1	low	
9970	33587	installers	1	1	1	1	1	0.019608	0.30103	0.011922	0.30103	Noun	1	1	1.5929	3	65.78	10	0	1	low	
15810	52989	recruiter	35	35	26	34	26	0.68627	1.5563	0.30997	1.4314	Noun	35	1	2.8481	3	93.88	9	1	1	low	
2414	7904	brigadier	52	52	27	21	10	1.0196	1.7243	0.32189	1.4472	Noun	52	1	3.0161	3	56.88	9	0	1	low	
8086	27236	gigabyte	1	1	1	0	0	0.019608	0.30103	0.011922	0.30103	Noun	1	1	1.5929	3	27.29	8	0	1	low	
9798	32988	inductee	3	3	3	3	3	0.058824	0.60206	0.035765	0.60206	Noun	3	1	1.8939	3	66.14	8	0	1	low	
6592	22283	essentials	39	39	34	34	30	0.76471	1.6021	0.40534	1.5441	Noun	38	1	2.8939	3	32.44	10	0	1	low	
19940	67751	trimester	43	43	36	43	36	0.84314	1.6435	0.42918	1.5682	Noun	43	1	2.9353	3	83.38	9	0	1	low	
16127	54674	retraction	51	51	42	50	41	1	1.716	0.50072	1.6335	Noun	51	1	3.0078	3	139.56	10	0	1	low	
13462	44894	ornaments	51	51	38	47	37	1	1.716	0.45303	1.5911	Noun	51	1	3.0078	3	43.63	9	0	1	low	
11478	38609	mailboxes	31	31	27	30	26	0.60784	1.5051	0.32189	1.4472	Noun	31	1	2.797	3	58.63	9	0	1	low	
15134	50350	processor	46	46	36	45	35	0.90196	1.6721	0.42918	1.5682	Noun	46	1	2.9639	3	59.25	9	1	1	low	
11046	37269	likelihood	58	58	57	58	57	1.1373	1.7709	0.67954	1.7634	Noun	59	1	3.0627	3	18	10	1	1	low	
1826	5942	biases	1	1	1	1	1	0.019608	0.30103	0.011922	0.30103	Noun	1	1	1.5929	3	104.6	6	1	1	low	
20769	71629	volleyball	58	58	50	56	48	1.1373	1.7709	0.59609	1.7076	Noun	58	1	3.0627	3	17.11	10	0	1	low	
9153	30435	highflier	1	1	1	1	1	0.019608	0.30103	0.011922	0.30103	Noun	1	1	1.5929	3	61	9	0	1	low	
572	1818	amateurs	176	176	143	146	123	3.451	2.248	1.7048	2.1584	Noun	174	1	3.5398	3	56.43	8	0	1	low	
11154	37589	livery	65	65	35	61	32	1.2745	1.8195	0.41726	1.5563	Noun	65	1	3.1114	3	54.6	6	2	1	low	
6433	21722	enrichment	7	7	7	6	6	0.13725	0.90309	0.083453	0.90309	Noun	7	1	2.1949	3	47.44	10	0	1	low	
15159	50473	profusion	5	5	5	5	5	0.098039	0.77815	0.059609	0.77815	Noun	5	1	2.07	3	83.63	9	0	1	low	
18944	64591	synonym	9	9	8	9	8	0.17647	1	0.095374	0.95424	Noun	9	1	2.2918	3	8.5	7	0	1	low	
14138	47153	penthouses	9	9	9	6	6	0.17647	1	0.1073	1	Noun	9	1	2.2918	3	67.67	10	0	1	low	
16415	55761	royalist	1	1	1	1	1	0.019608	0.30103	0.011922	0.30103	Noun	1	1	1.5929	3	72.57	8	1	1	low	
15185	50575	promoter	51	51	41	51	41	1	1.716	0.48879	1.6232	Noun	51	1	3.0078	3	101.57	8	3	1	low	
16042	54225	repurchase	1	1	1	1	1	0.019608	0.30103	0.011922	0.30103	Noun	1	1	1.5929	3	36.89	10	0	1	low	
19236	65502	tendencies	80	80	71	79	70	1.5686	1.9085	0.84645	1.8573	Noun	80	1	3.2003	3	75.22	10	0	1	low	
9790	32911	indigents	2	2	2	2	2	0.039216	0.47712	0.023844	0.47712	Noun	2	1	1.769	3	72.25	9	0	1	low	
7276	24621	flamingos	22	22	16	15	11	0.43137	1.3617	0.19075	1.2304	Noun	22	1	2.6536	3	34.38	9	0	1	low	
6701	22691	exclusion	12	12	12	11	11	0.23529	1.1139	0.14306	1.1139	Noun	11	1	2.4058	3	73.75	9	0	1	low	
9367	31204	hostesses	22	22	18	21	17	0.43137	1.3617	0.21459	1.2788	Noun	22	1	2.6536	3	102	9	0	1	low	
8778	29319	handlebar	10	10	7	7	5	0.19608	1.0414	0.083453	0.90309	Noun	10	1	2.3332	3	28.88	9	0	1	low	
1721	5495	behaviors	21	21	18	21	18	0.41176	1.3424	0.21459	1.2788	Noun	20	1	2.6343	3	48.38	9	0	1	low	
9749	32691	incisor	8	8	8	7	7	0.15686	0.95424	0.095374	0.95424	Noun	8	1	2.2461	3	32.33	7	0	1	low	
4454	14773	coverings	4	4	3	4	3	0.078431	0.69897	0.035765	0.60206	Noun	4	1	1.9908	3	91.25	9	0	1	low	
13654	45821	packagers	1	1	1	1	1	0.019608	0.30103	0.011922	0.30103	Noun	1	1	1.5929	3	59	9	0	1	low	
18451	62729	storybook	27	27	24	26	23	0.52941	1.4472	0.28612	1.3979	Noun	27	1	2.739	3	25.38	9	0	1	low	
4282	14231	copyrights	1	1	1	1	1	0.019608	0.30103	0.011922	0.30103	Noun	1	1	1.5929	3	48.89	10	0	1	low	
19920	67689	trickery	38	38	31	36	30	0.7451	1.5911	0.36958	1.5051	Noun	38	1	2.8829	3	83.29	8	0	1	low	
17665	59782	sleepiness	3	3	3	2	2	0.058824	0.60206	0.035765	0.60206	Noun	3	1	1.8939	3	44.11	10	0	1	low	
15147	50400	prodigy	67	67	43	55	41	1.3137	1.8325	0.51264	1.6435	Noun	67	1	3.1243	3	60.17	7	0	1	low	
5489	18302	dinnerware	7	7	6	7	6	0.13725	0.90309	0.071531	0.8451	Noun	7	1	2.1949	3	36.56	10	0	1	low	
11341	38120	lubricant	35	35	27	34	27	0.68627	1.5563	0.32189	1.4472	Noun	35	1	2.8481	3	49.88	9	0	1	low	
15647	52147	rampages	2	2	2	2	2	0.039216	0.47712	0.023844	0.47712	Noun	2	1	1.769	3	96.43	8	0	1	low	
9257	30841	homemakers	3	3	3	3	3	0.058824	0.60206	0.035765	0.60206	Noun	3	1	1.8939	3	39.78	10	0	1	low	
5302	17680	detailer	2	2	2	2	2	0.039216	0.47712	0.023844	0.47712	Noun	2	1	1.769	3	85.57	8	2	1	low	
2845	9210	campuses	6	6	6	6	6	0.11765	0.8451	0.071531	0.8451	Noun	6	1	2.1369	3	103.43	8	0	1	low	
4221	13993	contusion	36	36	31	34	30	0.70588	1.5682	0.36958	1.5051	Noun	36	1	2.86	3	109	9	1	1	low	
9528	31710	hydroxide	8	8	6	8	6	0.15686	0.95424	0.071531	0.8451	Noun	8	1	2.2461	3	15.25	9	0	1	low	
6152	20611	eclipses	9	9	9	9	9	0.17647	1	0.1073	1	Noun	9	1	2.2918	3	87.29	8	1	1	low	
12000	40262	metering	1	1	1	1	1	0.019608	0.30103	0.011922	0.30103	Noun	1	1	1.5929	3	295.29	8	0	1	low	
12750	42593	narratives	3	3	3	3	3	0.058824	0.60206	0.035765	0.60206	Noun	3	1	1.8939	3	72	10	0	1	low	
1898	6191	biopsy	79	79	41	73	38	1.549	1.9031	0.48879	1.6232	Noun	79	1	3.1949	3	15	6	0	1	low	
8380	28099	grandbaby	10	10	9	10	9	0.19608	1.0414	0.1073	1	Noun	10	1	2.3332	3	25.38	9	0	1	low	
19199	65374	telepath	8	8	4	8	4	0.15686	0.95424	0.047687	0.69897	Noun	8	1	2.2461	3	37.57	8	0	1	low	
7943	26812	gatherings	29	29	28	29	28	0.56863	1.4771	0.33381	1.4624	Noun	29	1	2.769	3	37.44	10	0	1	low	
5175	17125	demerit	10	10	9	10	9	0.19608	1.0414	0.1073	1	Noun	10	1	2.3332	3	48.5	7	0	1	low	
13221	44213	occident	1	1	1	1	1	0.019608	0.30103	0.011922	0.30103	Noun	1	1	1.5929	3	43.57	8	1	1	low	
14996	49743	predation	7	7	7	6	6	0.13725	0.90309	0.083453	0.90309	Noun	7	1	2.1949	3	123.13	9	0	1	low	
9421	31330	hovercraft	26	26	13	23	11	0.5098	1.4314	0.15498	1.1461	Noun	25	1	2.7232	3	30.44	10	0	1	low	
15873	53315	reformer	11	11	9	11	9	0.21569	1.0792	0.1073	1	Noun	11	1	2.371	3	85.14	8	1	1	low	
1109	3518	assortment	37	37	34	37	34	0.72549	1.5798	0.40534	1.5441	Noun	37	1	2.8716	3	45.56	10	0	1	low	
5226	17328	dependents	11	11	11	11	11	0.21569	1.0792	0.13114	1.0792	Noun	11	1	2.371	3	67.56	10	1	1	low	
