numid|f	X|f	Word|s	Unnamed|f	FREQcount|f	Cdcount|f	FREQlow|f	Cdlow|f	SUBLTLWF|f	Lg10WF|f	SUBTLCD|f	Lg10CD|f	Dom_PoS_SUBTLEX|s	Freq_dom_PoS_SUBTLEX|f	Percentage_dom_PoS|f	Zipfvalue|f	cmu_sylls|f	BF_TP|f	LEN_L|f	N|f	Zipfvalue_incl|f	Zipfvalue_cat|s	
13286	44368	officials	356	356	263	318	241	6.9804	2.5527	3.1354	2.4216	Noun	352	1	3.8445	3	31.63	9	0	1	high	
16081	54429	resources	470	470	375	424	347	9.2157	2.673	4.4707	2.5752	Noun	470	1	3.9649	3	100.25	9	0	1	high	
14904	49462	potatoes	566	566	405	516	371	11.098	2.7536	4.8283	2.6085	Noun	565	1	4.0454	3	97.29	8	0	1	high	
453	1470	alcohol	845	845	588	762	541	16.5686	2.9274	7.01	2.7701	Noun	844	1	4.2192	3	9.5	7	0	1	high	
9896	33370	injuries	378	378	291	367	284	7.4118	2.5786	3.4692	2.4654	Noun	378	1	3.8705	3	129.43	8	0	1	high	
664	2130	ancestors	279	279	192	269	188	5.4706	2.4472	2.289	2.2856	Noun	279	1	3.739	3	70.5	9	0	1	high	
20278	69514	uniforms	403	403	282	375	266	7.902	2.6064	3.3619	2.4518	Noun	402	1	3.8982	3	29.57	8	0	1	high	
19270	65585	tequila	299	299	207	213	160	5.8627	2.4771	2.4678	2.3181	Noun	300	1	3.769	3	23.83	7	0	1	high	
3609	11513	cigarette	1357	1357	860	1180	770	26.6078	3.1329	10.2527	2.935	Noun	1355	1	4.4247	3	36	9	0	1	high	
18010	61052	spaghetti	302	302	194	250	175	5.9216	2.4814	2.3128	2.29	Noun	304	1	3.7733	3	21.88	9	0	1	high	
4587	15201	criminals	612	612	433	565	415	12	2.7875	5.1621	2.6375	Noun	613	1	4.0793	3	48.63	9	0	1	high	
338	1156	agency	991	991	588	773	482	19.4314	2.9965	7.01	2.7701	Noun	988	1	4.2883	3	16.6	6	0	1	high	
292	1023	affection	431	431	334	419	330	8.451	2.6355	3.9819	2.525	Noun	430	1	3.9273	3	100.75	9	0	1	high	
20691	71413	violin	242	242	122	226	116	4.7451	2.3856	1.4545	2.0899	Noun	243	1	3.6774	3	19.8	6	0	1	high	
324	1118	afternoon	4666	4666	2597	4410	2505	91.4902	3.669	30.9609	3.4146	Noun	4660	1	4.9609	3	63.38	9	0	1	high	
6755	22931	expenses	393	393	316	381	307	7.7059	2.5955	3.7673	2.5011	Noun	393	1	3.8873	3	109.57	8	1	1	high	
3265	10373	centuries	382	382	302	363	289	7.4902	2.5832	3.6004	2.4814	Noun	383	1	3.875	3	108.25	9	0	1	high	
17177	58050	services	1053	1053	793	732	608	20.6471	3.0228	9.454	2.8998	Noun	1056	1	4.3147	3	108.57	8	1	1	high	
6713	22729	excuses	441	441	371	425	364	8.6471	2.6454	4.423	2.5705	Noun	440	1	3.9373	3	109.67	7	1	1	high	
13702	45941	pajamas	297	297	205	280	198	5.8235	2.4742	2.444	2.3139	Noun	296	1	3.7661	3	26.67	7	1	1	high	
8498	28496	grocery	280	280	231	268	223	5.4902	2.4487	2.7539	2.3655	Noun	280	1	3.7405	3	108	7	1	1	high	
6922	23520	fantasies	255	255	210	250	208	5	2.4082	2.5036	2.3243	Noun	253	1	3.7001	3	98.5	9	0	1	high	
13285	44364	offices	336	336	266	328	259	6.5882	2.5276	3.1712	2.4265	Noun	335	1	3.8195	3	99.33	7	1	1	high	
584	1861	ambulance	1143	1143	727	1093	707	22.4118	3.0584	8.6671	2.8621	Noun	1142	1	4.3503	3	43	9	0	1	high	
3428	10912	chemicals	291	291	187	269	177	5.7059	2.4654	2.2294	2.2742	Noun	292	1	3.7572	3	35.25	9	0	1	high	
2826	9162	cameras	915	915	581	880	567	17.9412	2.9619	6.9266	2.7649	Noun	912	1	4.2537	3	48.5	7	0	1	high	
8733	29191	halloween	665	665	254	6	5	13.0392	2.8235	3.0281	2.4065	Noun	664	1	4.1153	3	39.75	9	0	1	high	
11911	39938	memories	1132	1132	764	1061	734	22.1961	3.0542	9.1082	2.8837	Noun	1133	1	4.3461	3	129.57	8	0	1	high	
9888	33344	initials	235	235	182	228	178	4.6078	2.3729	2.1698	2.2625	Noun	234	1	3.6647	3	53.86	8	0	1	high	
