numid|f	X|f	Word|s	Unnamed|f	FREQcount|f	Cdcount|f	FREQlow|f	Cdlow|f	SUBTLWF|f	Lg10WF|f	SUBTLCD|f	Lg10CD|f	Dom_PoS_SUBTLEX|s	Freq_dom_PoS_SUBTLEX|f	Percentage_dom_PoS|f	Zipfvalue|f	cmu_sylls|f	BF_TP|f	LEN_L|f	N|f	Zipfvalue_incl|f	Zipfvalue_cat|s	cond_name|s	cond_code|f	trigger_code|f	len|f	corr_resp|f	fix_code|f	word_code|f	delay_code|f	audioresp_code|f	
18343	62355	stepfather	151	151	89	139	86	2.9608	2.1818	1.061	1.9542	Noun	151	1	3.4737	3	46.67	10	0	1	low	low3	4	40	1	2	41	42	43	44	
7634	25751	fragrances	4	4	4	1	1	0.078431	0.69897	0.047687	0.69897	Noun	4	1	1.9908	3	69.67	10	0	1	low	low3	4	40	1	2	41	42	43	44	
5056	16596	decider	6	6	5	6	5	0.11765	0.8451	0.059609	0.77815	Noun	6	1	2.1369	3	103.67	7	2	1	low	low3	4	40	1	2	41	42	43	44	
12029	40377	microchip	74	74	33	70	32	1.451	1.8751	0.39342	1.5315	Noun	74	1	3.1669	3	22.13	9	0	1	low	low3	4	40	1	2	41	42	43	44	
5224	17324	dependence	21	21	21	20	20	0.41176	1.3424	0.25036	1.3424	Noun	21	1	2.6343	3	64.33	10	1	1	low	low3	4	40	1	2	41	42	43	44	
11175	37656	lobbyist	22	22	15	21	14	0.43137	1.3617	0.17883	1.2041	Noun	22	1	2.6536	3	41.71	8	0	1	low	low3	4	40	1	2	41	42	43	44	
208	759	adjuster	20	20	17	19	16	0.39216	1.3222	0.20267	1.2553	Noun	20	1	2.6141	3	77.86	8	1	1	low	low3	4	40	1	2	41	42	43	44	
5116	16863	deficit	55	55	52	48	45	1.0784	1.7482	0.61993	1.7243	Noun	55	1	3.04	3	39.17	7	0	1	low	low3	4	40	1	2	41	42	43	44	
14946	49563	powerboat	4	4	4	4	4	0.078431	0.69897	0.047687	0.69897	Noun	4	1	1.9908	3	37.75	9	0	1	low	low3	4	40	1	2	41	42	43	44	
15034	49971	preseason	7	7	2	7	2	0.13725	0.90309	0.023844	0.47712	Noun	7	1	2.1949	3	62.5	9	0	1	low	low3	4	40	1	2	41	42	43	44	
584	1861	ambulance	1143	1143	727	1093	707	22.4118	3.0584	8.6671	2.8621	Noun	1142	1	4.3503	3	43	9	0	1	high	high3	2	20	1	2	21	22	23	24	
11518	38702	malady	22	22	19	22	19	0.43137	1.3617	0.22651	1.301	Noun	22	1	2.6536	3	45	6	0	1	low	low3	4	40	1	2	41	42	43	44	
5548	18550	discontent	46	46	32	45	31	0.90196	1.6721	0.3815	1.5185	Noun	46	1	2.9639	3	70.56	10	0	1	low	low3	4	40	1	2	41	42	43	44	
18460	62753	stowaways	25	25	14	20	14	0.4902	1.415	0.16691	1.1761	Noun	25	1	2.7068	3	19.75	9	0	1	low	low3	4	40	1	2	41	42	43	44	
13409	44739	oranges	125	125	87	114	80	2.451	2.1004	1.0372	1.9445	Noun	125	1	3.3922	3	132.33	7	0	1	low	low3	4	40	1	2	41	42	43	44	
12248	41085	mistresses	23	23	21	21	19	0.45098	1.3802	0.25036	1.3424	Noun	23	1	2.672	3	86.11	10	0	1	low	low3	4	40	1	2	41	42	43	44	
6772	23014	exponent	4	4	4	3	3	0.078431	0.69897	0.047687	0.69897	Noun	4	1	1.9908	3	63.14	8	0	1	low	low3	4	40	1	2	41	42	43	44	
15081	50184	primaries	19	19	14	16	12	0.37255	1.301	0.16691	1.1761	Noun	19	1	2.5929	3	121.25	9	0	1	low	low3	4	40	1	2	41	42	43	44	
16996	57531	secretion	13	13	12	13	12	0.2549	1.1461	0.14306	1.1139	Noun	13	1	2.438	3	112.88	9	0	1	low	low3	4	40	1	2	41	42	43	44	
16080	54410	resonance	33	33	27	31	25	0.64706	1.5315	0.32189	1.4472	Noun	33	1	2.8233	3	75.75	9	0	1	low	low3	4	40	1	2	41	42	43	44	
15314	51088	pubs	18	18	16	16	14	0.35294	1.2788	0.19075	1.2304	Noun	17	1	2.5706	1	17	4	8	1	low	low1	3	30	1	2	31	32	33	34	
2544	8336	bulb	200	200	148	193	142	3.9216	2.3032	1.7644	2.1732	Noun	200	1	3.595	1	15.67	4	2	1	low	low1	3	30	1	2	31	32	33	34	
5734	19428	dominance	39	39	34	37	32	0.76471	1.6021	0.40534	1.5441	Noun	39	1	2.8939	3	54.38	9	0	1	low	low3	4	40	1	2	41	42	43	44	
15684	52288	rarity	20	20	19	20	19	0.39216	1.3222	0.22651	1.301	Noun	20	1	2.6141	3	76.2	6	1	1	low	low3	4	40	1	2	41	42	43	44	
6815	23222	eyeglasses	34	34	24	31	22	0.66667	1.5441	0.28612	1.3979	Noun	33	1	2.8359	3	52.89	10	0	1	low	low3	4	40	1	2	41	42	43	44	
4319	14310	cornea	16	16	12	16	12	0.31373	1.2304	0.14306	1.1139	Noun	16	1	2.5223	3	61	6	2	1	low	low3	4	40	1	2	41	42	43	44	
16838	57021	sciences	36	36	35	23	22	0.70588	1.5682	0.41726	1.5563	Noun	36	1	2.86	3	100	8	0	1	low	low3	4	40	1	2	41	42	43	44	
20144	68371	twill	13	13	10	4	3	0.2549	1.1461	0.11922	1.0414	Noun	13	1	2.438	1	24.5	5	3	1	low	low1	3	30	1	2	31	32	33	34	
15833	53144	reds	119	119	69	45	36	2.3333	2.0792	0.8226	1.8451	Noun	119	1	3.371	1	12.67	4	3	1	low	low1	3	30	1	2	31	32	33	34	
5054	16591	decibel	10	10	10	7	7	0.19608	1.0414	0.11922	1.0414	Noun	10	1	2.3332	3	42.5	7	0	1	low	low3	4	40	1	2	41	42	43	44	
18600	63339	submission	55	55	47	52	46	1.0784	1.7482	0.56032	1.6812	Noun	55	1	3.04	3	88.67	10	0	1	low	low3	4	40	1	2	41	42	43	44	
13550	45216	outriders	1	1	1	1	1	0.019608	0.30103	0.011922	0.30103	Noun	1	1	1.5929	3	69.13	9	1	1	low	low3	4	40	1	2	41	42	43	44	
4999	16425	dealership	66	66	58	65	57	1.2941	1.8261	0.69146	1.7709	Noun	66	1	3.1179	3	44.11	10	0	1	low	low3	4	40	1	2	41	42	43	44	
1473	4670	bandwagon	24	24	23	21	20	0.47059	1.3979	0.2742	1.3802	Noun	24	1	2.6898	3	47.88	9	0	1	low	low3	4	40	1	2	41	42	43	44	
13791	46166	paperback	23	23	18	21	17	0.45098	1.3802	0.21459	1.2788	Noun	23	1	2.672	3	45.63	9	0	1	low	low3	4	40	1	2	41	42	43	44	
6912	23489	fanatics	48	48	46	46	44	0.94118	1.6902	0.5484	1.6721	Noun	48	1	2.982	3	83.14	8	0	1	low	low3	4	40	1	2	41	42	43	44	
15974	53873	removal	105	105	94	98	88	2.0588	2.0253	1.1206	1.9777	Noun	105	1	3.3171	3	58.83	7	0	1	low	low3	4	40	1	2	41	42	43	44	
8859	29553	harp	134	134	81	105	68	2.6275	2.1303	0.96567	1.9138	Noun	135	1	3.4222	1	31.67	4	7	1	low	low1	3	30	1	2	31	32	33	34	
2467	8074	brooch	67	67	30	66	30	1.3137	1.8325	0.35765	1.4914	Noun	67	1	3.1243	1	44.8	6	1	1	low	low1	3	30	1	2	31	32	33	34	
15351	51188	pulse	1200	1200	530	823	474	23.5294	3.0795	6.3186	2.7251	Noun	1197	1	4.3714	1	27.25	5	1	1	high	high1	1	10	1	2	11	12	13	14	
10148	34443	issuance	3	3	3	3	3	0.058824	0.60206	0.035765	0.60206	Noun	3	1	1.8939	3	31.57	8	0	1	low	low3	4	40	1	2	41	42	43	44	
16948	57405	seafarer	3	3	3	3	3	0.058824	0.60206	0.035765	0.60206	Noun	3	1	1.8939	3	88.71	8	0	1	low	low3	4	40	1	2	41	42	43	44	
15416	51397	pus	51	51	42	47	40	1	1.716	0.50072	1.6335	Noun	51	1	3.0078	1	4	3	7	1	low	low1	3	30	1	2	31	32	33	34	
11867	39822	megabyte	2	2	2	2	2	0.039216	0.47712	0.023844	0.47712	Noun	2	1	1.769	3	29.57	8	0	1	low	low3	4	40	1	2	41	42	43	44	
10255	34820	jeweler	53	53	40	50	39	1.0392	1.7324	0.47687	1.6128	Noun	51	1	3.0242	3	104.5	7	0	1	low	low3	4	40	1	2	41	42	43	44	
7226	24482	fishmonger	6	6	6	6	6	0.11765	0.8451	0.071531	0.8451	Noun	6	1	2.1369	3	35.78	10	0	1	low	low3	4	40	1	2	41	42	43	44	
13002	43423	node	25	25	20	25	20	0.4902	1.415	0.23844	1.3222	Noun	25	1	2.7068	1	16.33	4	10	1	low	low1	3	30	1	2	31	32	33	34	
20246	69072	underpass	13	13	10	13	10	0.2549	1.1461	0.11922	1.0414	Noun	13	1	2.438	3	68.25	9	0	1	low	low3	4	40	1	2	41	42	43	44	
8935	29800	headhunter	9	9	6	8	6	0.17647	1	0.071531	0.8451	Noun	9	1	2.2918	3	49.11	10	0	1	low	low3	4	40	1	2	41	42	43	44	
5423	18098	dieters	1	1	1	1	1	0.019608	0.30103	0.011922	0.30103	Noun	1	1	1.5929	3	136	7	0	1	low	low3	4	40	1	2	41	42	43	44	
9924	33428	inns	15	15	11	14	11	0.29412	1.2041	0.13114	1.0792	Noun	18	1	2.496	1	14.67	4	2	1	low	low1	3	30	1	2	31	32	33	34	
18493	62895	streets	1611	1611	1060	1578	1037	31.5882	3.2074	12.6371	3.0257	Noun	1604	1	4.4992	1	78.5	7	0	1	high	high1	1	10	1	2	11	12	13	14	
16063	54354	reshuffle	4	4	3	4	3	0.078431	0.69897	0.035765	0.60206	Noun	4	1	1.9908	3	54.25	9	0	1	low	low3	4	40	1	2	41	42	43	44	
20664	71344	villages	123	123	91	123	91	2.4118	2.0934	1.0849	1.9638	Noun	123	1	3.3853	3	105.71	8	1	1	low	low3	4	40	1	2	41	42	43	44	
10093	34243	iodide	9	9	7	9	7	0.17647	1	0.083453	0.90309	Noun	9	1	2.2918	3	22.2	6	1	1	low	low3	4	40	1	2	41	42	43	44	
13962	46621	pasts	11	11	10	11	10	0.21569	1.0792	0.11922	1.0414	Noun	11	1	2.371	1	64	5	12	1	low	low1	3	30	1	2	31	32	33	34	
18453	62731	storyline	7	7	6	7	6	0.13725	0.90309	0.071531	0.8451	Noun	7	1	2.1949	3	134.88	9	0	1	low	low3	4	40	1	2	41	42	43	44	
5798	19595	dose	270	270	202	267	201	5.2941	2.433	2.4082	2.3075	Noun	274	1	3.7248	1	21.33	4	12	1	high	high1	1	10	1	2	11	12	13	14	
18703	63699	summertime	61	61	50	47	41	1.1961	1.7924	0.59609	1.7076	Noun	61	1	3.0842	3	77.11	10	0	1	low	low3	4	40	1	2	41	42	43	44	
15036	49981	presenter	20	20	13	17	11	0.39216	1.3222	0.15498	1.1461	Noun	20	1	2.6141	3	103.38	9	1	1	low	low3	4	40	1	2	41	42	43	44	
15976	53877	remover	33	33	28	32	27	0.64706	1.5315	0.33381	1.4624	Noun	33	1	2.8233	3	103	7	4	1	low	low3	4	40	1	2	41	42	43	44	
10966	37028	leverage	139	139	116	132	113	2.7255	2.1461	1.3829	2.0682	Noun	139	1	3.438	3	61.29	8	1	1	low	low3	4	40	1	2	41	42	43	44	
7995	26953	generale	1	1	1	1	1	0.019608	0.30103	0.011922	0.30103	Noun	1	1	1.5929	3	65.86	8	2	1	low	low3	4	40	1	2	41	42	43	44	
14364	47969	pickpocket	38	38	23	38	23	0.7451	1.5911	0.2742	1.3802	Noun	38	1	2.8829	3	8.78	10	0	1	low	low3	4	40	1	2	41	42	43	44	
14258	47626	pets	290	290	213	270	202	5.6863	2.4639	2.5393	2.3304	Noun	290	1	3.7557	1	25	4	16	1	high	high1	1	10	1	2	11	12	13	14	
12083	40519	migration	33	33	29	29	25	0.64706	1.5315	0.34573	1.4771	Noun	33	1	2.8233	3	114.5	9	0	1	low	low3	4	40	1	2	41	42	43	44	
15520	51765	quietness	6	6	6	6	6	0.11765	0.8451	0.071531	0.8451	Noun	6	1	2.1369	3	60.75	9	0	1	low	low3	4	40	1	2	41	42	43	44	
2790	9045	caliber	139	139	110	138	109	2.7255	2.1461	1.3114	2.0453	Noun	139	1	3.438	3	95.83	7	0	1	low	low3	4	40	1	2	41	42	43	44	
11336	38103	lozenges	8	8	4	8	4	0.15686	0.95424	0.047687	0.69897	Noun	8	1	2.2461	3	95.14	8	0	1	low	low3	4	40	1	2	41	42	43	44	
17243	58294	shard	37	37	11	36	10	0.72549	1.5798	0.13114	1.0792	Noun	37	1	2.8716	1	43.25	5	5	1	low	low1	3	30	1	2	31	32	33	34	
15134	50350	processor	46	46	36	45	35	0.90196	1.6721	0.42918	1.5682	Noun	46	1	2.9639	3	59.25	9	1	1	low	low3	4	40	1	2	41	42	43	44	
3493	11105	chimes	87	87	62	80	58	1.7059	1.9445	0.73915	1.7993	Noun	87	1	3.2363	1	105.8	6	5	1	low	low1	3	30	1	2	31	32	33	34	
9310	31016	hooligans	52	52	42	48	39	1.0196	1.7243	0.50072	1.6335	Noun	52	1	3.0161	3	44.5	9	0	1	low	low3	4	40	1	2	41	42	43	44	
1665	5290	beautician	11	11	10	8	7	0.21569	1.0792	0.11922	1.0414	Noun	11	1	2.371	3	28.56	10	0	1	low	low3	4	40	1	2	41	42	43	44	
18679	63630	suites	84	84	54	78	49	1.6471	1.9294	0.64378	1.7404	Noun	84	1	3.2213	1	126.6	6	1	1	low	low1	3	30	1	2	31	32	33	34	
10106	34285	irishman	7	7	6	0	0	0.13725	0.90309	0.071531	0.8451	Noun	7	1	2.1949	3	33.71	8	0	1	low	low3	4	40	1	2	41	42	43	44	
4908	16112	dames	223	223	133	189	115	4.3725	2.3502	1.5856	2.1271	Noun	223	1	3.6421	1	71.5	5	7	1	low	low1	3	30	1	2	31	32	33	34	
2163	7115	bonfire	89	89	59	87	58	1.7451	1.9542	0.70339	1.7782	Noun	89	1	3.2461	3	45.33	7	0	1	low	low3	4	40	1	2	41	42	43	44	
13247	44274	octopi	2	2	2	2	2	0.039216	0.47712	0.023844	0.47712	Noun	2	1	1.769	3	7.4	6	0	1	low	low3	4	40	1	2	41	42	43	44	
14602	48575	playhouses	3	3	1	2	1	0.058824	0.60206	0.011922	0.30103	Noun	3	1	1.8939	3	53.67	10	0	1	low	low3	4	40	1	2	41	42	43	44	
15926	53671	relatives	513	513	423	494	411	10.0588	2.711	5.0429	2.6274	Noun	510	1	4.0028	3	99.38	9	0	1	high	high3	2	20	1	2	21	22	23	24	
5888	19857	draught	24	24	20	22	19	0.47059	1.3979	0.23844	1.3222	Noun	24	1	2.6898	1	36	7	2	1	low	low1	3	30	1	2	31	32	33	34	
10229	34712	jeans	337	337	243	305	225	6.6078	2.5289	2.897	2.3874	Noun	337	1	3.8208	1	52	5	4	1	high	high1	1	10	1	2	11	12	13	14	
10488	35618	kilowatt	6	6	5	4	4	0.11765	0.8451	0.059609	0.77815	Noun	6	1	2.1369	3	31.43	8	0	1	low	low3	4	40	1	2	41	42	43	44	
8942	29812	headliner	22	22	18	22	18	0.43137	1.3617	0.21459	1.2788	Noun	22	1	2.6536	3	62.13	9	2	1	low	low3	4	40	1	2	41	42	43	44	
20323	70362	upbringing	59	59	56	59	56	1.1569	1.7782	0.66762	1.7559	Noun	59	1	3.07	3	125.67	10	0	1	low	low3	4	40	1	2	41	42	43	44	
9244	30792	holmium	1	1	1	1	1	0.019608	0.30103	0.011922	0.30103	Noun	1	1	1.5929	3	33.67	7	0	1	low	low3	4	40	1	2	41	42	43	44	
7841	26505	gal	725	725	429	671	411	14.2157	2.8609	5.1144	2.6335	Noun	705	1	4.1528	1	4.5	3	8	1	high	high1	1	10	1	2	11	12	13	14	
6388	21522	endoscope	4	4	2	4	2	0.078431	0.69897	0.023844	0.47712	Noun	4	1	1.9908	3	20.38	9	0	1	low	low3	4	40	1	2	41	42	43	44	
1826	5942	biases	1	1	1	1	1	0.019608	0.30103	0.011922	0.30103	Noun	1	1	1.5929	3	104.6	6	1	1	low	low3	4	40	1	2	41	42	43	44	
538	1711	alpaca	10	10	8	6	5	0.19608	1.0414	0.095374	0.95424	Noun	10	1	2.3332	3	13.4	6	0	1	low	low3	4	40	1	2	41	42	43	44	
2182	7180	bookcases	4	4	4	3	3	0.078431	0.69897	0.047687	0.69897	Noun	4	1	1.9908	3	68.88	9	0	1	low	low3	4	40	1	2	41	42	43	44	
13973	46658	pathfinder	6	6	4	0	0	0.11765	0.8451	0.047687	0.69897	Noun	6	1	2.1369	3	37	10	0	1	low	low3	4	40	1	2	41	42	43	44	
18546	63111	studs	50	50	39	47	37	0.98039	1.7076	0.46495	1.6021	Noun	50	1	2.9994	1	40.5	5	3	1	low	low1	3	30	1	2	31	32	33	34	
14326	47885	physicals	16	16	13	16	13	0.31373	1.2304	0.15498	1.1461	Noun	16	1	2.5223	3	26.75	9	0	1	low	low3	4	40	1	2	41	42	43	44	
2708	8854	cabanas	2	2	2	2	2	0.039216	0.47712	0.023844	0.47712	Noun	2	1	1.769	3	36.33	7	0	1	low	low3	4	40	1	2	41	42	43	44	
15866	53291	reflector	14	14	10	13	9	0.27451	1.1761	0.11922	1.0414	Noun	14	1	2.4679	3	60.25	9	0	1	low	low3	4	40	1	2	41	42	43	44	
12484	41768	mosquitos	7	7	7	5	5	0.13725	0.90309	0.083453	0.90309	Noun	7	1	2.1949	3	20.88	9	0	1	low	low3	4	40	1	2	41	42	43	44	
16007	54025	repeater	14	14	13	11	11	0.27451	1.1761	0.15498	1.1461	Noun	14	1	2.4679	3	120.57	8	1	1	low	low3	4	40	1	2	41	42	43	44	
12296	41232	modes	16	16	16	14	14	0.31373	1.2304	0.19075	1.2304	Noun	16	1	2.5223	1	81.75	5	7	1	low	low1	3	30	1	2	31	32	33	34	
9771	32826	incursion	13	13	11	13	11	0.2549	1.1461	0.13114	1.0792	Noun	13	1	2.438	3	90.5	9	0	1	low	low3	4	40	1	2	41	42	43	44	
12472	41733	mortgages	36	36	31	33	29	0.70588	1.5682	0.36958	1.5051	Noun	36	1	2.86	3	78.88	9	1	1	low	low3	4	40	1	2	41	42	43	44	
6771	23012	explosives	331	331	207	309	198	6.4902	2.5211	2.4678	2.3181	Noun	331	1	3.813	3	61.11	10	0	1	high	high3	2	20	1	2	21	22	23	24	
16165	54825	reversion	4	4	4	4	4	0.078431	0.69897	0.047687	0.69897	Noun	4	1	1.9908	3	118.25	9	0	1	low	low3	4	40	1	2	41	42	43	44	
10012	33828	interfaith	6	6	3	6	3	0.11765	0.8451	0.035765	0.60206	Noun	6	1	2.1369	3	61.89	10	0	1	low	low3	4	40	1	2	41	42	43	44	
6417	21628	engraver	10	10	9	10	9	0.19608	1.0414	0.1073	1	Noun	10	1	2.3332	3	54	8	1	1	low	low3	4	40	1	2	41	42	43	44	
19752	67050	tourniquet	50	50	42	49	42	0.98039	1.7076	0.50072	1.6335	Noun	50	1	2.9994	3	16.44	10	0	1	low	low3	4	40	1	2	41	42	43	44	
14283	47708	phenotype	1	1	1	1	1	0.019608	0.30103	0.011922	0.30103	Noun	1	1	1.5929	3	13.38	9	0	1	low	low3	4	40	1	2	41	42	43	44	
214	787	admirals	29	29	21	19	15	0.56863	1.4771	0.25036	1.3424	Noun	29	1	2.769	3	37.57	8	0	1	low	low3	4	40	1	2	41	42	43	44	
1985	6505	blemishes	12	12	10	12	10	0.23529	1.1139	0.11922	1.0414	Noun	10	1	2.4058	3	72.25	9	0	1	low	low3	4	40	1	2	41	42	43	44	
10132	34406	islander	2	2	2	2	2	0.039216	0.47712	0.023844	0.47712	Noun	2	1	1.769	3	58.71	8	0	1	low	low3	4	40	1	2	41	42	43	44	
4410	14587	councilmen	11	11	11	11	11	0.21569	1.0792	0.13114	1.0792	Noun	11	1	2.371	3	47.22	10	0	1	low	low3	4	40	1	2	41	42	43	44	
17324	58579	shirt	2365	2365	1400	2330	1383	46.3725	3.374	16.6905	3.1464	Noun	2363	1	4.6658	1	36.5	5	4	1	high	high1	1	10	1	2	11	12	13	14	
20450	70752	valuables	63	63	55	60	53	1.2353	1.8062	0.6557	1.7482	Noun	63	1	3.098	3	67.25	9	0	1	low	low3	4	40	1	2	41	42	43	44	
9932	33456	inquirer	1	1	1	0	0	0.019608	0.30103	0.011922	0.30103	Noun	1	1	1.5929	3	77.57	8	2	1	low	low3	4	40	1	2	41	42	43	44	
16127	54674	retraction	51	51	42	50	41	1	1.716	0.50072	1.6335	Noun	51	1	3.0078	3	139.56	10	0	1	low	low3	4	40	1	2	41	42	43	44	
12733	42531	nanograms	3	3	3	3	3	0.058824	0.60206	0.035765	0.60206	Noun	3	1	1.8939	3	27.5	9	0	1	low	low3	4	40	1	2	41	42	43	44	
7472	25257	fools	681	681	509	601	467	13.3529	2.8338	6.0682	2.7076	Noun	681	1	4.1256	1	44.75	5	7	1	high	high1	1	10	1	2	11	12	13	14	
18467	62799	straights	26	26	13	24	12	0.5098	1.4314	0.15498	1.1461	Noun	26	1	2.7232	1	43.88	9	0	1	low	low1	3	30	1	2	31	32	33	34	
2195	7208	bookseller	5	5	4	5	4	0.098039	0.77815	0.047687	0.69897	Noun	5	1	2.07	3	26.11	10	0	1	low	low3	4	40	1	2	41	42	43	44	
15133	50346	procession	65	65	43	53	42	1.2745	1.8195	0.51264	1.6435	Noun	65	1	3.1114	3	110.44	10	1	1	low	low3	4	40	1	2	41	42	43	44	
237	866	ads	258	258	180	242	173	5.0588	2.4133	2.1459	2.2577	Noun	258	1	3.7051	1	2.5	3	4	1	high	high1	1	10	1	2	11	12	13	14	
13390	44683	opposites	46	46	36	39	32	0.90196	1.6721	0.42918	1.5682	Noun	46	1	2.9639	3	90.13	9	0	1	low	low3	4	40	1	2	41	42	43	44	
14263	47645	pews	7	7	7	7	7	0.13725	0.90309	0.083453	0.90309	Noun	7	1	2.1949	1	14	4	8	1	low	low1	3	30	1	2	31	32	33	34	
5562	18626	diseases	196	196	164	184	159	3.8431	2.2945	1.9552	2.2175	Noun	196	1	3.5863	3	117.43	8	1	1	low	low3	4	40	1	2	41	42	43	44	
10474	35603	kiln	19	19	14	19	14	0.37255	1.301	0.16691	1.1761	Noun	19	1	2.5929	1	17.67	4	3	1	low	low1	3	30	1	2	31	32	33	34	
1878	6112	binaries	2	2	2	2	2	0.039216	0.47712	0.023844	0.47712	Noun	2	1	1.769	3	127.29	8	0	1	low	low3	4	40	1	2	41	42	43	44	
6262	20986	elegance	65	65	56	61	54	1.2745	1.8195	0.66762	1.7559	Noun	65	1	3.1114	3	34.14	8	0	1	low	low3	4	40	1	2	41	42	43	44	
989	3152	aroma	69	69	64	67	63	1.3529	1.8451	0.76299	1.8129	Noun	69	1	3.1369	3	24.5	5	0	1	low	low3	4	40	1	2	41	42	43	44	
20826	71826	waist	262	262	220	254	216	5.1373	2.42	2.6228	2.3444	Noun	261	1	3.7118	1	35.5	5	2	1	high	high1	1	10	1	2	11	12	13	14	
19389	65966	thievery	14	14	14	13	13	0.27451	1.1761	0.16691	1.1761	Noun	14	1	2.4679	3	58	8	0	1	low	low3	4	40	1	2	41	42	43	44	
12899	43135	newscaster	29	29	25	12	12	0.56863	1.4771	0.29804	1.415	Noun	29	1	2.769	3	44.44	10	0	1	low	low3	4	40	1	2	41	42	43	44	
4396	14541	cottages	25	25	21	25	21	0.4902	1.415	0.25036	1.3424	Noun	25	1	2.7068	3	121.57	8	0	1	low	low3	4	40	1	2	41	42	43	44	
2701	8840	cab	1826	1826	961	1709	926	35.8039	3.2617	11.4568	2.9832	Noun	1822	1	4.5536	1	6.5	3	13	1	high	high1	1	10	1	2	11	12	13	14	
3109	9960	casuals	4	4	3	2	2	0.078431	0.69897	0.035765	0.60206	Noun	4	1	1.9908	3	52.33	7	0	1	low	low3	4	40	1	2	41	42	43	44	
8480	28428	grime	21	21	20	21	20	0.41176	1.3424	0.23844	1.3222	Noun	21	1	2.6343	1	36.25	5	3	1	low	low1	3	30	1	2	31	32	33	34	
11357	38199	lumberyard	9	9	9	9	9	0.17647	1	0.1073	1	Noun	9	1	2.2918	3	23.11	10	0	1	low	low3	4	40	1	2	41	42	43	44	
16685	56558	satire	33	33	22	31	22	0.64706	1.5315	0.26228	1.3617	Noun	33	1	2.8233	3	47.4	6	0	1	low	low3	4	40	1	2	41	42	43	44	
15167	50496	programmer	56	56	34	54	34	1.098	1.7559	0.40534	1.5441	Noun	56	1	3.0477	3	52.56	10	2	1	low	low3	4	40	1	2	41	42	43	44	
7027	23903	felts	1	1	1	0	0	0.019608	0.30103	0.011922	0.30103	Noun	1	1	1.5929	1	51.5	5	6	1	low	low1	3	30	1	2	31	32	33	34	
13776	46137	pantomime	17	17	15	16	14	0.33333	1.2553	0.17883	1.2041	Noun	17	1	2.5471	3	37.13	9	0	1	low	low3	4	40	1	2	41	42	43	44	
10912	36887	lemonade	281	281	192	229	165	5.5098	2.4502	2.289	2.2856	Noun	281	1	3.7421	3	32.29	8	0	1	high	high3	2	20	1	2	21	22	23	24	
1090	3451	assemblies	7	7	7	5	5	0.13725	0.90309	0.083453	0.90309	Noun	7	1	2.1949	3	68.67	10	0	1	low	low3	4	40	1	2	41	42	43	44	
5205	17263	dens	15	15	10	15	10	0.29412	1.2041	0.11922	1.0414	Noun	15	1	2.496	1	27	4	9	1	low	low1	3	30	1	2	31	32	33	34	
4666	15417	crowds	179	179	159	169	151	3.5098	2.2553	1.8956	2.2041	Noun	180	1	3.5471	1	47.8	6	1	1	low	low1	3	30	1	2	31	32	33	34	
2187	7192	bookkeeper	65	65	40	58	38	1.2745	1.8195	0.47687	1.6128	Noun	65	1	3.1114	3	18.44	10	0	1	low	low3	4	40	1	2	41	42	43	44	
5095	16797	defaulters	1	1	1	1	1	0.019608	0.30103	0.011922	0.30103	Noun	1	1	1.5929	3	49.11	10	0	1	low	low3	4	40	1	2	41	42	43	44	
13211	44168	obsessions	25	25	23	22	21	0.4902	1.415	0.2742	1.3802	Noun	25	1	2.7068	3	45.89	10	0	1	low	low3	4	40	1	2	41	42	43	44	
17923	60807	sons	921	921	615	803	557	18.0588	2.9647	7.3319	2.7896	Noun	927	1	4.2566	1	30	4	11	1	high	high1	1	10	1	2	11	12	13	14	
10715	36304	lanes	98	98	77	83	64	1.9216	1.9956	0.91798	1.8921	Noun	108	1	3.2875	1	93.25	5	9	1	low	low1	3	30	1	2	31	32	33	34	
18459	62750	stoves	12	12	12	12	12	0.23529	1.1139	0.14306	1.1139	Noun	12	1	2.4058	1	114.2	6	5	1	low	low1	3	30	1	2	31	32	33	34	
20375	70513	urgency	73	73	66	73	66	1.4314	1.8692	0.78684	1.8261	Noun	73	1	3.1611	3	21.83	7	0	1	low	low3	4	40	1	2	41	42	43	44	
12671	42355	mutineer	8	8	4	8	4	0.15686	0.95424	0.047687	0.69897	Noun	8	1	2.2461	3	75.86	8	0	1	low	low3	4	40	1	2	41	42	43	44	
7329	24783	fleets	18	18	13	17	12	0.35294	1.2788	0.15498	1.1461	Noun	19	1	2.5706	1	58.4	6	0	1	low	low1	3	30	1	2	31	32	33	34	
3777	12113	clowns	317	317	234	280	220	6.2157	2.5024	2.7897	2.3711	Noun	317	1	3.7943	1	41.4	6	1	1	high	high1	1	10	1	2	11	12	13	14	
7012	23861	feist	1	1	1	0	0	0.019608	0.30103	0.011922	0.30103	Noun	1	1	1.5929	1	23.75	5	2	1	low	low1	3	30	1	2	31	32	33	34	
19747	67040	tourism	33	33	22	30	20	0.64706	1.5315	0.26228	1.3617	Noun	33	1	2.8233	3	62.5	7	1	1	low	low3	4	40	1	2	41	42	43	44	
13589	45457	overhang	9	9	8	8	7	0.17647	1	0.095374	0.95424	Noun	9	1	2.2918	3	151.71	8	1	1	low	low3	4	40	1	2	41	42	43	44	
14727	48947	politeness	29	29	25	26	22	0.56863	1.4771	0.29804	1.415	Noun	29	1	2.769	3	62.67	10	0	1	low	low3	4	40	1	2	41	42	43	44	
15089	50213	primroses	3	3	3	3	3	0.058824	0.60206	0.035765	0.60206	Noun	3	1	1.8939	3	83.25	9	0	1	low	low3	4	40	1	2	41	42	43	44	
11571	38858	mandible	30	30	16	17	15	0.58824	1.4914	0.19075	1.2304	Noun	30	1	2.7832	3	66.43	8	0	1	low	low3	4	40	1	2	41	42	43	44	
13350	44559	onlooker	2	2	2	1	1	0.039216	0.47712	0.023844	0.47712	Noun	2	1	1.769	3	36.14	8	0	1	low	low3	4	40	1	2	41	42	43	44	
10811	36579	laws	868	868	592	811	574	17.0196	2.939	7.0577	2.7731	Noun	864	1	4.2309	1	20.33	4	12	1	high	high1	1	10	1	2	11	12	13	14	
3609	11513	cigarette	1357	1357	860	1180	770	26.6078	3.1329	10.2527	2.935	Noun	1355	1	4.4247	3	36	9	0	1	high	high3	2	20	1	2	21	22	23	24	
20061	68138	tums	16	16	12	0	0	0.31373	1.2304	0.14306	1.1139	Noun	16	1	2.5223	1	15.33	4	8	1	low	low1	3	30	1	2	31	32	33	34	
15182	50555	prominence	16	16	13	12	12	0.31373	1.2304	0.15498	1.1461	Noun	16	1	2.5223	3	67.56	10	0	1	low	low3	4	40	1	2	41	42	43	44	
13574	45322	overalls	52	52	44	52	44	1.0196	1.7243	0.52456	1.6532	Noun	52	1	3.0161	3	52.57	8	0	1	low	low3	4	40	1	2	41	42	43	44	
9154	30440	highlander	12	12	7	2	1	0.23529	1.1139	0.083453	0.90309	Noun	12	1	2.4058	3	32.33	10	0	1	low	low3	4	40	1	2	41	42	43	44	
14969	49648	prawn	26	26	14	18	9	0.5098	1.4314	0.16691	1.1761	Noun	26	1	2.7232	1	34.25	5	2	1	low	low1	3	30	1	2	31	32	33	34	
6341	21294	emphasis	65	65	63	58	56	1.2745	1.8195	0.75107	1.8062	Noun	66	1	3.1114	3	19.71	8	1	1	low	low3	4	40	1	2	41	42	43	44	
117	478	achievers	9	9	5	4	3	0.17647	1	0.059609	0.77815	Noun	9	1	2.2918	3	46.75	9	0	1	low	low3	4	40	1	2	41	42	43	44	
20094	68221	turnaround	25	25	25	23	23	0.4902	1.415	0.29804	1.415	Noun	25	1	2.7068	3	17.67	10	0	1	low	low3	4	40	1	2	41	42	43	44	
9106	30283	hermitage	11	11	7	6	4	0.21569	1.0792	0.083453	0.90309	Noun	11	1	2.371	3	43.63	9	0	1	low	low3	4	40	1	2	41	42	43	44	
17937	60866	sorcery	33	33	22	30	21	0.64706	1.5315	0.26228	1.3617	Noun	33	1	2.8233	3	100.83	7	0	1	low	low3	4	40	1	2	41	42	43	44	
3951	12617	colonies	90	90	60	81	53	1.7647	1.959	0.71531	1.7853	Noun	90	1	3.2509	3	141.71	8	0	1	low	low3	4	40	1	2	41	42	43	44	
453	1470	alcohol	845	845	588	762	541	16.5686	2.9274	7.01	2.7701	Noun	844	1	4.2192	3	9.5	7	0	1	high	high3	2	20	1	2	21	22	23	24	
19367	65900	therm	1	1	1	1	1	0.019608	0.30103	0.011922	0.30103	Noun	1	1	1.5929	1	22.75	5	1	1	low	low1	3	30	1	2	31	32	33	34	
19543	66482	tins	25	25	23	24	22	0.4902	1.415	0.2742	1.3802	Noun	25	1	2.7068	1	35.33	4	17	1	low	low1	3	30	1	2	31	32	33	34	
3784	12146	clumsiness	15	15	13	15	13	0.29412	1.2041	0.15498	1.1461	Noun	15	1	2.496	3	44.89	10	0	1	low	low3	4	40	1	2	41	42	43	44	
9686	32314	impatience	35	35	33	30	28	0.68627	1.5563	0.39342	1.5315	Noun	35	1	2.8481	3	54.67	10	0	1	low	low3	4	40	1	2	41	42	43	44	
9816	33083	infamy	22	22	20	22	20	0.43137	1.3617	0.23844	1.3222	Noun	22	1	2.6536	3	20.4	6	0	1	low	low3	4	40	1	2	41	42	43	44	
12343	41366	momentum	87	87	78	81	75	1.7059	1.9445	0.9299	1.8976	Noun	87	1	3.2363	3	49.43	8	0	1	low	low3	4	40	1	2	41	42	43	44	
7464	25232	font	48	48	34	46	33	0.94118	1.6902	0.40534	1.5441	Noun	48	1	2.982	1	25.33	4	4	1	low	low1	3	30	1	2	31	32	33	34	
15159	50473	profusion	5	5	5	5	5	0.098039	0.77815	0.059609	0.77815	Noun	5	1	2.07	3	83.63	9	0	1	low	low3	4	40	1	2	41	42	43	44	
10066	34136	invalids	13	13	10	12	9	0.2549	1.1461	0.11922	1.0414	Noun	13	1	2.438	3	72.43	8	0	1	low	low3	4	40	1	2	41	42	43	44	
12406	41544	month	4854	4854	2895	4782	2866	95.1765	3.6862	34.5136	3.4618	Noun	4848	1	4.978	1	33.5	5	1	1	high	high1	1	10	1	2	11	12	13	14	
6907	23476	family	18067	18067	5340	17344	5255	354.2549	4.2569	63.6624	3.7276	Noun	18035	1	5.5487	3	58.4	6	0	1	high	high3	2	20	1	2	21	22	23	24	
4955	16282	database	290	290	227	284	224	5.6863	2.4639	2.7062	2.3579	Noun	290	1	3.7557	3	33.14	8	0	1	high	high3	2	20	1	2	21	22	23	24	
15841	53168	reeds	16	16	16	16	16	0.31373	1.2304	0.19075	1.2304	Noun	16	1	2.5223	1	40.75	5	10	1	low	low1	3	30	1	2	31	32	33	34	
16145	54761	rev	207	207	64	19	19	4.0588	2.3181	0.76299	1.8129	Noun	151	1	3.6099	3	3	3	4	1	low	low3	4	40	1	2	41	42	43	44	
806	2569	ants	365	365	147	329	138	7.1569	2.5635	1.7525	2.1703	Noun	365	1	3.8553	1	18.33	4	4	1	high	high1	1	10	1	2	11	12	13	14	
9567	31880	hysterics	33	33	33	32	32	0.64706	1.5315	0.39342	1.5315	Noun	33	1	2.8233	3	80.63	9	0	1	low	low3	4	40	1	2	41	42	43	44	
19180	65288	techs	27	27	23	24	20	0.52941	1.4472	0.2742	1.3802	Noun	27	1	2.739	1	14.75	5	0	1	low	low1	3	30	1	2	31	32	33	34	
19721	66947	torturer	13	13	13	11	11	0.2549	1.1461	0.15498	1.1461	Noun	13	1	2.438	3	94.14	8	2	1	low	low3	4	40	1	2	41	42	43	44	
16473	55917	runabout	3	3	3	3	3	0.058824	0.60206	0.035765	0.60206	Noun	3	1	1.8939	3	24.57	8	0	1	low	low3	4	40	1	2	41	42	43	44	
10123	34377	irritant	6	6	6	6	6	0.11765	0.8451	0.071531	0.8451	Noun	6	1	2.1369	3	54	8	0	1	low	low3	4	40	1	2	41	42	43	44	
12066	40472	midseason	3	3	3	3	3	0.058824	0.60206	0.035765	0.60206	Noun	2	1	1.8939	3	41.13	9	0	1	low	low3	4	40	1	2	41	42	43	44	
2669	8747	butterfat	2	2	2	2	2	0.039216	0.47712	0.023844	0.47712	Noun	2	1	1.769	3	46.38	9	0	1	low	low3	4	40	1	2	41	42	43	44	
1194	3839	auditor	24	24	15	23	14	0.47059	1.3979	0.17883	1.2041	Noun	24	1	2.6898	3	21.5	7	0	1	low	low3	4	40	1	2	41	42	43	44	
4098	13294	condiment	8	8	7	7	6	0.15686	0.95424	0.083453	0.90309	Noun	8	1	2.2461	3	92.63	9	0	1	low	low3	4	40	1	2	41	42	43	44	
