numid|f	X|f	Word|s	Unnamed|f	FREQcount|f	Cdcount|f	FREQlow|f	Cdlow|f	SUBTLWF|f	Lg10WF|f	SUBTLCD|f	Lg10CD|f	Dom_PoS_SUBTLEX|s	Freq_dom_PoS_SUBTLEX|f	Percentage_dom_PoS|f	Zipfvalue|f	cmu_sylls|f	BF_TP|f	LEN_L|f	N|f	Zipfvalue_incl|f	Zipfvalue_cat|s	cond_name|s	cond_code|f	trigger_code|f	len|f	corr_resp|f	fix_code|f	word_code|f	delay_code|f	audioresp_code|f	
21383	73721	wrongdoing	26	26	26	26	26	0.5098	1.4314	0.30997	1.4314	Noun	26	1	2.7232	3	127	10	0	1	low	low3	4	40	1	2	41	42	43	44	
14739	48987	pollutant	1	1	1	1	1	0.019608	0.30103	0.011922	0.30103	Noun	1	1	1.5929	3	60.25	9	0	1	low	low3	4	40	1	2	41	42	43	44	
12029	40377	microchip	74	74	33	70	32	1.451	1.8751	0.39342	1.5315	Noun	74	1	3.1669	3	22.13	9	0	1	low	low3	4	40	1	2	41	42	43	44	
12248	41085	mistresses	23	23	21	21	19	0.45098	1.3802	0.25036	1.3424	Noun	23	1	2.672	3	86.11	10	0	1	low	low3	4	40	1	2	41	42	43	44	
14909	49469	potency	24	24	24	23	23	0.47059	1.3979	0.28612	1.3979	Noun	24	1	2.6898	3	39.17	7	0	1	low	low3	4	40	1	2	41	42	43	44	
14015	46773	pavilion	49	49	36	22	20	0.96078	1.699	0.42918	1.5682	Noun	49	1	2.9908	3	85.43	8	0	1	low	low3	4	40	1	2	41	42	43	44	
5298	17651	destinies	43	43	36	43	36	0.84314	1.6435	0.42918	1.5682	Noun	43	1	2.9353	3	134.38	9	0	1	low	low3	4	40	1	2	41	42	43	44	
15741	52531	realestate	1	1	1	0	0	0.019608	0.30103	0.011922	0.30103	Noun	1	1	1.5929	3	62.22	10	0	1	low	low3	4	40	1	2	41	42	43	44	
10151	34456	italics	5	5	5	4	4	0.098039	0.77815	0.059609	0.77815	Noun	5	1	2.07	3	49.17	7	0	1	low	low3	4	40	1	2	41	42	43	44	
10637	36092	lackluster	6	6	5	6	5	0.11765	0.8451	0.059609	0.77815	Noun	6	1	2.1369	3	43.67	10	0	1	low	low3	4	40	1	2	41	42	43	44	
2998	9654	caribou	15	15	14	12	11	0.29412	1.2041	0.16691	1.1761	Noun	15	1	2.496	3	60.67	7	0	1	low	low3	4	40	1	2	41	42	43	44	
9718	32543	impulses	109	109	93	109	93	2.1373	2.0414	1.1087	1.9731	Noun	108	1	3.3332	3	93.57	8	0	1	low	low3	4	40	1	2	41	42	43	44	
1710	5423	beets	52	52	28	44	22	1.0196	1.7243	0.33381	1.4624	Noun	52	1	3.0161	1	54.25	5	4	1	low	low1	3	30	1	2	31	32	33	34	
16982	57487	seawater	23	23	17	20	17	0.45098	1.3802	0.20267	1.2553	Noun	23	1	2.672	3	98.86	8	0	1	low	low3	4	40	1	2	41	42	43	44	
9920	33416	innocents	73	73	56	70	56	1.4314	1.8692	0.66762	1.7559	Noun	72	1	3.1611	3	63.75	9	0	1	low	low3	4	40	1	2	41	42	43	44	
157	598	actresses	115	115	91	108	87	2.2549	2.0645	1.0849	1.9638	Noun	115	1	3.3563	3	91.5	9	0	1	low	low3	4	40	1	2	41	42	43	44	
2364	7738	breadth	22	22	21	21	20	0.43137	1.3617	0.25036	1.3424	Noun	22	1	2.6536	1	45.33	7	0	1	low	low1	3	30	1	2	31	32	33	34	
9634	32064	iguana	40	40	19	27	17	0.78431	1.6128	0.22651	1.301	Noun	40	1	2.9046	3	12.8	6	0	1	low	low3	4	40	1	2	41	42	43	44	
4236	14088	convulsion	10	10	9	9	8	0.19608	1.0414	0.1073	1	Noun	10	1	2.3332	3	110.44	10	0	1	low	low3	4	40	1	2	41	42	43	44	
11414	38366	lyre	4	4	4	4	4	0.078431	0.69897	0.047687	0.69897	Noun	4	1	1.9908	1	14.33	4	6	1	low	low1	3	30	1	2	31	32	33	34	
18599	63338	submersion	4	4	4	3	3	0.078431	0.69897	0.047687	0.69897	Noun	3	1	1.9908	3	92	10	1	1	low	low3	4	40	1	2	41	42	43	44	
15628	52080	rainforest	24	24	22	21	19	0.47059	1.3979	0.26228	1.3617	Noun	24	1	2.6898	3	23.78	10	0	1	low	low3	4	40	1	2	41	42	43	44	
11478	38609	mailboxes	31	31	27	30	26	0.60784	1.5051	0.32189	1.4472	Noun	31	1	2.797	3	58.63	9	0	1	low	low3	4	40	1	2	41	42	43	44	
13239	44261	octagon	11	11	7	9	5	0.21569	1.0792	0.083453	0.90309	Noun	11	1	2.371	3	22.67	7	0	1	low	low3	4	40	1	2	41	42	43	44	
21447	73966	yew	2	2	2	2	2	0.039216	0.47712	0.023844	0.47712	Noun	2	1	1.769	1	6	3	10	1	low	low1	3	30	1	2	31	32	33	34	
3062	9836	cartridges	51	51	40	45	36	1	1.716	0.47687	1.6128	Noun	51	1	3.0078	3	67.56	10	1	1	low	low3	4	40	1	2	41	42	43	44	
16127	54674	retraction	51	51	42	50	41	1	1.716	0.50072	1.6335	Noun	51	1	3.0078	3	139.56	10	0	1	low	low3	4	40	1	2	41	42	43	44	
1810	5897	beverage	119	119	99	112	92	2.3333	2.0792	1.1803	2	Noun	119	1	3.371	3	63.57	8	1	1	low	low3	4	40	1	2	41	42	43	44	
3889	12411	cognition	1	1	1	1	1	0.019608	0.30103	0.011922	0.30103	Noun	1	1	1.5929	3	121.63	9	0	1	low	low3	4	40	1	2	41	42	43	44	
18453	62731	storyline	7	7	6	7	6	0.13725	0.90309	0.071531	0.8451	Noun	7	1	2.1949	3	134.88	9	0	1	low	low3	4	40	1	2	41	42	43	44	
7026	23893	felonies	33	33	29	33	29	0.64706	1.5315	0.34573	1.4771	Noun	33	1	2.8233	3	116.14	8	0	1	low	low3	4	40	1	2	41	42	43	44	
1224	3956	autoclave	4	4	4	4	4	0.078431	0.69897	0.047687	0.69897	Noun	4	1	1.9908	3	27.38	9	0	1	low	low3	4	40	1	2	41	42	43	44	
19867	67544	treasurer	57	57	30	49	27	1.1176	1.7634	0.35765	1.4914	Noun	57	1	3.0553	3	59.88	9	2	1	low	low3	4	40	1	2	41	42	43	44	
2716	8868	cabernets	1	1	1	1	1	0.019608	0.30103	0.011922	0.30103	Noun	1	1	1.5929	3	64.88	9	0	1	low	low3	4	40	1	2	41	42	43	44	
17243	58294	shard	37	37	11	36	10	0.72549	1.5798	0.13114	1.0792	Noun	37	1	2.8716	1	43.25	5	5	1	low	low1	3	30	1	2	31	32	33	34	
5213	17281	dentistry	19	19	11	19	11	0.37255	1.301	0.13114	1.0792	Noun	19	1	2.5929	3	65.38	9	0	1	low	low3	4	40	1	2	41	42	43	44	
10572	35843	knives	353	353	269	335	255	6.9216	2.549	3.207	2.4314	Noun	353	1	3.8408	1	90.2	6	1	1	high	high1	1	10	1	2	11	12	13	14	
20865	71940	wands	18	18	14	14	10	0.35294	1.2788	0.16691	1.1761	Noun	18	1	2.5706	1	51.25	5	9	1	low	low1	3	30	1	2	31	32	33	34	
20247	69094	underseas	1	1	1	1	1	0.019608	0.30103	0.011922	0.30103	Noun	1	1	1.5929	3	54.75	9	0	1	low	low3	4	40	1	2	41	42	43	44	
21244	73295	wits	146	146	133	146	133	2.8627	2.1673	1.5856	2.1271	Noun	147	1	3.4592	1	28.33	4	12	1	low	low1	3	30	1	2	31	32	33	34	
