numid|f	X|f	Word|s	Unnamed|f	FREQcount|f	Cdcount|f	FREQlow|f	Cdlow|f	SUBTLWF|f	Lg10WF|f	SUBTLCD|f	Lg10CD|f	Dom_PoS_SUBTLEX|s	Freq_dom_PoS_SUBTLEX|f	Percentage_dom_PoS|f	Zipfvalue|f	cmu_sylls|f	BF_TP|f	LEN_L|f	N|f	Zipfvalue_incl|f	Zipfvalue_cat|s	cond_name|s	cond_code|f	trigger_code|f	len|f	corr_resp|f	fix_code|f	word_code|f	delay_code|f	audioresp_code|f	
19716	66937	tortilla	16	16	15	12	11	0.31373	1.2304	0.17883	1.2041	Noun	16	1	2.5223	3	45.43	8	0	1	low	low3	4	40	1	2	41	42	43	44	
9817	33084	infancy	18	18	17	18	17	0.35294	1.2788	0.20267	1.2553	Noun	18	1	2.5706	3	33.5	7	0	1	low	low3	4	40	1	2	41	42	43	44	
10145	34437	isotope	25	25	17	25	17	0.4902	1.415	0.20267	1.2553	Noun	25	1	2.7068	3	17	7	0	1	low	low3	4	40	1	2	41	42	43	44	
3645	11648	civilians	306	306	213	291	204	6	2.4871	2.5393	2.3304	Noun	305	1	3.779	3	42.25	9	0	1	high	high3	2	20	1	2	21	22	23	24	
10349	35149	jujitsu	16	16	13	13	11	0.31373	1.2304	0.15498	1.1461	Noun	15	1	2.5223	3	8.17	7	0	1	low	low3	4	40	1	2	41	42	43	44	
9018	30012	heels	510	510	402	497	397	10	2.7084	4.7926	2.6053	Noun	507	1	4.0003	1	42.25	5	6	1	high	high1	1	10	1	2	11	12	13	14	
16948	57405	seafarer	3	3	3	3	3	0.058824	0.60206	0.035765	0.60206	Noun	3	1	1.8939	3	88.71	8	0	1	low	low3	4	40	1	2	41	42	43	44	
11467	38576	magnolias	13	13	10	5	4	0.2549	1.1461	0.11922	1.0414	Noun	13	1	2.438	3	42.88	9	0	1	low	low3	4	40	1	2	41	42	43	44	
17507	59167	silks	28	28	23	26	22	0.54902	1.4624	0.2742	1.3802	Noun	28	1	2.7542	1	43.25	5	6	1	low	low1	3	30	1	2	31	32	33	34	
2785	9035	calendar	363	363	229	351	223	7.1176	2.5611	2.7301	2.3617	Noun	363	1	3.8529	3	47.71	8	0	1	high	high3	2	20	1	2	21	22	23	24	
15570	51925	racketeers	6	6	6	6	6	0.11765	0.8451	0.071531	0.8451	Noun	6	1	2.1369	3	34.11	10	0	1	low	low3	4	40	1	2	41	42	43	44	
14458	48216	pinks	14	14	11	10	10	0.27451	1.1761	0.13114	1.0792	Noun	16	1	2.4679	1	51	5	10	1	low	low1	3	30	1	2	31	32	33	34	
13866	46378	pariahs	3	3	3	2	2	0.058824	0.60206	0.035765	0.60206	Noun	3	1	1.8939	3	58.83	7	0	1	low	low3	4	40	1	2	41	42	43	44	
12668	42340	mutations	44	44	29	42	28	0.86275	1.6532	0.34573	1.4771	Noun	44	1	2.945	3	61	9	0	1	low	low3	4	40	1	2	41	42	43	44	
10350	35155	jukeboxes	4	4	4	4	4	0.078431	0.69897	0.047687	0.69897	Noun	4	1	1.9908	3	47.63	9	0	1	low	low3	4	40	1	2	41	42	43	44	
44	174	abrasion	18	18	15	15	13	0.35294	1.2788	0.17883	1.2041	Noun	18	1	2.5706	3	56	8	0	1	low	low3	4	40	1	2	41	42	43	44	
6693	22658	exchanger	1	1	1	1	1	0.019608	0.30103	0.011922	0.30103	Noun	1	1	1.5929	3	49.5	9	2	1	low	low3	4	40	1	2	41	42	43	44	
12512	41848	motorist	25	25	17	25	17	0.4902	1.415	0.20267	1.2553	Noun	25	1	2.7068	3	77.14	8	0	1	low	low3	4	40	1	2	41	42	43	44	
2424	7937	brine	16	16	12	15	11	0.31373	1.2304	0.14306	1.1139	Noun	16	1	2.5223	1	52.75	5	6	1	low	low1	3	30	1	2	31	32	33	34	
15159	50473	profusion	5	5	5	5	5	0.098039	0.77815	0.059609	0.77815	Noun	5	1	2.07	3	83.63	9	0	1	low	low3	4	40	1	2	41	42	43	44	
4138	13460	confusions	3	3	3	2	2	0.058824	0.60206	0.035765	0.60206	Noun	3	1	1.8939	3	83.33	10	0	1	low	low3	4	40	1	2	41	42	43	44	
5622	19033	distances	46	46	44	45	43	0.90196	1.6721	0.52456	1.6532	Noun	46	1	2.9639	3	107.13	9	1	1	low	low3	4	40	1	2	41	42	43	44	
19920	67689	trickery	38	38	31	36	30	0.7451	1.5911	0.36958	1.5051	Noun	38	1	2.8829	3	83.29	8	0	1	low	low3	4	40	1	2	41	42	43	44	
17258	58367	shears	48	48	34	44	33	0.94118	1.6902	0.40534	1.5441	Noun	48	1	2.982	1	66	6	3	1	low	low1	3	30	1	2	31	32	33	34	
5745	19454	dominos	5	5	3	5	3	0.098039	0.77815	0.035765	0.60206	Noun	5	1	2.07	3	30.83	7	0	1	low	low3	4	40	1	2	41	42	43	44	
2837	9194	campfire	64	64	55	59	50	1.2549	1.8129	0.6557	1.7482	Noun	63	1	3.1047	3	37.43	8	0	1	low	low3	4	40	1	2	41	42	43	44	
13704	45948	palaces	41	41	34	37	31	0.80392	1.6232	0.40534	1.5441	Noun	41	1	2.9151	3	120.5	7	1	1	low	low3	4	40	1	2	41	42	43	44	
18612	63380	subscriber	21	21	15	21	15	0.41176	1.3424	0.17883	1.2041	Noun	21	1	2.6343	3	35.78	10	1	1	low	low3	4	40	1	2	41	42	43	44	
13550	45216	outriders	1	1	1	1	1	0.019608	0.30103	0.011922	0.30103	Noun	1	1	1.5929	3	69.13	9	1	1	low	low3	4	40	1	2	41	42	43	44	
9577	31906	icebreaker	21	21	20	21	20	0.41176	1.3424	0.23844	1.3222	Noun	21	1	2.6343	3	18.67	10	0	1	low	low3	4	40	1	2	41	42	43	44	
18380	62491	stiletto	17	17	15	14	14	0.33333	1.2553	0.17883	1.2041	Noun	17	1	2.5471	3	38.71	8	0	1	low	low3	4	40	1	2	41	42	43	44	
9528	31710	hydroxide	8	8	6	8	6	0.15686	0.95424	0.071531	0.8451	Noun	8	1	2.2461	3	15.25	9	0	1	low	low3	4	40	1	2	41	42	43	44	
18679	63630	suites	84	84	54	78	49	1.6471	1.9294	0.64378	1.7404	Noun	84	1	3.2213	1	126.6	6	1	1	low	low1	3	30	1	2	31	32	33	34	
2843	9206	camps	192	192	133	190	131	3.7647	2.2856	1.5856	2.1271	Noun	192	1	3.5774	1	37.5	5	2	1	low	low1	3	30	1	2	31	32	33	34	
1006	3214	arrowheads	10	10	10	10	10	0.19608	1.0414	0.11922	1.0414	Noun	10	1	2.3332	3	12.78	10	0	1	low	low3	4	40	1	2	41	42	43	44	
7568	25507	fork	450	450	316	390	285	8.8235	2.6542	3.7673	2.5011	Noun	449	1	3.946	1	24.67	4	8	1	high	high1	1	10	1	2	11	12	13	14	
14413	48099	pilgrimage	58	58	47	57	46	1.1373	1.7709	0.56032	1.6812	Noun	58	1	3.0627	3	15.11	10	0	1	low	low3	4	40	1	2	41	42	43	44	
12673	42359	mutinies	6	6	5	6	5	0.11765	0.8451	0.059609	0.77815	Noun	6	1	2.1369	3	126.86	8	0	1	low	low3	4	40	1	2	41	42	43	44	
15067	50120	prevention	32	32	31	21	20	0.62745	1.5185	0.36958	1.5051	Noun	32	1	2.8103	3	137.56	10	0	1	low	low3	4	40	1	2	41	42	43	44	
18318	62246	steaks	204	204	145	184	137	4	2.3118	1.7287	2.1644	Noun	204	1	3.6036	1	52.6	6	2	1	low	low1	3	30	1	2	31	32	33	34	
