numid|f	X|f	Word|s	Unnamed|f	FREQcount|f	Cdcount|f	FREQlow|f	Cdlow|f	SUBTLWF|f	Lg10WF|f	SUBTLCD|f	Lg10CD|f	Dom_PoS_SUBTLEX|s	Freq_dom_PoS_SUBTLEX|f	Percentage_dom_PoS|f	Zipfvalue|f	cmu_sylls|f	BF_TP|f	LEN_L|f	N|f	Zipfvalue_incl|f	Zipfvalue_cat|s	cond_name|s	cond_code|f	trigger_code|f	len|f	corr_resp|f	fix_code|f	word_code|f	delay_code|f	audioresp_code|f	
13096	43822	novelist	61	61	50	61	50	1.1961	1.7924	0.59609	1.7076	Noun	61	1	3.0842	3	83.57	8	0	1	low	low3	4	40	1	2	41	42	43	44	
9699	32442	importer	13	13	11	12	10	0.2549	1.1461	0.13114	1.0792	Noun	13	1	2.438	3	88.14	8	1	1	low	low3	4	40	1	2	41	42	43	44	
16583	56242	saliva	135	135	92	122	86	2.6471	2.1335	1.0968	1.9685	Noun	135	1	3.4254	3	39	6	0	1	low	low3	4	40	1	2	41	42	43	44	
1721	5495	behaviors	21	21	18	21	18	0.41176	1.3424	0.21459	1.2788	Noun	20	1	2.6343	3	48.38	9	0	1	low	low3	4	40	1	2	41	42	43	44	
19920	67689	trickery	38	38	31	36	30	0.7451	1.5911	0.36958	1.5051	Noun	38	1	2.8829	3	83.29	8	0	1	low	low3	4	40	1	2	41	42	43	44	
1453	4627	bananas	278	278	176	229	153	5.451	2.4456	2.0982	2.248	Noun	276	1	3.7374	3	50.67	7	0	1	high	high3	2	20	1	2	21	22	23	24	
44	174	abrasion	18	18	15	15	13	0.35294	1.2788	0.17883	1.2041	Noun	18	1	2.5706	3	56	8	0	1	low	low3	4	40	1	2	41	42	43	44	
9893	33358	injector	16	16	10	15	9	0.31373	1.2304	0.11922	1.0414	Noun	16	1	2.5223	3	38.71	8	0	1	low	low3	4	40	1	2	41	42	43	44	
18032	61141	spatulas	13	13	6	13	6	0.2549	1.1461	0.071531	0.8451	Noun	13	1	2.438	1	34	8	0	1	low	low1	3	30	1	2	31	32	33	34	
16110	54613	retention	14	14	13	13	12	0.27451	1.1761	0.15498	1.1461	Noun	14	1	2.4679	3	142.75	9	1	1	low	low3	4	40	1	2	41	42	43	44	
21350	73625	wranglers	11	11	8	6	5	0.21569	1.0792	0.095374	0.95424	Noun	11	1	2.371	3	65.88	9	0	1	low	low3	4	40	1	2	41	42	43	44	
19855	67506	travelogue	2	2	2	2	2	0.039216	0.47712	0.023844	0.47712	Noun	2	1	1.769	3	23.67	10	0	1	low	low3	4	40	1	2	41	42	43	44	
6398	21549	enemies	985	985	684	951	673	19.3137	2.9939	8.1545	2.8357	Noun	983	1	4.2857	3	124	7	0	1	high	high3	2	20	1	2	21	22	23	24	
15955	53774	remainder	77	77	71	76	70	1.5098	1.8921	0.84645	1.8573	Noun	77	1	3.1839	3	77.63	9	0	1	low	low3	4	40	1	2	41	42	43	44	
1166	3716	attachment	59	59	56	57	54	1.1569	1.7782	0.66762	1.7559	Noun	59	1	3.07	3	39	10	0	1	low	low3	4	40	1	2	41	42	43	44	
18450	62727	storyboard	11	11	8	11	8	0.21569	1.0792	0.095374	0.95424	Noun	11	1	2.371	3	18	10	0	1	low	low3	4	40	1	2	41	42	43	44	
20905	72053	warranty	42	42	38	42	38	0.82353	1.6335	0.45303	1.5911	Noun	42	1	2.9253	3	69	8	1	1	low	low3	4	40	1	2	41	42	43	44	
4982	16357	daze	28	28	25	22	19	0.54902	1.4624	0.29804	1.415	Noun	28	1	2.7542	1	12.67	4	10	1	low	low1	3	30	1	2	31	32	33	34	
10147	34442	israelis	6	6	6	0	0	0.11765	0.8451	0.071531	0.8451	Noun	6	1	2.1369	3	16.29	8	0	1	low	low3	4	40	1	2	41	42	43	44	
8072	27190	ghosts	718	718	302	611	287	14.0784	2.8567	3.6004	2.4814	Noun	718	1	4.1486	1	47.6	6	0	1	high	high1	1	10	1	2	11	12	13	14	
16104	54575	retailer	2	2	2	2	2	0.039216	0.47712	0.023844	0.47712	Noun	2	1	1.769	3	98.57	8	1	1	low	low3	4	40	1	2	41	42	43	44	
1045	3315	ascendant	34	34	17	0	0	0.66667	1.5441	0.20267	1.2553	Noun	34	1	2.8359	3	54	9	0	1	low	low3	4	40	1	2	41	42	43	44	
15736	52500	readiness	60	60	49	59	49	1.1765	1.7853	0.58417	1.699	Noun	60	1	3.0772	3	105.75	9	0	1	low	low3	4	40	1	2	41	42	43	44	
21356	73644	wreath	54	54	42	52	42	1.0588	1.7404	0.50072	1.6335	Noun	54	1	3.0322	1	39.2	6	1	1	low	low1	3	30	1	2	31	32	33	34	
12135	40660	mimicry	4	4	4	4	4	0.078431	0.69897	0.047687	0.69897	Noun	4	1	1.9908	3	37.67	7	0	1	low	low3	4	40	1	2	41	42	43	44	
13069	43733	nosiness	1	1	1	1	1	0.019608	0.30103	0.011922	0.30103	Noun	1	1	1.5929	3	85	8	1	1	low	low3	4	40	1	2	41	42	43	44	
11763	39493	matrices	3	3	3	3	3	0.058824	0.60206	0.035765	0.60206	Noun	3	1	1.8939	3	113.29	8	0	1	low	low3	4	40	1	2	41	42	43	44	
9161	30472	hijacker	26	26	15	26	15	0.5098	1.4314	0.17883	1.2041	Noun	26	1	2.7232	3	37.14	8	1	1	low	low3	4	40	1	2	41	42	43	44	
7646	25784	francs	261	261	79	256	77	5.1176	2.4183	0.94182	1.9031	Noun	261	1	3.7101	1	49.4	6	1	1	high	high1	1	10	1	2	11	12	13	14	
587	1868	ambushes	3	3	3	3	3	0.058824	0.60206	0.035765	0.60206	Noun	3	1	1.8939	3	93.43	8	1	1	low	low3	4	40	1	2	41	42	43	44	
13367	44622	openness	20	20	19	20	19	0.39216	1.3222	0.22651	1.301	Noun	20	1	2.6141	3	77.14	8	0	1	low	low3	4	40	1	2	41	42	43	44	
10820	36598	layering	7	7	7	7	7	0.13725	0.90309	0.083453	0.90309	Noun	7	1	2.1949	3	283.43	8	0	1	low	low3	4	40	1	2	41	42	43	44	
1610	5110	batteries	405	405	261	366	246	7.9412	2.6085	3.1116	2.4183	Noun	405	1	3.9004	3	132.75	9	0	1	high	high3	2	20	1	2	21	22	23	24	
3100	9933	castaways	5	5	4	2	2	0.098039	0.77815	0.047687	0.69897	Noun	5	1	2.07	3	36.5	9	0	1	low	low3	4	40	1	2	41	42	43	44	
16474	55920	runaways	41	41	38	33	31	0.80392	1.6232	0.45303	1.5911	Noun	41	1	2.9151	3	25.29	8	0	1	low	low3	4	40	1	2	41	42	43	44	
10363	35196	junipers	1	1	1	1	1	0.019608	0.30103	0.011922	0.30103	Noun	1	1	1.5929	3	75.14	8	0	1	low	low3	4	40	1	2	41	42	43	44	
2967	9547	carbonate	10	10	7	10	7	0.19608	1.0414	0.083453	0.90309	Noun	10	1	2.3332	3	65.5	9	0	1	low	low3	4	40	1	2	41	42	43	44	
4457	14781	coverups	1	1	1	0	0	0.019608	0.30103	0.011922	0.30103	Noun	1	1	1.5929	3	65	8	0	1	low	low3	4	40	1	2	41	42	43	44	
7309	24711	flattery	70	70	65	53	49	1.3725	1.8513	0.77492	1.8195	Noun	70	1	3.1431	3	85.14	8	1	1	low	low3	4	40	1	2	41	42	43	44	
11074	37361	lineage	43	43	30	43	30	0.84314	1.6435	0.35765	1.4914	Noun	43	1	2.9353	3	50.17	7	1	1	low	low3	4	40	1	2	41	42	43	44	
8357	28044	grads	7	7	7	7	7	0.13725	0.90309	0.083453	0.90309	Noun	7	1	2.1949	1	53.5	5	6	1	low	low1	3	30	1	2	31	32	33	34	
20237	69017	underdogs	11	11	10	11	10	0.21569	1.0792	0.11922	1.0414	Noun	11	1	2.371	3	58.5	9	0	1	low	low3	4	40	1	2	41	42	43	44	
19584	66608	toboggan	4	4	4	4	4	0.078431	0.69897	0.047687	0.69897	Noun	4	1	1.9908	3	16.14	8	0	1	low	low3	4	40	1	2	41	42	43	44	
10161	34490	ivory	71	71	63	65	58	1.3922	1.8573	0.75107	1.8062	Noun	71	1	3.1492	3	18.5	5	0	1	low	low3	4	40	1	2	41	42	43	44	
5732	19425	domestics	3	3	3	2	2	0.058824	0.60206	0.035765	0.60206	Noun	3	1	1.8939	3	81.25	9	0	1	low	low3	4	40	1	2	41	42	43	44	
6432	21711	enquiry	9	9	8	9	8	0.17647	1	0.095374	0.95424	Noun	9	1	2.2918	3	30.33	7	1	1	low	low3	4	40	1	2	41	42	43	44	
21010	72367	week	12164	12164	5024	12051	5001	238.5098	4.0851	59.8951	3.7011	Noun	12155	1	5.3769	1	24	4	7	1	high	high1	1	10	1	2	11	12	13	14	
4071	13149	computers	551	551	334	502	318	10.8039	2.7419	3.9819	2.525	Noun	552	1	4.0338	3	91.75	9	1	1	high	high3	2	20	1	2	21	22	23	24	
16854	57072	scope	286	286	193	270	182	5.6078	2.4579	2.3009	2.2878	Noun	285	1	3.7497	1	18.5	5	3	1	high	high1	1	10	1	2	11	12	13	14	
6424	21660	enjoyment	69	69	66	68	66	1.3529	1.8451	0.78684	1.8261	Noun	69	1	3.1369	3	45.75	9	0	1	low	low3	4	40	1	2	41	42	43	44	
14874	49363	possessor	10	10	10	10	10	0.19608	1.0414	0.11922	1.0414	Noun	10	1	2.3332	3	44.13	9	0	1	low	low3	4	40	1	2	41	42	43	44	
16054	54293	researcher	38	38	33	36	33	0.7451	1.5911	0.39342	1.5315	Noun	38	1	2.8829	3	51.22	10	2	1	low	low3	4	40	1	2	41	42	43	44	
3181	10137	causation	9	9	8	7	7	0.17647	1	0.095374	0.95424	Noun	9	1	2.2918	3	110.25	9	0	1	low	low3	4	40	1	2	41	42	43	44	
8229	27664	goalkeeper	16	16	7	16	7	0.31373	1.2304	0.083453	0.90309	Noun	16	1	2.5223	3	17.11	10	0	1	low	low3	4	40	1	2	41	42	43	44	
11298	37978	loss	1485	1485	1144	1445	1126	29.1176	3.172	13.6385	3.0588	Noun	1484	1	4.4639	1	24.33	4	12	1	high	high1	1	10	1	2	11	12	13	14	
5592	18820	disorder	364	364	246	353	238	7.1373	2.5623	2.9328	2.3927	Noun	364	1	3.8541	3	81.43	8	0	1	high	high3	2	20	1	2	21	22	23	24	
8389	28134	grands	2	2	2	2	2	0.039216	0.47712	0.023844	0.47712	Noun	2	1	1.769	1	61.8	6	4	1	low	low1	3	30	1	2	31	32	33	34	
502	1615	allergies	139	139	113	122	101	2.7255	2.1461	1.3472	2.0569	Noun	138	1	3.438	3	96.5	9	0	1	low	low3	4	40	1	2	41	42	43	44	
18190	61782	squalls	3	3	3	2	2	0.058824	0.60206	0.035765	0.60206	Noun	3	1	1.8939	1	33.17	7	0	1	low	low1	3	30	1	2	31	32	33	34	
5609	18955	disruption	51	51	35	41	34	1	1.716	0.41726	1.5563	Noun	55	1	3.0078	3	124.33	10	0	1	low	low3	4	40	1	2	41	42	43	44	
20683	71397	violas	1	1	1	1	1	0.019608	0.30103	0.011922	0.30103	Noun	1	1	1.5929	3	17.6	6	1	1	low	low3	4	40	1	2	41	42	43	44	
5816	19652	dough	810	810	407	783	400	15.8824	2.909	4.8522	2.6107	Noun	809	1	4.2009	1	27	5	4	1	high	high1	1	10	1	2	11	12	13	14	
4028	12920	commuter	30	30	28	30	28	0.58824	1.4914	0.33381	1.4624	Noun	30	1	2.7832	3	102.57	8	2	1	low	low3	4	40	1	2	41	42	43	44	
15226	50723	prose	48	48	38	44	37	0.94118	1.6902	0.45303	1.5911	Noun	48	1	2.982	1	43	5	4	1	low	low1	3	30	1	2	31	32	33	34	
10393	35318	kangaroos	34	34	22	28	21	0.66667	1.5441	0.26228	1.3617	Noun	34	1	2.8359	3	29.5	9	0	1	low	low3	4	40	1	2	41	42	43	44	
13197	44093	objector	15	15	9	15	9	0.29412	1.2041	0.1073	1	Noun	14	1	2.496	3	22.29	8	0	1	low	low3	4	40	1	2	41	42	43	44	
14860	49307	portrayal	18	18	17	18	17	0.35294	1.2788	0.20267	1.2553	Noun	18	1	2.5706	3	52.63	9	0	1	low	low3	4	40	1	2	41	42	43	44	
18735	63781	suns	48	48	31	34	25	0.94118	1.6902	0.36958	1.5051	Noun	49	1	2.982	1	26.33	4	14	1	low	low1	3	30	1	2	31	32	33	34	
3016	9715	carnivore	19	19	19	18	18	0.37255	1.301	0.22651	1.301	Noun	19	1	2.5929	3	48.88	9	0	1	low	low3	4	40	1	2	41	42	43	44	
10406	35371	kayaker	1	1	1	1	1	0.019608	0.30103	0.011922	0.30103	Noun	1	1	1.5929	3	72.5	7	0	1	low	low3	4	40	1	2	41	42	43	44	
1172	3744	attendee	1	1	1	1	1	0.019608	0.30103	0.011922	0.30103	Noun	1	1	1.5929	3	48	8	1	1	low	low3	4	40	1	2	41	42	43	44	
2007	6603	blob	60	60	45	44	40	1.1765	1.7853	0.53648	1.6628	Noun	60	1	3.0772	1	12	4	4	1	low	low1	3	30	1	2	31	32	33	34	
12225	40989	mismatches	4	4	4	4	4	0.078431	0.69897	0.047687	0.69897	Noun	4	1	1.9908	3	66.78	10	0	1	low	low3	4	40	1	2	41	42	43	44	
12198	40829	mirages	7	7	5	6	4	0.13725	0.90309	0.059609	0.77815	Noun	7	1	2.1949	3	119.67	7	0	1	low	low3	4	40	1	2	41	42	43	44	
13569	45305	ovation	45	45	44	45	44	0.88235	1.6628	0.52456	1.6532	Noun	45	1	2.9546	3	65.67	7	1	1	low	low3	4	40	1	2	41	42	43	44	
13261	44302	odes	1	1	1	0	0	0.019608	0.30103	0.011922	0.30103	Noun	1	1	1.5929	1	11	4	4	1	low	low1	3	30	1	2	31	32	33	34	
4500	14894	cracks	251	251	214	235	203	4.9216	2.4014	2.5513	2.3324	Noun	250	1	3.6932	1	60	6	3	1	high	high1	1	10	1	2	11	12	13	14	
6542	22136	erosion	28	28	24	28	24	0.54902	1.4624	0.28612	1.3979	Noun	28	1	2.7542	3	62.83	7	0	1	low	low3	4	40	1	2	41	42	43	44	
2056	6765	bluebonnet	1	1	1	1	1	0.019608	0.30103	0.011922	0.30103	Noun	1	1	1.5929	3	16.89	10	0	1	low	low3	4	40	1	2	41	42	43	44	
7568	25507	fork	450	450	316	390	285	8.8235	2.6542	3.7673	2.5011	Noun	449	1	3.946	1	24.67	4	8	1	high	high1	1	10	1	2	11	12	13	14	
1489	4718	bankruptcy	121	121	83	104	79	2.3725	2.0864	0.98951	1.9243	Noun	120	1	3.3782	3	14.78	10	0	1	low	low3	4	40	1	2	41	42	43	44	
11413	38361	lynx	1	1	1	1	1	0.019608	0.30103	0.011922	0.30103	Noun	1	1	1.5929	1	1	4	0	1	low	low1	3	30	1	2	31	32	33	34	
3798	12199	coals	48	48	44	47	43	0.94118	1.6902	0.52456	1.6532	Noun	48	1	2.982	1	51	5	5	1	low	low1	3	30	1	2	31	32	33	34	
6641	22439	evader	1	1	1	1	1	0.019608	0.30103	0.011922	0.30103	Noun	1	1	1.5929	3	112.2	6	2	1	low	low3	4	40	1	2	41	42	43	44	
8195	27567	glossary	2	2	2	2	2	0.039216	0.47712	0.023844	0.47712	Noun	2	1	1.769	3	41.29	8	0	1	low	low3	4	40	1	2	41	42	43	44	
7979	26918	gelatine	5	5	3	2	2	0.098039	0.77815	0.035765	0.60206	Noun	5	1	2.07	3	191.43	8	0	1	low	low3	4	40	1	2	41	42	43	44	
12937	43253	night	44168	44168	7381	42911	7343	866.0392	4.6451	87.9948	3.8682	Noun	44121	1	5.937	1	12.5	5	8	1	high	high1	1	10	1	2	11	12	13	14	
15963	53834	remittance	5	5	4	5	4	0.098039	0.77815	0.047687	0.69897	Noun	5	1	2.07	3	64.33	10	0	1	low	low3	4	40	1	2	41	42	43	44	
10665	36174	lakes	105	105	83	58	54	2.0588	2.0253	0.98951	1.9243	Noun	106	1	3.3171	1	78.75	5	10	1	low	low1	3	30	1	2	31	32	33	34	
8651	28954	gym	927	927	530	860	520	18.1765	2.9675	6.3186	2.7251	Noun	927	1	4.2594	1	1	3	2	1	high	high1	1	10	1	2	11	12	13	14	
11333	38100	loyalties	41	41	39	40	38	0.80392	1.6232	0.46495	1.6021	Noun	41	1	2.9151	3	106.88	9	1	1	low	low3	4	40	1	2	41	42	43	44	
2135	7017	bolero	6	6	5	2	2	0.11765	0.8451	0.059609	0.77815	Noun	6	1	2.1369	3	49.2	6	0	1	low	low3	4	40	1	2	41	42	43	44	
19315	65718	tetanus	71	71	62	64	56	1.3922	1.8573	0.73915	1.7993	Noun	70	1	3.1492	3	40	7	0	1	low	low3	4	40	1	2	41	42	43	44	
9367	31204	hostesses	22	22	18	21	17	0.43137	1.3617	0.21459	1.2788	Noun	22	1	2.6536	3	102	9	0	1	low	low3	4	40	1	2	41	42	43	44	
185	678	additions	11	11	10	11	10	0.21569	1.0792	0.11922	1.0414	Noun	11	1	2.371	3	60.88	9	1	1	low	low3	4	40	1	2	41	42	43	44	
13604	45636	overstock	2	2	2	2	2	0.039216	0.47712	0.023844	0.47712	Noun	2	1	1.769	3	39	9	0	1	low	low3	4	40	1	2	41	42	43	44	
9858	33216	informers	20	20	20	18	18	0.39216	1.3222	0.23844	1.3222	Noun	20	1	2.6141	3	81.13	9	0	1	low	low3	4	40	1	2	41	42	43	44	
5394	18014	dice	533	533	295	507	280	10.451	2.7275	3.5169	2.4713	Noun	533	1	4.0194	1	17.67	4	11	1	high	high1	1	10	1	2	11	12	13	14	
19163	65244	teas	26	26	24	23	23	0.5098	1.4314	0.28612	1.3979	Noun	27	1	2.7232	1	28.67	4	10	1	low	low1	3	30	1	2	31	32	33	34	
4829	15904	cuticle	19	19	17	16	15	0.37255	1.301	0.20267	1.2553	Noun	19	1	2.5929	3	51.33	7	1	1	low	low3	4	40	1	2	41	42	43	44	
7588	25607	fortitude	33	33	31	32	30	0.64706	1.5315	0.36958	1.5051	Noun	33	1	2.8233	3	58	9	0	1	low	low3	4	40	1	2	41	42	43	44	
8733	29191	halloween	665	665	254	6	5	13.0392	2.8235	3.0281	2.4065	Noun	664	1	4.1153	3	39.75	9	0	1	high	high3	2	20	1	2	21	22	23	24	
15277	50915	prude	70	70	58	59	51	1.3725	1.8513	0.69146	1.7709	Noun	70	1	3.1431	1	23.5	5	3	1	low	low1	3	30	1	2	31	32	33	34	
6998	23819	fee	494	494	358	475	349	9.6863	2.6946	4.268	2.5551	Noun	494	1	3.9864	1	7.5	3	15	1	high	high1	1	10	1	2	11	12	13	14	
12212	40925	miseries	15	15	14	15	14	0.29412	1.2041	0.16691	1.1761	Noun	15	1	2.496	3	150.86	8	0	1	low	low3	4	40	1	2	41	42	43	44	
2395	7850	bribery	69	69	53	57	45	1.3529	1.8451	0.63186	1.7324	Noun	69	1	3.1369	3	98.17	7	0	1	low	low3	4	40	1	2	41	42	43	44	
2526	8283	buffalos	3	3	3	2	2	0.058824	0.60206	0.035765	0.60206	Noun	3	1	1.8939	3	16.57	8	0	1	low	low3	4	40	1	2	41	42	43	44	
9143	30401	hideaway	52	52	37	35	29	1.0196	1.7243	0.44111	1.5798	Noun	52	1	3.0161	3	22	8	0	1	low	low3	4	40	1	2	41	42	43	44	
469	1500	alertness	4	4	4	4	4	0.078431	0.69897	0.047687	0.69897	Noun	4	1	1.9908	3	71.25	9	0	1	low	low3	4	40	1	2	41	42	43	44	
19374	65922	thermostat	58	58	40	56	38	1.1373	1.7709	0.47687	1.6128	Noun	58	1	3.0627	3	17.67	10	0	1	low	low3	4	40	1	2	41	42	43	44	
2461	8055	bronchitis	18	18	12	17	11	0.35294	1.2788	0.14306	1.1139	Noun	18	1	2.5706	3	27.33	10	0	1	low	low3	4	40	1	2	41	42	43	44	
19058	64923	tangerines	8	8	8	6	6	0.15686	0.95424	0.095374	0.95424	Noun	8	1	2.2461	3	74.89	10	0	1	low	low3	4	40	1	2	41	42	43	44	
6756	22949	expertise	203	203	177	199	175	3.9804	2.3096	2.1102	2.2504	Noun	203	1	3.6015	3	103.25	9	0	1	low	low3	4	40	1	2	41	42	43	44	
9086	30216	heraldry	1	1	1	1	1	0.019608	0.30103	0.011922	0.30103	Noun	1	1	1.5929	3	47.86	8	0	1	low	low3	4	40	1	2	41	42	43	44	
8134	27363	giveaway	40	40	40	40	40	0.78431	1.6128	0.47687	1.6128	Noun	40	1	2.9046	3	24.29	8	0	1	low	low3	4	40	1	2	41	42	43	44	
5184	17145	democrat	86	86	63	12	12	1.6863	1.9395	0.75107	1.8062	Noun	86	1	3.2314	3	37.29	8	0	1	low	low3	4	40	1	2	41	42	43	44	
18132	61522	splints	14	14	12	14	12	0.27451	1.1761	0.14306	1.1139	Noun	14	1	2.4679	1	64.17	7	1	1	low	low1	3	30	1	2	31	32	33	34	
9782	32880	indexes	4	4	4	4	4	0.078431	0.69897	0.047687	0.69897	Noun	4	1	1.9908	3	99.17	7	1	1	low	low3	4	40	1	2	41	42	43	44	
8984	29909	hearth	34	34	30	31	28	0.66667	1.5441	0.35765	1.4914	Noun	34	1	2.8359	1	52.6	6	4	1	low	low1	3	30	1	2	31	32	33	34	
9790	32911	indigents	2	2	2	2	2	0.039216	0.47712	0.023844	0.47712	Noun	2	1	1.769	3	72.25	9	0	1	low	low3	4	40	1	2	41	42	43	44	
8472	28397	grievances	39	39	29	38	28	0.76471	1.6021	0.34573	1.4771	Noun	39	1	2.8939	3	60.22	10	0	1	low	low3	4	40	1	2	41	42	43	44	
9198	30607	histories	59	59	45	58	44	1.1569	1.7782	0.53648	1.6628	Noun	59	1	3.07	3	121.75	9	0	1	low	low3	4	40	1	2	41	42	43	44	
15475	51600	quandary	21	21	17	20	16	0.41176	1.3424	0.20267	1.2553	Noun	21	1	2.6343	3	44.29	8	0	1	low	low3	4	40	1	2	41	42	43	44	
11046	37269	likelihood	58	58	57	58	57	1.1373	1.7709	0.67954	1.7634	Noun	59	1	3.0627	3	18	10	1	1	low	low3	4	40	1	2	41	42	43	44	
7527	25396	foreigner	150	150	102	132	93	2.9412	2.179	1.216	2.0128	Noun	150	1	3.4708	3	58.38	9	0	1	low	low3	4	40	1	2	41	42	43	44	
14712	48914	pole	642	642	394	434	311	12.5882	2.8082	4.6972	2.5966	Noun	636	1	4.1	1	32.67	4	15	1	high	high1	1	10	1	2	11	12	13	14	
19149	65213	teal	26	26	14	15	10	0.5098	1.4314	0.16691	1.1761	Noun	26	1	2.7232	1	32.67	4	15	1	low	low1	3	30	1	2	31	32	33	34	
15986	53919	renewal	49	49	37	47	35	0.96078	1.699	0.44111	1.5798	Noun	49	1	2.9908	3	71.33	7	0	1	low	low3	4	40	1	2	41	42	43	44	
6693	22658	exchanger	1	1	1	1	1	0.019608	0.30103	0.011922	0.30103	Noun	1	1	1.5929	3	49.5	9	2	1	low	low3	4	40	1	2	41	42	43	44	
3932	12562	colleges	116	116	98	112	97	2.2745	2.0682	1.1683	1.9956	Noun	116	1	3.36	3	125.86	8	1	1	low	low3	4	40	1	2	41	42	43	44	
13729	46020	palmistry	5	5	5	5	5	0.098039	0.77815	0.059609	0.77815	Noun	5	1	2.07	3	41.38	9	0	1	low	low3	4	40	1	2	41	42	43	44	
12143	40683	mindedness	3	3	2	3	2	0.058824	0.60206	0.023844	0.47712	Noun	3	1	1.8939	3	46.11	10	0	1	low	low3	4	40	1	2	41	42	43	44	
10029	33957	interrupts	13	13	13	13	13	0.2549	1.1461	0.15498	1.1461	Noun	13	1	2.438	3	65.11	10	0	1	low	low3	4	40	1	2	41	42	43	44	
4587	15201	criminals	612	612	433	565	415	12	2.7875	5.1621	2.6375	Noun	613	1	4.0793	3	48.63	9	0	1	high	high3	2	20	1	2	21	22	23	24	
14245	47587	pests	17	17	16	16	15	0.33333	1.2553	0.19075	1.2304	Noun	17	1	2.5471	1	52.5	5	8	1	low	low1	3	30	1	2	31	32	33	34	
17236	58272	shank	69	69	42	53	38	1.3529	1.8451	0.50072	1.6335	Noun	69	1	3.1369	1	42	5	5	1	low	low1	3	30	1	2	31	32	33	34	
18149	61608	spore	7	7	6	7	6	0.13725	0.90309	0.071531	0.8451	Noun	7	1	2.1949	1	32.75	5	9	1	low	low1	3	30	1	2	31	32	33	34	
9749	32691	incisor	8	8	8	7	7	0.15686	0.95424	0.095374	0.95424	Noun	8	1	2.2461	3	32.33	7	0	1	low	low3	4	40	1	2	41	42	43	44	
14593	48547	platypus	3	3	3	2	2	0.058824	0.60206	0.035765	0.60206	Noun	3	1	1.8939	3	35.43	8	0	1	low	low3	4	40	1	2	41	42	43	44	
7941	26809	gatherer	2	2	2	2	2	0.039216	0.47712	0.023844	0.47712	Noun	2	1	1.769	3	93	8	1	1	low	low3	4	40	1	2	41	42	43	44	
14584	48533	plates	638	638	460	610	447	12.5098	2.8055	5.484	2.6637	Noun	638	1	4.0973	1	137.8	6	4	1	high	high1	1	10	1	2	11	12	13	14	
4486	14841	coyotes	105	105	58	91	55	2.0588	2.0253	0.69146	1.7709	Noun	105	1	3.3171	3	156	7	0	1	low	low3	4	40	1	2	41	42	43	44	
10017	33857	interlude	22	22	19	22	19	0.43137	1.3617	0.22651	1.301	Noun	22	1	2.6536	3	70.88	9	0	1	low	low3	4	40	1	2	41	42	43	44	
11244	37819	londoner	6	6	3	2	1	0.11765	0.8451	0.035765	0.60206	Noun	6	1	2.1369	3	80	8	0	1	low	low3	4	40	1	2	41	42	43	44	
13547	45195	outpouring	13	13	13	12	12	0.2549	1.1461	0.15498	1.1461	Noun	14	1	2.438	3	137.44	10	0	1	low	low3	4	40	1	2	41	42	43	44	
572	1818	amateurs	176	176	143	146	123	3.451	2.248	1.7048	2.1584	Noun	174	1	3.5398	3	56.43	8	0	1	low	low3	4	40	1	2	41	42	43	44	
13859	46356	parentage	8	8	8	8	8	0.15686	0.95424	0.095374	0.95424	Noun	8	1	2.2461	3	63.5	9	0	1	low	low3	4	40	1	2	41	42	43	44	
2076	6819	blurb	13	13	5	13	5	0.2549	1.1461	0.059609	0.77815	Noun	13	1	2.438	1	23	5	1	1	low	low1	3	30	1	2	31	32	33	34	
3006	9687	carmaker	1	1	1	1	1	0.019608	0.30103	0.011922	0.30103	Noun	1	1	1.5929	3	70.57	8	0	1	low	low3	4	40	1	2	41	42	43	44	
1480	4695	banishment	10	10	9	7	7	0.19608	1.0414	0.1073	1	Noun	10	1	2.3332	3	47.11	10	0	1	low	low3	4	40	1	2	41	42	43	44	
11561	38839	manatees	2	2	2	2	2	0.039216	0.47712	0.023844	0.47712	Noun	2	1	1.769	3	120.29	8	0	1	low	low3	4	40	1	2	41	42	43	44	
10298	34974	joinery	1	1	1	1	1	0.019608	0.30103	0.011922	0.30103	Noun	1	1	1.5929	3	94.17	7	1	1	low	low3	4	40	1	2	41	42	43	44	
1397	4488	bakeries	6	6	6	6	6	0.11765	0.8451	0.071531	0.8451	Noun	6	1	2.1369	3	135.57	8	0	1	low	low3	4	40	1	2	41	42	43	44	
9327	31070	hops	46	46	46	44	44	0.90196	1.6721	0.5484	1.6721	Noun	46	1	2.9639	1	22.33	4	9	1	low	low1	3	30	1	2	31	32	33	34	
2656	8685	businesses	155	155	134	150	130	3.0392	2.1931	1.5975	2.1303	Noun	155	1	3.485	3	62.78	10	0	1	low	low3	4	40	1	2	41	42	43	44	
19484	66311	tide	375	375	279	359	270	7.3529	2.5752	3.3262	2.4472	Noun	376	1	3.867	1	18	4	12	1	high	high1	1	10	1	2	11	12	13	14	
8354	28040	grades	451	451	306	439	300	8.8431	2.6551	3.6481	2.4871	Noun	451	1	3.947	1	131.2	6	8	1	high	high1	1	10	1	2	11	12	13	14	
11736	39399	masterwork	2	2	2	2	2	0.039216	0.47712	0.023844	0.47712	Noun	2	1	1.769	3	41.89	10	0	1	low	low3	4	40	1	2	41	42	43	44	
8223	27649	gnome	32	32	24	29	23	0.62745	1.5185	0.28612	1.3979	Noun	32	1	2.8103	1	10.25	5	0	1	low	low1	3	30	1	2	31	32	33	34	
9813	33045	inertness	4	4	4	4	4	0.078431	0.69897	0.047687	0.69897	Noun	4	1	1.9908	3	87.25	9	0	1	low	low3	4	40	1	2	41	42	43	44	
9799	32990	induction	37	37	35	34	32	0.72549	1.5798	0.41726	1.5563	Noun	37	1	2.8716	3	117.75	9	0	1	low	low3	4	40	1	2	41	42	43	44	
9657	32162	imbalance	54	54	49	53	48	1.0588	1.7404	0.58417	1.699	Noun	54	1	3.0322	3	48.13	9	0	1	low	low3	4	40	1	2	41	42	43	44	
13170	44018	nymphs	29	29	11	27	10	0.56863	1.4771	0.13114	1.0792	Noun	29	1	2.769	1	14.8	6	0	1	low	low1	3	30	1	2	31	32	33	34	
7350	24869	flirtation	36	36	28	28	26	0.70588	1.5682	0.33381	1.4624	Noun	36	1	2.86	3	130.56	10	0	1	low	low3	4	40	1	2	41	42	43	44	
4535	15044	creamery	6	6	1	6	1	0.11765	0.8451	0.011922	0.30103	Noun	6	1	2.1369	3	91.29	8	0	1	low	low3	4	40	1	2	41	42	43	44	
1140	3658	atlases	2	2	2	2	2	0.039216	0.47712	0.023844	0.47712	Noun	2	1	1.769	3	103.17	7	0	1	low	low3	4	40	1	2	41	42	43	44	
4833	15912	cutlery	18	18	18	17	17	0.35294	1.2788	0.21459	1.2788	Noun	18	1	2.5706	3	97.5	7	0	1	low	low3	4	40	1	2	41	42	43	44	
8251	27732	godmother	82	82	49	72	44	1.6078	1.9191	0.58417	1.699	Noun	83	1	3.2109	3	30.38	9	0	1	low	low3	4	40	1	2	41	42	43	44	
1454	4634	bandages	168	168	131	158	127	3.2941	2.2279	1.5618	2.1206	Noun	168	1	3.5197	3	113.43	8	1	1	low	low3	4	40	1	2	41	42	43	44	
13736	46042	pals	300	300	241	286	232	5.8824	2.4786	2.8732	2.3838	Noun	299	1	3.7704	1	25.67	4	10	1	high	high1	1	10	1	2	11	12	13	14	
15410	51384	pursuer	9	9	9	9	9	0.17647	1	0.1073	1	Noun	9	1	2.2918	3	89	7	2	1	low	low3	4	40	1	2	41	42	43	44	
18762	63910	superstore	22	22	3	3	1	0.43137	1.3617	0.035765	0.60206	Noun	22	1	2.6536	3	54.11	10	0	1	low	low3	4	40	1	2	41	42	43	44	
8094	27270	gills	61	61	46	54	43	1.1961	1.7924	0.5484	1.6721	Noun	61	1	3.0842	1	47.5	5	10	1	low	low1	3	30	1	2	31	32	33	34	
21364	73672	wretch	83	83	68	81	67	1.6275	1.9243	0.81068	1.8388	Noun	83	1	3.2161	1	29	6	1	1	low	low1	3	30	1	2	31	32	33	34	
3078	9880	caseworker	14	14	10	14	10	0.27451	1.1761	0.11922	1.0414	Noun	14	1	2.4679	3	26.56	10	0	1	low	low3	4	40	1	2	41	42	43	44	
20247	69094	underseas	1	1	1	1	1	0.019608	0.30103	0.011922	0.30103	Noun	1	1	1.5929	3	54.75	9	0	1	low	low3	4	40	1	2	41	42	43	44	
21383	73721	wrongdoing	26	26	26	26	26	0.5098	1.4314	0.30997	1.4314	Noun	26	1	2.7232	3	127	10	0	1	low	low3	4	40	1	2	41	42	43	44	
18617	63406	subsidy	5	5	5	4	4	0.098039	0.77815	0.059609	0.77815	Noun	5	1	2.07	3	36.83	7	1	1	low	low3	4	40	1	2	41	42	43	44	
888	2814	apprentice	99	99	64	85	52	1.9412	2	0.76299	1.8129	Noun	99	1	3.2918	3	88.44	10	0	1	low	low3	4	40	1	2	41	42	43	44	
2807	9114	calorie	12	12	12	12	12	0.23529	1.1139	0.14306	1.1139	Noun	12	1	2.4058	3	41.17	7	0	1	low	low3	4	40	1	2	41	42	43	44	
3062	9836	cartridges	51	51	40	45	36	1	1.716	0.47687	1.6128	Noun	51	1	3.0078	3	67.56	10	1	1	low	low3	4	40	1	2	41	42	43	44	
11095	37405	linkages	4	4	3	4	3	0.078431	0.69897	0.035765	0.60206	Noun	4	1	1.9908	3	95.86	8	0	1	low	low3	4	40	1	2	41	42	43	44	
13913	46516	partitions	8	8	5	6	5	0.15686	0.95424	0.059609	0.77815	Noun	8	1	2.2461	3	70.56	10	0	1	low	low3	4	40	1	2	41	42	43	44	
4090	13248	concoction	20	20	18	20	18	0.39216	1.3222	0.21459	1.2788	Noun	20	1	2.6141	3	151.56	10	0	1	low	low3	4	40	1	2	41	42	43	44	
4360	14435	corrosion	10	10	8	9	7	0.19608	1.0414	0.095374	0.95424	Noun	10	1	2.3332	3	110	9	0	1	low	low3	4	40	1	2	41	42	43	44	
15813	52998	rectangle	11	11	9	10	8	0.21569	1.0792	0.1073	1	Noun	11	1	2.371	3	73	9	0	1	low	low3	4	40	1	2	41	42	43	44	
16693	56589	sauce	795	795	492	776	486	15.5882	2.9009	5.8655	2.6928	Noun	794	1	4.1927	1	25	5	1	1	high	high1	1	10	1	2	11	12	13	14	
6152	20611	eclipses	9	9	9	9	9	0.17647	1	0.1073	1	Noun	9	1	2.2918	3	87.29	8	1	1	low	low3	4	40	1	2	41	42	43	44	
20264	69265	unemploy	2	2	2	2	2	0.039216	0.47712	0.023844	0.47712	Noun	2	1	1.769	3	24.86	8	0	1	low	low3	4	40	1	2	41	42	43	44	
19232	65495	tenancy	2	2	2	2	2	0.039216	0.47712	0.023844	0.47712	Noun	2	1	1.769	3	43.17	7	0	1	low	low3	4	40	1	2	41	42	43	44	
13923	46548	passages	91	91	74	87	70	1.7843	1.9638	0.88221	1.8751	Noun	92	1	3.2556	3	103.14	8	0	1	low	low3	4	40	1	2	41	42	43	44	
10202	34615	jams	64	64	63	58	58	1.2549	1.8129	0.75107	1.8062	Noun	64	1	3.1047	1	16.33	4	7	1	low	low1	3	30	1	2	31	32	33	34	
10228	34706	jealousies	11	11	11	11	11	0.21569	1.0792	0.13114	1.0792	Noun	11	1	2.371	3	69.67	10	0	1	low	low3	4	40	1	2	41	42	43	44	
20636	71266	victories	62	62	54	61	53	1.2157	1.7993	0.64378	1.7404	Noun	63	1	3.0912	3	103.5	9	0	1	low	low3	4	40	1	2	41	42	43	44	
14216	47477	personae	1	1	1	1	1	0.019608	0.30103	0.011922	0.30103	Noun	1	1	1.5929	3	37.57	8	1	1	low	low3	4	40	1	2	41	42	43	44	
6468	21894	envelope	513	513	326	506	321	10.0588	2.711	3.8865	2.5145	Noun	512	1	4.0028	3	34.57	8	0	1	high	high3	2	20	1	2	21	22	23	24	
15742	52542	realism	36	36	31	32	28	0.70588	1.5682	0.36958	1.5051	Noun	36	1	2.86	3	101.33	7	1	1	low	low3	4	40	1	2	41	42	43	44	
16982	57487	seawater	23	23	17	20	17	0.45098	1.3802	0.20267	1.2553	Noun	23	1	2.672	3	98.86	8	0	1	low	low3	4	40	1	2	41	42	43	44	
362	1222	agonist	1	1	1	1	1	0.019608	0.30103	0.011922	0.30103	Noun	1	1	1.5929	3	50.67	7	0	1	low	low3	4	40	1	2	41	42	43	44	
18729	63762	sunglasses	201	201	136	185	129	3.9412	2.3054	1.6214	2.1367	Noun	200	1	3.5972	3	65.11	10	0	1	low	low3	4	40	1	2	41	42	43	44	
