numid|f	X|f	Word|s	Unnamed|f	FREQcount|f	Cdcount|f	FREQlow|f	Cdlow|f	SUBTLWF|f	Lg10WF|f	SUBTLCD|f	Lg10CD|f	Dom_PoS_SUBTLEX|s	Freq_dom_PoS_SUBTLEX|f	Percentage_dom_PoS|f	Zipfvalue|f	cmu_sylls|f	BF_TP|f	LEN_L|f	N|f	Zipfvalue_incl|f	Zipfvalue_cat|s	cond_name|s	cond_code|f	trigger_code|f	len|f	corr_resp|f	fix_code|f	word_code|f	delay_code|f	audioresp_code|f	
8409	28184	graphs	16	16	13	16	13	0.31373	1.2304	0.15498	1.1461	Noun	16	1	2.5223	1	42.8	6	1	1	low	low1	3	30	1	2	31	32	33	34	
1026	3263	artichokes	10	10	10	7	7	0.19608	1.0414	0.11922	1.0414	Noun	10	1	2.3332	3	54	10	0	1	low	low3	4	40	1	2	41	42	43	44	
16712	56637	savannas	1	1	1	1	1	0.019608	0.30103	0.011922	0.30103	Noun	1	1	1.5929	3	26.14	8	0	1	low	low3	4	40	1	2	41	42	43	44	
5149	17008	deletion	6	6	5	5	4	0.11765	0.8451	0.059609	0.77815	Noun	6	1	2.1369	3	103.57	8	0	1	low	low3	4	40	1	2	41	42	43	44	
1636	5198	beads	180	180	106	167	100	3.5294	2.2577	1.2637	2.0294	Noun	180	1	3.5495	1	53	5	11	1	low	low1	3	30	1	2	31	32	33	34	
5369	17944	dialect	68	68	54	63	51	1.3333	1.8388	0.64378	1.7404	Noun	68	1	3.1307	3	44.17	7	0	1	low	low3	4	40	1	2	41	42	43	44	
5336	17828	devices	188	188	154	186	152	3.6863	2.2765	1.836	2.1903	Noun	188	1	3.5683	3	123.17	7	0	1	low	low3	4	40	1	2	41	42	43	44	
16335	55476	rollover	7	7	6	4	4	0.13725	0.90309	0.071531	0.8451	Noun	7	1	2.1949	3	65.71	8	0	1	low	low3	4	40	1	2	41	42	43	44	
20636	71266	victories	62	62	54	61	53	1.2157	1.7993	0.64378	1.7404	Noun	63	1	3.0912	3	103.5	9	0	1	low	low3	4	40	1	2	41	42	43	44	
10513	35677	kingmaker	3	3	3	2	2	0.058824	0.60206	0.035765	0.60206	Noun	3	1	1.8939	3	29.38	9	0	1	low	low3	4	40	1	2	41	42	43	44	
18032	61141	spatulas	13	13	6	13	6	0.2549	1.1461	0.071531	0.8451	Noun	13	1	2.438	1	34	8	0	1	low	low1	3	30	1	2	31	32	33	34	
176	651	adaptor	4	4	4	4	4	0.078431	0.69897	0.047687	0.69897	Noun	4	1	1.9908	3	18.67	7	0	1	low	low3	4	40	1	2	41	42	43	44	
5376	17957	dialog	6	6	6	6	6	0.11765	0.8451	0.071531	0.8451	Noun	6	1	2.1369	3	20.2	6	0	1	low	low3	4	40	1	2	41	42	43	44	
5056	16596	decider	6	6	5	6	5	0.11765	0.8451	0.059609	0.77815	Noun	6	1	2.1369	3	103.67	7	2	1	low	low3	4	40	1	2	41	42	43	44	
8546	28680	guarantor	9	9	7	8	6	0.17647	1	0.083453	0.90309	Noun	9	1	2.2918	3	43	9	0	1	low	low3	4	40	1	2	41	42	43	44	
16923	57319	scrutiny	58	58	53	57	53	1.1373	1.7709	0.63186	1.7324	Noun	58	1	3.0627	3	175.71	8	0	1	low	low3	4	40	1	2	41	42	43	44	
13337	44517	omission	20	20	19	19	19	0.39216	1.3222	0.22651	1.301	Noun	20	1	2.6141	3	47.43	8	1	1	low	low3	4	40	1	2	41	42	43	44	
15182	50555	prominence	16	16	13	12	12	0.31373	1.2304	0.15498	1.1461	Noun	16	1	2.5223	3	67.56	10	0	1	low	low3	4	40	1	2	41	42	43	44	
2656	8685	businesses	155	155	134	150	130	3.0392	2.1931	1.5975	2.1303	Noun	155	1	3.485	3	62.78	10	0	1	low	low3	4	40	1	2	41	42	43	44	
16163	54817	reversal	57	57	46	56	45	1.1176	1.7634	0.5484	1.6721	Noun	57	1	3.0553	3	88.43	8	0	1	low	low3	4	40	1	2	41	42	43	44	
3109	9960	casuals	4	4	3	2	2	0.078431	0.69897	0.035765	0.60206	Noun	4	1	1.9908	3	52.33	7	0	1	low	low3	4	40	1	2	41	42	43	44	
2711	8858	cabbages	37	37	25	36	24	0.72549	1.5798	0.29804	1.415	Noun	37	1	2.8716	3	95.71	8	0	1	low	low3	4	40	1	2	41	42	43	44	
12891	43123	newlywed	22	22	17	16	15	0.43137	1.3617	0.20267	1.2553	Noun	22	1	2.6536	3	132.86	8	0	1	low	low3	4	40	1	2	41	42	43	44	
10488	35618	kilowatt	6	6	5	4	4	0.11765	0.8451	0.059609	0.77815	Noun	6	1	2.1369	3	31.43	8	0	1	low	low3	4	40	1	2	41	42	43	44	
16167	54833	reviewer	26	26	19	26	19	0.5098	1.4314	0.22651	1.301	Noun	26	1	2.7232	3	76.14	8	1	1	low	low3	4	40	1	2	41	42	43	44	
7646	25784	francs	261	261	79	256	77	5.1176	2.4183	0.94182	1.9031	Noun	261	1	3.7101	1	49.4	6	1	1	high	high1	1	10	1	2	11	12	13	14	
9469	31498	humorist	2	2	2	2	2	0.039216	0.47712	0.023844	0.47712	Noun	2	1	1.769	3	73	8	0	1	low	low3	4	40	1	2	41	42	43	44	
3951	12617	colonies	90	90	60	81	53	1.7647	1.959	0.71531	1.7853	Noun	90	1	3.2509	3	141.71	8	0	1	low	low3	4	40	1	2	41	42	43	44	
1521	4845	bargainer	2	2	2	2	2	0.039216	0.47712	0.023844	0.47712	Noun	2	1	1.769	3	64.75	9	1	1	low	low3	4	40	1	2	41	42	43	44	
19389	65966	thievery	14	14	14	13	13	0.27451	1.1761	0.16691	1.1761	Noun	14	1	2.4679	3	58	8	0	1	low	low3	4	40	1	2	41	42	43	44	
8480	28428	grime	21	21	20	21	20	0.41176	1.3424	0.23844	1.3222	Noun	21	1	2.6343	1	36.25	5	3	1	low	low1	3	30	1	2	31	32	33	34	
15872	53303	refocus	13	13	13	12	12	0.2549	1.1461	0.15498	1.1461	Noun	13	1	2.438	3	48.17	7	0	1	low	low3	4	40	1	2	41	42	43	44	
14710	48911	polaroid	73	73	55	6	4	1.4314	1.8692	0.6557	1.7482	Noun	72	1	3.1611	3	38.57	8	0	1	low	low3	4	40	1	2	41	42	43	44	
12904	43144	newsletter	43	43	30	41	28	0.84314	1.6435	0.35765	1.4914	Noun	43	1	2.9353	3	45	10	0	1	low	low3	4	40	1	2	41	42	43	44	
15734	52494	readership	11	11	10	9	8	0.21569	1.0792	0.11922	1.0414	Noun	11	1	2.371	3	51.33	10	1	1	low	low3	4	40	1	2	41	42	43	44	
7350	24869	flirtation	36	36	28	28	26	0.70588	1.5682	0.33381	1.4624	Noun	36	1	2.86	3	130.56	10	0	1	low	low3	4	40	1	2	41	42	43	44	
6701	22691	exclusion	12	12	12	11	11	0.23529	1.1139	0.14306	1.1139	Noun	11	1	2.4058	3	73.75	9	0	1	low	low3	4	40	1	2	41	42	43	44	
15	61	abdomen	171	171	122	152	116	3.3529	2.2355	1.4545	2.0899	Noun	171	1	3.5274	3	26.83	7	0	1	low	low3	4	40	1	2	41	42	43	44	
7168	24334	fingernail	68	68	50	66	48	1.3333	1.8388	0.59609	1.7076	Noun	68	1	3.1307	3	23.78	10	0	1	low	low3	4	40	1	2	41	42	43	44	
9970	33587	installers	1	1	1	1	1	0.019608	0.30103	0.011922	0.30103	Noun	1	1	1.5929	3	65.78	10	0	1	low	low3	4	40	1	2	41	42	43	44	
