numid|f	X|f	Word|s	Unnamed|f	FREQcount|f	Cdcount|f	FREQlow|f	Cdlow|f	SUBLTLWF|f	Lg10WF|f	SUBTLCD|f	Lg10CD|f	Dom_PoS_SUBTLEX|s	Freq_dom_PoS_SUBTLEX|f	Percentage_dom_PoS|f	Zipfvalue|f	cmu_sylls|f	BF_TP|f	LEN_L|f	N|f	Zipfvalue_incl|f	Zipfvalue_cat|s	
20471	70810	vans	53	53	47	48	43	1.0392	1.7324	0.56032	1.6812	Noun	53	1	3.0242	1	30.33	4	9	1	low	
17407	58854	shrift	4	4	3	4	3	0.078431	0.69897	0.035765	0.60206	Noun	4	1	1.9908	1	41	6	1	1	low	
15370	51270	punks	211	211	158	193	146	4.1373	2.3263	1.8836	2.2014	Noun	211	1	3.6182	1	39.75	5	3	1	low	
14245	47587	pests	17	17	16	16	15	0.33333	1.2553	0.19075	1.2304	Noun	17	1	2.5471	1	52.5	5	8	1	low	
18316	62232	stead	54	54	44	44	40	1.0588	1.7404	0.52456	1.6532	Noun	55	1	3.0322	1	37.25	5	4	1	low	
18190	61782	squalls	3	3	3	2	2	0.058824	0.60206	0.035765	0.60206	Noun	3	1	1.8939	1	33.17	7	0	1	low	
18841	64226	swamps	45	45	34	38	29	0.88235	1.6628	0.40534	1.5441	Noun	45	1	2.9546	1	21	6	2	1	low	
16381	55638	rote	6	6	5	6	5	0.11765	0.8451	0.059609	0.77815	Noun	6	1	2.1369	1	23.33	4	15	1	low	
1710	5423	beets	52	52	28	44	22	1.0196	1.7243	0.33381	1.4624	Noun	52	1	3.0161	1	54.25	5	4	1	low	
20061	68138	tums	16	16	12	0	0	0.31373	1.2304	0.14306	1.1139	Noun	16	1	2.5223	1	15.33	4	8	1	low	
5445	18180	digs	151	151	138	148	135	2.9608	2.1818	1.6452	2.143	Noun	151	1	3.4737	1	21	4	8	1	low	
21457	74012	yoke	22	22	20	19	18	0.43137	1.3617	0.23844	1.3222	Noun	22	1	2.6536	1	10.67	4	4	1	low	
1516	4814	barbs	12	12	12	12	12	0.23529	1.1139	0.14306	1.1139	Noun	12	1	2.4058	1	35.5	5	2	1	low	
6990	23790	feats	24	24	20	24	20	0.47059	1.3979	0.23844	1.3222	Noun	24	1	2.6898	1	67.25	5	7	1	low	
1706	5417	beet	14	14	13	13	12	0.27451	1.1761	0.15498	1.1461	Noun	14	1	2.4679	1	27	4	11	1	low	
9180	30538	hinge	29	29	27	27	27	0.56863	1.4771	0.32189	1.4472	Noun	29	1	2.769	1	39.5	5	2	1	low	
16350	55532	roofs	62	62	54	62	54	1.2157	1.7993	0.64378	1.7404	Noun	62	1	3.0912	1	27.25	5	4	1	low	
16234	55102	rift	55	55	40	50	38	1.0784	1.7482	0.47687	1.6128	Noun	55	1	3.04	1	13	4	6	1	low	
17418	58887	shrub	14	14	13	14	13	0.27451	1.1761	0.15498	1.1461	Noun	14	1	2.4679	1	19.75	5	2	1	low	
3913	12489	colds	38	38	34	32	29	0.7451	1.5911	0.40534	1.5441	Noun	37	1	2.8829	1	42.75	5	4	1	low	
17054	57728	selves	62	62	52	61	51	1.2157	1.7993	0.61993	1.7243	Noun	62	1	3.0912	1	110	6	2	1	low	
11743	39413	masts	8	8	8	8	8	0.15686	0.95424	0.095374	0.95424	Noun	8	1	2.2461	1	62.75	5	5	1	low	
17621	59575	skits	5	5	5	5	5	0.098039	0.77815	0.059609	0.77815	Noun	5	1	2.07	1	45.5	5	8	1	low	
8223	27649	gnome	32	32	24	29	23	0.62745	1.5185	0.28612	1.3979	Noun	32	1	2.8103	1	10.25	5	0	1	low	
3493	11105	chimes	87	87	62	80	58	1.7059	1.9445	0.73915	1.7993	Noun	87	1	3.2363	1	105.8	6	5	1	low	
3382	10727	charms	173	173	139	146	123	3.3922	2.2405	1.6571	2.1461	Noun	172	1	3.5324	1	44.2	6	2	1	low	
11414	38366	lyre	4	4	4	4	4	0.078431	0.69897	0.047687	0.69897	Noun	4	1	1.9908	1	14.33	4	6	1	low	
9330	31079	horde	58	58	21	33	18	1.1373	1.7709	0.25036	1.3424	Noun	58	1	3.0627	1	34	5	1	1	low	
7115	24178	fig	62	62	45	36	29	1.2157	1.7993	0.53648	1.6628	Noun	62	1	3.0912	1	7	3	15	1	low	
18132	61522	splints	14	14	12	14	12	0.27451	1.1761	0.14306	1.1139	Noun	14	1	2.4679	1	64.17	7	1	1	low	
12615	42177	mums	15	15	12	12	11	0.29412	1.2041	0.14306	1.1139	Noun	15	1	2.496	1	16	4	5	1	low	
4982	16357	daze	28	28	25	22	19	0.54902	1.4624	0.29804	1.415	Noun	28	1	2.7542	1	12.67	4	10	1	low	
4554	15100	creeks	9	9	8	6	6	0.17647	1	0.095374	0.95424	Noun	9	1	2.2918	1	48.6	6	4	1	low	
1601	5088	baths	161	161	121	153	117	3.1569	2.2095	1.4425	2.0864	Noun	161	1	3.5013	1	29.75	5	5	1	low	
7733	26127	frosts	4	4	4	4	4	0.078431	0.69897	0.047687	0.69897	Noun	4	1	1.9908	1	62.2	6	2	1	low	
15649	52155	ramps	21	21	13	17	13	0.41176	1.3424	0.15498	1.1461	Noun	21	1	2.6343	1	35	5	2	1	low	
19656	66778	tonne	2	2	2	2	2	0.039216	0.47712	0.023844	0.47712	Noun	2	1	1.769	1	28	5	0	1	low	
15277	50915	prude	70	70	58	59	51	1.3725	1.8513	0.69146	1.7709	Noun	70	1	3.1431	1	23.5	5	3	1	low	
15540	51817	quirk	20	20	18	19	17	0.39216	1.3222	0.21459	1.2788	Noun	20	1	2.6141	1	18.5	5	1	1	low	
11532	38739	males	134	134	113	123	106	2.6275	2.1303	1.3472	2.0569	Noun	134	1	3.4222	1	87	5	15	1	low	
3804	12213	coasts	18	18	16	18	16	0.35294	1.2788	0.19075	1.2304	Noun	20	1	2.5706	1	69.6	6	3	1	low	
18032	61141	spatulas	13	13	6	13	6	0.2549	1.1461	0.071531	0.8451	Noun	13	1	2.438	1	34	8	0	1	low	
16530	56086	sacs	12	12	11	11	10	0.23529	1.1139	0.13114	1.0792	Noun	12	1	2.4058	1	17	4	6	1	low	
8271	27787	golds	7	7	5	6	4	0.13725	0.90309	0.059609	0.77815	Noun	8	1	2.1949	1	32.25	5	5	1	low	
9322	31047	hooves	66	66	45	61	41	1.2941	1.8261	0.53648	1.6628	Noun	66	1	3.1179	1	107.6	6	1	1	low	
5205	17263	dens	15	15	10	15	10	0.29412	1.2041	0.11922	1.0414	Noun	15	1	2.496	1	27	4	9	1	low	
18679	63630	suites	84	84	54	78	49	1.6471	1.9294	0.64378	1.7404	Noun	84	1	3.2213	1	126.6	6	1	1	low	
14687	48840	pods	101	101	49	93	49	1.9804	2.0086	0.58417	1.699	Noun	101	1	3.3004	1	22.33	4	8	1	low	
15572	51928	racks	44	44	35	43	35	0.86275	1.6532	0.41726	1.5563	Noun	44	1	2.945	1	48.25	5	12	1	low	
2122	6959	bog	49	49	33	30	24	0.96078	1.699	0.39342	1.5315	Noun	49	1	2.9908	1	8.5	3	19	1	low	
19651	66761	tongs	40	40	24	22	20	0.78431	1.6128	0.28612	1.3979	Noun	40	1	2.9046	1	31.75	5	4	1	low	
18546	63111	studs	50	50	39	47	37	0.98039	1.7076	0.46495	1.6021	Noun	50	1	2.9994	1	40.5	5	3	1	low	
10312	35033	joule	1	1	1	0	0	0.019608	0.30103	0.011922	0.30103	Noun	1	1	1.5929	1	29.25	5	0	1	low	
6038	20274	dunes	45	45	26	27	18	0.88235	1.6628	0.30997	1.4314	Noun	45	1	2.9546	1	80.5	5	6	1	low	
2363	7736	breads	7	7	7	6	6	0.13725	0.90309	0.083453	0.90309	Noun	7	1	2.1949	1	52.8	6	5	1	low	
4466	14811	cowl	5	5	5	5	5	0.098039	0.77815	0.059609	0.77815	Noun	5	1	2.07	1	19.67	4	8	1	low	
4536	15048	creams	34	34	33	34	33	0.66667	1.5441	0.39342	1.5315	Noun	35	1	2.8359	1	45.4	6	3	1	low	
7766	26262	fumes	146	146	110	134	107	2.8627	2.1673	1.3114	2.0453	Noun	145	1	3.4592	1	73.75	5	2	1	low	
21067	72572	wharfs	1	1	1	1	1	0.019608	0.30103	0.011922	0.30103	Noun	1	1	1.5929	1	31.2	6	0	1	low	
10300	34981	joints	195	195	156	190	153	3.8235	2.2923	1.8598	2.1959	Noun	195	1	3.5841	1	54.2	6	1	1	low	
7012	23861	feist	1	1	1	0	0	0.019608	0.30103	0.011922	0.30103	Noun	1	1	1.5929	1	23.75	5	2	1	low	
2467	8074	brooch	67	67	30	66	30	1.3137	1.8325	0.35765	1.4914	Noun	67	1	3.1243	1	44.8	6	1	1	low	
9082	30197	hens	68	68	50	61	45	1.3333	1.8388	0.59609	1.7076	Noun	68	1	3.1307	1	27.67	4	7	1	low	
12327	41321	moles	41	41	23	28	21	0.80392	1.6232	0.2742	1.3802	Noun	41	1	2.9151	1	86.75	5	13	1	low	
2544	8336	bulb	200	200	148	193	142	3.9216	2.3032	1.7644	2.1732	Noun	200	1	3.595	1	15.67	4	2	1	low	
18363	62438	stews	7	7	7	7	7	0.13725	0.90309	0.083453	0.90309	Noun	7	1	2.1949	1	28.5	5	2	1	low	
2874	9292	canes	22	22	20	22	20	0.43137	1.3617	0.23844	1.3222	Noun	22	1	2.6536	1	98	5	14	1	low	
20142	68367	twigs	40	40	32	37	31	0.78431	1.6128	0.3815	1.5185	Noun	39	1	2.9046	1	16.75	5	1	1	low	
8074	27198	ghouls	47	47	34	43	32	0.92157	1.6812	0.40534	1.5441	Noun	47	1	2.9731	1	34.8	6	0	1	low	
2007	6603	blob	60	60	45	44	40	1.1765	1.7853	0.53648	1.6628	Noun	60	1	3.0772	1	12	4	4	1	low	
15226	50723	prose	48	48	38	44	37	0.94118	1.6902	0.45303	1.5911	Noun	48	1	2.982	1	43	5	4	1	low	
5888	19857	draught	24	24	20	22	19	0.47059	1.3979	0.23844	1.3222	Noun	24	1	2.6898	1	36	7	2	1	low	
4666	15417	crowds	179	179	159	169	151	3.5098	2.2553	1.8956	2.2041	Noun	180	1	3.5471	1	47.8	6	1	1	low	
8747	29239	hames	2	2	1	2	1	0.039216	0.47712	0.011922	0.30103	Noun	2	1	1.769	1	75.75	5	7	1	low	
17243	58294	shard	37	37	11	36	10	0.72549	1.5798	0.13114	1.0792	Noun	37	1	2.8716	1	43.25	5	5	1	low	
10135	34410	isle	62	62	38	51	31	1.2157	1.7993	0.45303	1.5911	Noun	61	1	3.0912	1	11.33	4	1	1	low	
18376	62475	stiffs	48	48	46	46	45	0.94118	1.6902	0.5484	1.6721	Noun	48	1	2.982	1	31.2	6	3	1	low	
18074	61343	sphinx	52	52	31	18	15	1.0196	1.7243	0.36958	1.5051	Noun	52	1	3.0161	1	63.6	6	0	1	low	
3776	12106	cloves	29	29	22	26	21	0.56863	1.4771	0.26228	1.3617	Noun	28	1	2.769	1	106.6	6	4	1	low	
2411	7900	brig	155	155	60	88	57	3.0392	2.1931	0.71531	1.7853	Noun	155	1	3.485	1	10	4	3	1	low	
6973	23679	fats	48	48	28	30	13	0.94118	1.6902	0.33381	1.4624	Noun	48	1	2.982	1	29.67	4	14	1	low	
5994	20160	ducts	55	55	39	54	39	1.0784	1.7482	0.46495	1.6021	Noun	55	1	3.04	1	42.25	5	3	1	low	
2695	8829	byte	6	6	6	6	6	0.11765	0.8451	0.071531	0.8451	Noun	6	1	2.1369	1	9.33	4	2	1	low	
11489	38636	mains	12	12	11	12	11	0.23529	1.1139	0.13114	1.0792	Noun	12	1	2.4058	1	56.25	5	5	1	low	
3701	11866	cleat	22	22	11	15	11	0.43137	1.3617	0.13114	1.0792	Noun	22	1	2.6536	1	32	5	6	1	low	
8998	29944	heats	31	31	28	31	28	0.60784	1.5051	0.33381	1.4624	Noun	32	1	2.797	1	67.75	5	10	1	low	
9001	29955	heaves	6	6	5	5	4	0.11765	0.8451	0.059609	0.77815	Noun	6	1	2.1369	1	119.4	6	4	1	low	
15918	53573	reins	74	74	63	74	63	1.451	1.8751	0.75107	1.8062	Noun	74	1	3.1669	1	47.5	5	3	1	low	
18556	63152	stunts	98	98	81	96	79	1.9216	1.9956	0.96567	1.9138	Noun	96	1	3.2875	1	66.8	6	1	1	low	
17647	59678	slang	71	71	55	65	52	1.3922	1.8573	0.6557	1.7482	Noun	71	1	3.1492	1	46.75	5	4	1	low	
8642	28916	gust	24	24	21	23	20	0.47059	1.3979	0.25036	1.3424	Noun	24	1	2.6898	1	24.67	4	9	1	low	
18878	64358	swifts	1	1	1	1	1	0.019608	0.30103	0.011922	0.30103	Noun	1	1	1.5929	1	38.8	6	1	1	low	
2843	9206	camps	192	192	133	190	131	3.7647	2.2856	1.5856	2.1271	Noun	192	1	3.5774	1	37.5	5	2	1	low	
4298	14272	cords	86	86	73	85	73	1.6863	1.9395	0.87029	1.8692	Noun	86	1	3.2314	1	50.25	5	10	1	low	
20865	71940	wands	18	18	14	14	10	0.35294	1.2788	0.16691	1.1761	Noun	18	1	2.5706	1	51.25	5	9	1	low	
17050	57714	selfs	1	1	1	1	1	0.019608	0.30103	0.011922	0.30103	Noun	1	1	1.5929	1	21.25	5	2	1	low	
6056	20340	dusk	61	61	49	52	46	1.1961	1.7924	0.58417	1.699	Noun	61	1	3.0842	1	20	4	8	1	low	
16253	55171	rind	14	14	8	14	8	0.27451	1.1761	0.095374	0.95424	Noun	14	1	2.4679	1	30.67	4	9	1	low	
17555	59350	sires	1	1	1	0	0	0.019608	0.30103	0.011922	0.30103	Noun	1	1	1.5929	1	83.25	5	11	1	low	
9122	30322	hertz	32	32	23	2	2	0.62745	1.5185	0.2742	1.3802	Noun	32	1	2.8103	1	23.75	5	0	1	low	
12463	41711	morphs	2	2	2	2	2	0.039216	0.47712	0.023844	0.47712	Noun	2	1	1.769	1	35.4	6	0	1	low	
6919	23506	fangs	91	91	63	80	58	1.7843	1.9638	0.75107	1.8062	Noun	91	1	3.2556	1	40.75	5	4	1	low	
3417	10860	cheeks	225	225	206	216	199	4.4118	2.3541	2.4559	2.316	Noun	225	1	3.6459	1	41.8	6	4	1	low	
9173	30508	hilt	28	28	27	28	27	0.54902	1.4624	0.32189	1.4472	Noun	28	1	2.7542	1	24	4	9	1	low	
16851	57058	scones	40	40	29	37	27	0.78431	1.6128	0.34573	1.4771	Noun	40	1	2.9046	1	99.8	6	3	1	low	
14458	48216	pinks	14	14	11	10	10	0.27451	1.1761	0.13114	1.0792	Noun	16	1	2.4679	1	51	5	10	1	low	
10786	36498	lauds	2	2	1	1	1	0.039216	0.47712	0.011922	0.30103	Noun	2	1	1.769	1	32.5	5	1	1	low	
8094	27270	gills	61	61	46	54	43	1.1961	1.7924	0.5484	1.6721	Noun	61	1	3.0842	1	47.5	5	10	1	low	
3592	11465	chunks	95	95	85	91	82	1.8627	1.9823	1.0134	1.9345	Noun	96	1	3.2741	1	38.4	6	2	1	low	
15496	51668	quay	4	4	4	4	4	0.078431	0.69897	0.047687	0.69897	Noun	4	1	1.9908	1	6.33	4	0	1	low	
17883	60682	soles	47	47	40	46	39	0.92157	1.6812	0.47687	1.6128	Noun	47	1	2.9731	1	82.25	5	9	1	low	
17642	59648	slacks	56	56	42	53	41	1.098	1.7559	0.50072	1.6335	Noun	56	1	3.0477	1	48.2	6	5	1	low	
17258	58367	shears	48	48	34	44	33	0.94118	1.6902	0.40534	1.5441	Noun	48	1	2.982	1	66	6	3	1	low	
12594	42071	mulch	22	22	15	21	15	0.43137	1.3617	0.17883	1.2041	Noun	22	1	2.6536	1	29.25	5	2	1	low	
19367	65900	therm	1	1	1	1	1	0.019608	0.30103	0.011922	0.30103	Noun	1	1	1.5929	1	22.75	5	1	1	low	
11576	38868	mane	30	30	27	30	27	0.58824	1.4914	0.32189	1.4472	Noun	30	1	2.7832	1	36.67	4	17	1	low	
2014	6629	blog	33	33	25	32	25	0.64706	1.5315	0.29804	1.415	Noun	33	1	2.8233	1	13	4	7	1	low	
12272	41177	mobs	30	30	24	29	23	0.58824	1.4914	0.28612	1.3979	Noun	30	1	2.7832	1	19.33	4	10	1	low	
13170	44018	nymphs	29	29	11	27	10	0.56863	1.4771	0.13114	1.0792	Noun	29	1	2.769	1	14.8	6	0	1	low	
7839	26500	gait	16	16	13	16	13	0.31373	1.2304	0.15498	1.1461	Noun	16	1	2.5223	1	25	4	4	1	low	
16901	57242	scribe	13	13	8	11	7	0.2549	1.1461	0.095374	0.95424	Noun	13	1	2.438	1	28.2	6	0	1	low	
16873	57128	scourge	67	67	50	48	39	1.3137	1.8325	0.59609	1.7076	Noun	67	1	3.1243	1	35.17	7	0	1	low	
10628	36063	labs	208	208	137	173	117	4.0784	2.3201	1.6333	2.1399	Noun	208	1	3.612	1	21	4	11	1	low	
3557	11322	chord	93	93	66	92	65	1.8235	1.9731	0.78684	1.8261	Noun	93	1	3.265	1	31.75	5	2	1	low	
15723	52435	rays	221	221	149	186	136	4.3333	2.3464	1.7763	2.1761	Noun	219	1	3.6382	1	17.33	4	11	1	low	
6886	23405	faiths	13	13	13	12	12	0.2549	1.1461	0.15498	1.1461	Noun	13	1	2.438	1	34.4	6	0	1	low	
14801	49151	pools	118	118	90	114	88	2.3137	2.0755	1.073	1.959	Noun	117	1	3.3674	1	45.75	5	4	1	low	
16544	56133	safes	22	22	15	22	15	0.43137	1.3617	0.17883	1.2041	Noun	22	1	2.6536	1	68.25	5	5	1	low	
15489	51654	quartz	27	27	24	22	20	0.52941	1.4472	0.28612	1.3979	Noun	27	1	2.739	1	27.4	6	2	1	low	
21364	73672	wretch	83	83	68	81	67	1.6275	1.9243	0.81068	1.8388	Noun	83	1	3.2161	1	29	6	1	1	low	
19429	66119	thrift	22	22	20	20	18	0.43137	1.3617	0.23844	1.3222	Noun	22	1	2.6536	1	35.4	6	1	1	low	
10665	36174	lakes	105	105	83	58	54	2.0588	2.0253	0.98951	1.9243	Noun	106	1	3.3171	1	78.75	5	10	1	low	
8164	27462	glee	58	58	49	50	42	1.1373	1.7709	0.58417	1.699	Noun	58	1	3.0627	1	9.33	4	3	1	low	
20771	71632	volt	9	9	9	7	7	0.17647	1	0.1073	1	Noun	9	1	2.2918	1	20.33	4	4	1	low	
14621	48607	pleas	20	20	20	18	18	0.39216	1.3222	0.23844	1.3222	Noun	20	1	2.6141	1	28.75	5	3	1	low	
17679	59832	slicks	3	3	3	2	2	0.058824	0.60206	0.035765	0.60206	Noun	3	1	1.8939	1	40.4	6	5	1	low	
6005	20183	dues	104	104	87	100	86	2.0392	2.0212	1.0372	1.9445	Noun	104	1	3.313	1	20	4	9	1	low	
21356	73644	wreath	54	54	42	52	42	1.0588	1.7404	0.50072	1.6335	Noun	54	1	3.0322	1	39.2	6	1	1	low	
9076	30177	hems	6	6	5	6	5	0.11765	0.8451	0.059609	0.77815	Noun	6	1	2.1369	1	16	4	6	1	low	
19149	65213	teal	26	26	14	15	10	0.5098	1.4314	0.16691	1.1761	Noun	26	1	2.7232	1	32.67	4	15	1	low	
2076	6819	blurb	13	13	5	13	5	0.2549	1.1461	0.059609	0.77815	Noun	13	1	2.438	1	23	5	1	1	low	
4667	15425	crows	141	141	75	112	64	2.7647	2.1523	0.89413	1.8808	Noun	142	1	3.4441	1	40.5	5	7	1	low	
16973	57459	seas	223	223	174	188	150	4.3725	2.3502	2.0744	2.243	Noun	223	1	3.6421	1	30.33	4	9	1	low	
4331	14341	corns	43	43	29	43	29	0.84314	1.6435	0.34573	1.4771	Noun	44	1	2.9353	1	49	5	8	1	low	
3525	11201	chits	6	6	4	5	3	0.11765	0.8451	0.047687	0.69897	Noun	6	1	2.1369	1	62.75	5	4	1	low	
8168	27473	glens	8	8	5	5	3	0.15686	0.95424	0.059609	0.77815	Noun	9	1	2.2461	1	31.5	5	0	1	low	
15509	51728	queues	5	5	3	5	3	0.098039	0.77815	0.035765	0.60206	Noun	5	1	2.07	1	77	6	1	1	low	
2811	9125	calves	82	82	54	81	53	1.6078	1.9191	0.64378	1.7404	Noun	82	1	3.2109	1	121.6	6	3	1	low	
8857	29546	harn	3	3	2	3	2	0.058824	0.60206	0.023844	0.47712	Noun	1	1	1.8939	1	36	4	13	1	low	
9439	31389	hues	9	9	9	7	7	0.17647	1	0.1073	1	Noun	9	1	2.2918	1	18.33	4	6	1	low	
3598	11486	churns	9	9	7	8	7	0.17647	1	0.083453	0.90309	Noun	9	1	2.2918	1	36.2	6	0	1	low	
9389	31248	hots	74	74	67	71	65	1.451	1.8751	0.79876	1.8325	Noun	74	1	3.1669	1	28.67	4	12	1	low	
2920	9415	capes	16	16	16	14	14	0.31373	1.2304	0.19075	1.2304	Noun	16	1	2.5223	1	84	5	11	1	low	
3783	12141	clumps	4	4	4	4	4	0.078431	0.69897	0.047687	0.69897	Noun	4	1	1.9908	1	27.4	6	1	1	low	
11294	37957	lore	34	34	28	21	20	0.66667	1.5441	0.33381	1.4624	Noun	35	1	2.8359	1	36	4	17	1	low	
16735	56712	scabs	16	16	14	13	12	0.31373	1.2304	0.16691	1.1761	Noun	16	1	2.5223	1	18.25	5	4	1	low	
18483	62860	straws	107	107	79	104	78	2.098	2.0334	0.94182	1.9031	Noun	107	1	3.3253	1	40.6	6	2	1	low	
18842	64237	swans	65	65	36	59	33	1.2745	1.8195	0.42918	1.5682	Noun	65	1	3.1114	1	38.75	5	4	1	low	
20145	68373	twine	29	29	21	27	21	0.56863	1.4771	0.25036	1.3424	Noun	29	1	2.769	1	32.75	5	4	1	low	
4505	14910	crafts	70	70	55	64	50	1.3725	1.8513	0.6557	1.7482	Noun	70	1	3.1431	1	65.6	6	2	1	low	
4564	15133	crepe	42	42	32	37	29	0.82353	1.6335	0.3815	1.5185	Noun	42	1	2.9253	1	30.75	5	1	1	low	
2381	7794	breaths	158	158	132	156	130	3.098	2.2014	1.5737	2.1239	Noun	159	1	3.4932	1	54.5	7	2	1	low	
13047	43652	nook	54	54	40	51	38	1.0588	1.7404	0.47687	1.6128	Noun	54	1	3.0322	1	25	4	7	1	low	
15378	51285	punts	1	1	1	1	1	0.019608	0.30103	0.011922	0.30103	Noun	1	1	1.5929	1	49.75	5	7	1	low	
21399	73809	yak	71	71	41	59	39	1.3922	1.8573	0.48879	1.6232	Noun	71	1	3.1492	1	2.5	3	3	1	low	
18171	61708	sprite	33	33	27	9	9	0.64706	1.5315	0.32189	1.4472	Noun	33	1	2.8233	1	50.8	6	0	1	low	
2403	7870	brides	47	47	40	39	32	0.92157	1.6812	0.47687	1.6128	Noun	51	1	2.9731	1	126.6	6	2	1	low	
7728	26114	fronts	47	47	47	45	45	0.92157	1.6812	0.56032	1.6812	Noun	47	1	2.9731	1	64.8	6	2	1	low	
8357	28044	grads	7	7	7	7	7	0.13725	0.90309	0.083453	0.90309	Noun	7	1	2.1949	1	53.5	5	6	1	low	
17414	58868	shrines	12	12	10	11	9	0.23529	1.1139	0.11922	1.0414	Noun	12	1	2.4058	1	129.17	7	1	1	low	
8859	29553	harp	134	134	81	105	68	2.6275	2.1303	0.96567	1.9138	Noun	135	1	3.4222	1	31.67	4	7	1	low	
1536	4891	barns	21	21	21	20	20	0.41176	1.3424	0.25036	1.3424	Noun	21	1	2.6343	1	47.25	5	7	1	low	
10738	36363	larch	7	7	5	2	2	0.13725	0.90309	0.059609	0.77815	Noun	7	1	2.1949	1	43.5	5	3	1	low	
7079	24053	feuds	8	8	8	8	8	0.15686	0.95424	0.095374	0.95424	Noun	8	1	2.2461	1	25.5	5	1	1	low	
1607	5102	batt	4	4	2	1	1	0.078431	0.69897	0.023844	0.47712	Noun	4	1	1.9908	1	20.67	4	5	1	low	
