"numid.f" "X.f" "Word.s" "Unnamed.f" "FREQcount.f" "Cdcount.f" "FREQlow.f" "Cdlow.f" "SUBLTLWF.f" "Lg10WF.f" "SUBTLCD.f" "Lg10CD.f" "Dom_PoS_SUBTLEX.s" "Freq_dom_PoS_SUBTLEX.f" "Percentage_dom_PoS.f" "Zipfvalue.f" "cmu_sylls.f" "BF_TP.f" "LEN_L.f" "N.f" "Zipfvalue_incl.f" "Zipfvalue_cat.s"
"9" 117 116 "aerobics" 973 79 54 65 48 1.549019608 1.903089987 0.643776824 1.740362689 "Noun" 71 0.91025641 3.194924129 3 29.14 8 0 1 "low"
"16" 174 173 "air" 1304 7090 3325 6023 3132 139.0196078 3.850707485 39.63996185 3.521922245 "Noun" 7043 0.995758518 5.142541628 1 3.5 3 5 1 "high"
"18" 250 249 "ale" 1486 202 123 183 115 3.960784314 2.307496038 1.466380544 2.093421685 "Noun" 202 1 3.59933018 1 1.5 3 9 1 "low"
"19" 259 258 "algebra" 1519 90 69 67 51 1.764705882 1.959041392 0.82260372 1.84509804 "Noun" 74 0.822222222 3.250875534 3 8.5 7 0 1 "low"
"36" 425 424 "anarchy" 2112 103 71 71 62 2.019607843 2.017033339 0.846447306 1.857332496 "Noun" 103 1 3.308867481 3 30.33 7 0 1 "low"
"37" 429 428 "ancestor" 2129 86 56 75 53 1.68627451 1.939519253 0.66762041 1.755874856 "Noun" 86 1 3.231353395 3 41.43 8 0 1 "low"
"40" 497 496 "annulment" 2352 76 28 75 28 1.490196078 1.886490725 0.333810205 1.462397998 "Noun" 76 1 3.178324867 3 47.5 9 0 1 "low"
"51" 616 615 "apprentice" 2814 99 64 85 52 1.941176471 2 0.762994754 1.812913357 "Noun" 99 1 3.291834142 3 88.44 10 0 1 "low"
"59" 695 694 "arm" 3106 3336 1945 3239 1906 65.41176471 3.523356207 23.18788746 3.289142836 "Noun" 3260 0.97809781 4.815190349 1 3 3 5 1 "high"
"60" 709 708 "armory" 3136 95 57 73 48 1.862745098 1.982271233 0.679542203 1.763427994 "Noun" 63 0.663157895 3.274105375 3 31.4 6 0 1 "low"
"64" 741 740 "art" 3236 3611 1601 2890 1422 70.80392157 3.557747742 19.08679065 3.204662512 "Noun" 3484 0.968315731 4.849581884 1 3 3 8 1 "high"
"68" 787 786 "assailant" 3420 75 62 73 60 1.470588235 1.880813592 0.739151168 1.799340549 "Noun" 75 1 3.172647734 3 45.13 9 0 1 "low"
"70" 797 796 "assembly" 3453 245 166 200 146 4.803921569 2.390935107 1.979017644 2.222716471 "Noun" 245 1 3.682769249 3 56.29 8 1 1 "high"
"90" 913 912 "aunt" 3873 2815 954 912 493 55.19607843 3.44963265 11.37339056 2.980003372 "Noun" 2804 1 4.741466793 1 19.67 4 4 1 "high"
"95" 970 969 "awareness" 4117 115 94 107 88 2.254901961 2.064457989 1.120648546 1.977723605 "Noun" 115 1 3.356292131 3 79 9 0 1 "low"
"97" 992 991 "babe" 4213 1814 991 1328 869 35.56862745 3.258876629 11.8144969 2.996511672 "Noun" 1810 0.998345284 4.550710772 1 15 4 7 1 "high"
"98" 1056 1055 "badge" 4404 778 463 741 452 15.25490196 2.891537458 5.519790176 2.666517981 "Noun" 778 0.998716303 4.1833716 1 31.25 5 2 1 "high"
"99" 1064 1063 "bag" 4431 4796 2508 4600 2458 94.03921569 3.680969718 29.89985694 3.399500661 "Noun" 4632 0.967418546 4.972803861 1 10 3 22 1 "high"
"100" 1074 1073 "bail" 4463 885 522 793 497 17.35294118 2.947433722 6.223175966 2.718501689 "Noun" 550 0.621468927 4.239267864 1 27.67 4 14 1 "high"
"101" 1081 1080 "bait" 4479 496 392 457 370 9.725490196 2.696356389 4.673342871 2.59439255 "Noun" 407 0.820564516 3.988190531 1 28.33 4 3 1 "high"
"105" 1111 1110 "ballistics" 4571 120 82 76 54 2.352941176 2.08278537 0.977587029 1.919078092 "Noun" 112 0.933333333 3.374619512 3 72.56 10 0 1 "low"
"107" 1140 1139 "band" 4630 2724 1122 2485 1057 53.41176471 3.435366507 13.37625179 3.050379756 "Noun" 2705 0.994851048 4.727200649 1 33.67 4 14 1 "high"
"109" 1166 1165 "bank" 4701 4334 1590 3822 1482 84.98039216 3.636989102 18.95565093 3.20167018 "Noun" 4194 0.975122065 4.928823244 1 33.67 4 16 1 "high"
"110" 1174 1173 "bankruptcy" 4718 121 83 104 79 2.37254902 2.086359831 0.989508822 1.924279286 "Noun" 120 1 3.378193973 3 14.78 10 0 1 "low"
"111" 1188 1187 "bar" 4770 4385 2220 3980 2091 85.98039216 3.642068627 26.46638054 3.346548559 "Noun" 4199 0.958894725 4.933902769 1 9 3 16 1 "high"
"115" 1214 1213 "bark" 4867 280 207 240 188 5.490196078 2.44870632 2.467811159 2.318063335 "Noun" 153 0.542553191 3.740540462 1 36 4 14 1 "high"
"116" 1217 1216 "barn" 4883 693 395 609 342 13.58823529 2.84135947 4.70910825 2.597695186 "Noun" 692 0.998556999 4.133193613 1 36.33 4 12 1 "high"
"118" 1239 1238 "barricade" 4942 75 50 68 47 1.470588235 1.880813592 0.596089652 1.707570176 "Noun" 52 0.693333333 3.172647734 3 53 9 0 1 "low"
"123" 1289 1288 "bath" 5074 1587 994 1512 961 31.11764706 3.200850498 11.85026228 2.997823081 "Noun" 1497 0.943883985 4.49268464 1 23.33 4 8 1 "high"
"126" 1321 1320 "bay" 5152 1236 612 448 287 24.23529412 3.0923697 7.296137339 2.787460475 "Noun" 1184 0.964169381 4.384203842 1 10.5 3 21 1 "high"
"127" 1322 1321 "bayonet" 5159 80 50 71 45 1.568627451 1.908485019 0.596089652 1.707570176 "Noun" 79 0.9875 3.200319161 3 41.33 7 1 1 "low"
"131" 1348 1347 "bean" 5219 349 220 242 173 6.843137255 2.544068044 2.622794468 2.344392274 "Noun" 332 0.948571429 3.835902186 1 34.67 4 13 1 "high"
"133" 1357 1356 "beast" 5257 1252 552 899 503 24.54901961 3.097951071 6.580829757 2.742725131 "Noun" 1241 1 4.389785213 1 49.5 5 5 1 "high"
"136" 1405 1404 "beer" 5411 3850 1805 3533 1738 75.49019608 3.585573519 21.51883643 3.256717746 "Noun" 3848 0.999740192 4.877407661 1 29 4 13 1 "high"
"138" 1416 1415 "beginning" 5462 3219 2242 3142 2207 63.11764706 3.507855872 26.72865999 3.350829274 "Noun" 1883 0.5858743 4.799690014 3 201.25 9 0 1 "high"
"141" 1438 1437 "bell" 5576 2006 1035 1387 821 39.33333333 3.302547372 12.33905579 3.015359755 "Noun" 1406 0.701246883 4.594381515 1 32.33 4 13 1 "high"
"147" 1594 1593 "birth" 6242 1405 948 1344 907 27.54901961 3.147985321 11.3018598 2.977266212 "Noun" 1405 1 4.439819463 1 26 5 5 1 "high"
"148" 1613 1612 "bit" 6275 11987 5084 11793 5059 235.0392157 4.078746734 60.6103958 3.706290957 "Noun" 6057 0.505592654 5.370580876 1 8 3 17 1 "high"
"151" 1649 1648 "blasphemy" 6452 75 63 54 51 1.470588235 1.880813592 0.751072961 1.806179974 "Noun" 74 1 3.172647734 3 23.5 9 1 1 "low"
"157" 1688 1687 "block" 6607 2067 1318 1808 1252 40.52941176 3.315550534 15.71292322 3.120244796 "Noun" 1651 0.800290839 4.607384677 1 37.75 5 4 1 "high"
"159" 1704 1703 "blood" 6644 9492 3526 8698 3393 186.1176471 3.977403481 42.03624225 3.54740546 "Noun" 9460 0.997364259 5.269237623 1 33.25 5 4 1 "high"
"160" 1724 1723 "blouse" 6707 272 187 254 187 5.333333333 2.436162647 2.229375298 2.274157849 "Noun" 272 1 3.727996789 1 36.6 6 0 1 "high"
"162" 1755 1754 "bluff" 6796 317 215 257 198 6.215686275 2.50242712 2.563185503 2.334453751 "Noun" 212 0.666666667 3.794261262 1 23.25 5 1 1 "high"
"166" 1768 1767 "board" 6847 3272 1682 2920 1575 64.15686275 3.514946005 20.05245589 3.226084116 "Noun" 2372 0.726715686 4.806780147 1 39.25 5 3 1 "high"
"168" 1822 1821 "bolt" 7045 351 226 263 202 6.882352941 2.546542663 2.694325227 2.356025857 "Noun" 295 0.845272206 3.838376806 1 29.33 4 11 1 "high"
"173" 1902 1901 "booth" 7255 1039 419 567 355 20.37254902 3.017033339 4.995231283 2.62324929 "Noun" 679 0.655405405 4.308867481 1 41 5 4 1 "high"
"175" 1977 1976 "bow" 7483 1034 609 857 552 20.2745098 3.01494035 7.26037196 2.785329835 "Noun" 598 0.582278481 4.306774492 1 10 3 18 1 "high"
"176" 1991 1990 "box" 7514 4577 2353 4355 2296 89.74509804 3.660675788 28.05197902 3.371806459 "Noun" 4388 0.959125683 4.95250993 1 6.5 3 11 1 "high"
"177" 1998 1997 "boy" 7528 27021 6133 22615 5690 529.8235294 4.43171749 73.1163567 3.787743772 "Noun" 26859 0.998958605 5.723551632 1 7 3 14 1 "high"
"180" 2034 2033 "branch" 7637 514 374 435 340 10.07843137 2.711807229 4.458750596 2.574031268 "Noun" 477 0.928015564 4.003641371 1 58.2 6 1 1 "high"
"181" 2036 2035 "brand" 7642 712 499 587 458 13.96078431 2.85308953 5.948974726 2.698970004 "Noun" 357 0.501404494 4.144923672 1 46.75 5 3 1 "high"
"182" 2043 2042 "brass" 7669 618 385 364 292 12.11764706 2.791690649 4.58989032 2.586587305 "Noun" 597 0.969155844 4.083524791 1 44.25 5 3 1 "high"
"187" 2080 2079 "breath" 7779 2291 1603 2232 1574 44.92156863 3.360214613 19.11063424 3.205204364 "Noun" 2231 0.974235808 4.652048755 1 48.2 6 2 1 "high"
"189" 2090 2089 "breeze" 7810 410 324 374 304 8.039215686 2.613841822 3.862660944 2.511883361 "Noun" 404 0.985365854 3.905675964 1 36 6 2 1 "high"
"192" 2110 2109 "bride" 7868 1235 638 1148 612 24.21568627 3.092018471 7.606103958 2.805500858 "Noun" 1204 0.982055465 4.383852613 1 36.75 5 3 1 "high"
"193" 2114 2113 "bridge" 7874 2331 1046 1847 889 45.70588235 3.367728546 12.47019552 3.019946682 "Noun" 2249 0.966480447 4.659562688 1 45.4 6 2 1 "high"
"201" 2217 2216 "buck" 8217 1721 697 612 469 33.74509804 3.236033147 8.309489747 2.843855423 "Noun" 1678 0.977855478 4.527867289 1 27 4 13 1 "high"
"203" 2247 2246 "bug" 8302 1068 583 878 541 20.94117647 3.028977705 6.950405341 2.766412847 "Noun" 730 0.682881197 4.320811847 1 8.5 3 19 1 "high"
"206" 2303 2302 "bump" 8448 630 469 577 449 12.35294118 2.800029359 5.591320935 2.672097858 "Noun" 328 0.520634921 4.091863501 1 18.67 4 8 1 "high"
"208" 2310 2309 "bunch" 8464 3003 2105 2846 2027 58.88235294 3.477699928 25.09537434 3.323458367 "Noun" 2982 0.994 4.76953407 1 37.75 5 6 1 "high"
"214" 2366 2365 "bush" 8658 720 403 369 273 14.11764706 2.857935265 4.804482594 2.606381365 "Noun" 386 0.536111111 4.149769407 1 25 4 9 1 "high"
"216" 2434 2433 "cab" 8840 1826 961 1709 926 35.80392157 3.261738547 11.45684311 2.983175072 "Noun" 1822 1 4.553572689 1 6.5 3 13 1 "high"
"217" 2439 2438 "cabaret" 8855 115 44 78 35 2.254901961 2.064457989 0.524558894 1.653212514 "Noun" 115 1 3.356292131 3 52.5 7 0 1 "low"
"220" 2511 2510 "calcium" 9016 90 58 77 55 1.764705882 1.959041392 0.691463996 1.770852012 "Noun" 90 1 3.250875534 3 43.5 7 0 1 "low"
"222" 2520 2519 "caliber" 9045 139 110 138 109 2.725490196 2.146128036 1.311397234 2.045322979 "Noun" 139 1 3.437962178 3 95.83 7 0 1 "low"
"224" 2550 2549 "camp" 9177 2612 1094 2309 1016 51.21568627 3.41713941 13.04244158 3.039414119 "Noun" 2366 0.90651341 4.708973552 1 21 4 6 1 "high"
"227" 2594 2593 "canister" 9299 73 35 73 35 1.431372549 1.86923172 0.417262756 1.556302501 "Noun" 73 1 3.161065862 3 110.43 8 1 1 "low"
"228" 2606 2605 "cannonball" 9328 73 49 35 23 1.431372549 1.86923172 0.584167859 1.698970004 "Noun" 72 0.98630137 3.161065862 3 21 10 0 1 "low"
"230" 2633 2632 "cap" 9397 956 619 687 524 18.74509804 2.980911938 7.37958989 2.792391689 "Noun" 765 0.904255319 4.27274608 1 9.5 3 19 1 "high"
"233" 2689 2688 "card" 9577 4357 2107 4236 2076 85.43137255 3.639287226 25.11921793 3.323870607 "Noun" 4343 0.997702734 4.931121368 1 33.67 4 12 1 "high"
"237" 2732 2731 "carousel" 9743 73 50 52 40 1.431372549 1.86923172 0.596089652 1.707570176 "Noun" 49 0.671232877 3.161065862 3 60.71 8 0 1 "low"
"240" 2772 2771 "case" 9866 14403 4885 14006 4849 282.4117647 4.158483113 58.23795899 3.688953463 "Noun" 11861 0.823623359 5.450317255 1 26 4 14 1 "high"
"241" 2779 2778 "cash" 9882 3694 1919 3231 1801 72.43137255 3.567614443 22.87792084 3.283301229 "Noun" 3291 0.892111683 4.859448585 1 28 4 12 1 "high"
"245" 2820 2819 "catalogue" 9983 108 74 102 69 2.117647059 2.037426498 0.882212685 1.875061263 "Noun" 100 0.925925926 3.32926064 3 30.88 9 0 1 "low"
"249" 2867 2866 "cause" 10141 15812 4946 9988 4274 310.0392157 4.199014271 58.96518836 3.69434191 "Noun" 13050 0.826891395 5.490848413 1 36.75 5 1 1 "high"
"250" 2877 2876 "cavalry" 10177 317 186 216 156 6.215686275 2.50242712 2.217453505 2.271841607 "Noun" 317 1 3.794261262 3 43.17 7 0 1 "high"
"251" 2878 2877 "cave" 10180 713 365 666 348 13.98039216 2.853698212 4.351454459 2.563481085 "Noun" 688 0.964936886 4.145532354 1 19 4 16 1 "high"
"254" 2907 2906 "cell" 10275 2772 1459 2656 1430 54.35294118 3.44294987 17.39389604 3.164352856 "Noun" 2769 1 4.734784012 1 24.67 4 10 1 "high"
"264" 2991 2990 "chance" 10566 12303 5343 12079 5334 241.2352941 4.090046322 63.6981402 3.727866449 "Noun" 12082 0.983155668 5.381880465 1 49.4 6 2 1 "high"
"268" 3023 3022 "charge" 10689 4559 2675 4201 2554 89.39215686 3.658964843 31.89079638 3.427486109 "Noun" 2726 0.598463227 4.950798985 1 48 6 1 1 "high"
"271" 3034 3033 "charm" 10719 794 597 750 583 15.56862745 2.900367129 7.117310443 2.776701184 "Noun" 645 0.814393939 4.192201271 1 38.75 5 4 1 "high"
"274" 3052 3051 "chat" 10770 830 644 785 630 16.2745098 2.919601024 7.677634716 2.809559715 "Noun" 559 0.672683514 4.211435166 1 16 4 6 1 "high"
"275" 3079 3078 "cheek" 10854 365 280 352 272 7.156862745 2.563481085 3.338102051 2.44870632 "Noun" 363 0.997252747 3.855315228 1 29.5 5 3 1 "high"
"279" 3108 3107 "chest" 10963 2090 1177 1940 1134 40.98039216 3.320354033 14.03195041 3.07114529 "Noun" 2085 1 4.612188175 1 32 5 3 1 "high"
"280" 3131 3130 "chief" 11044 3973 1374 1876 995 77.90196078 3.599227863 16.38054363 3.138302698 "Noun" 2979 0.751324086 4.891062005 1 31.25 5 1 1 "high"
"281" 3138 3137 "child" 11062 8040 3067 7673 2995 157.6470588 3.905310062 36.56413925 3.486855355 "Noun" 8027 0.999875436 5.197144204 1 36.25 5 1 1 "high"
"284" 3155 3154 "chin" 11113 647 465 496 385 12.68627451 2.811575006 5.543633763 2.668385917 "Noun" 569 0.879443586 4.103409148 1 16.33 4 6 1 "high"
"285" 3160 3159 "chip" 11148 1051 490 799 413 20.60784314 3.02201574 5.841678588 2.691081492 "Noun" 1021 0.972380952 4.313849882 1 13.33 4 8 1 "high"
"286" 3179 3178 "choice" 11251 4975 3095 4925 3072 97.54901961 3.696880372 36.89794945 3.490800952 "Noun" 4950 0.995775498 4.988714514 1 40.8 6 0 1 "high"
"287" 3186 3185 "chop" 11305 694 453 551 393 13.60784314 2.841984805 5.400572246 2.657055853 "Noun" 568 0.81962482 4.133818947 1 12.67 4 5 1 "high"
"288" 3199 3198 "chow" 11349 350 221 191 161 6.862745098 2.545307116 2.634716261 2.346352974 "Noun" 160 0.457142857 3.837141259 1 12.67 4 4 1 "high"
"289" 3207 3206 "chronicle" 11398 80 45 15 13 1.568627451 1.908485019 0.536480687 1.662757832 "Noun" 76 0.95 3.200319161 3 35.25 9 0 1 "low"
"294" 3240 3239 "cinch" 11523 182 137 160 130 3.568627451 2.26245109 1.633285646 2.139879086 "Noun" 154 0.846153846 3.554285232 1 40.75 5 4 1 "low"
"297" 3261 3260 "citation" 11614 81 47 77 44 1.588235294 1.913813852 0.560324273 1.681241237 "Noun" 81 1 3.205647995 3 88.57 8 0 1 "low"
"302" 3291 3290 "class" 11774 5985 2445 5569 2353 117.3529412 3.777136713 29.14878398 3.388456453 "Noun" 5955 0.994488978 5.068970855 1 41 5 8 1 "high"
"305" 3308 3307 "clay" 11826 612 215 197 139 12 2.787460475 2.563185503 2.334453751 "Noun" 432 0.705882353 4.079294617 1 15.67 4 7 1 "high"
"306" 3331 3330 "clerk" 11897 658 405 558 367 12.90196078 2.818885415 4.82832618 2.608526034 "Noun" 651 0.992378049 4.110719557 1 26.25 5 0 1 "high"
"313" 3388 3387 "clothes" 12069 5158 2790 5060 2761 101.1372549 3.712565528 33.26180258 3.445759836 "Noun" 5141 0.996704149 5.00439967 1 139 7 2 1 "high"
"317" 3411 3410 "clue" 12132 898 694 879 683 17.60784314 2.953759692 8.273724368 2.841984805 "Noun" 880 0.982142857 4.245593834 1 11.33 4 4 1 "high"
"319" 3424 3423 "coach" 12175 2429 599 1399 513 47.62745098 3.385606274 7.14115403 2.77815125 "Noun" 1496 0.617671346 4.677440416 1 47 5 4 1 "high"
"320" 3431 3430 "coast" 12204 1361 795 771 526 26.68627451 3.134177108 9.477825465 2.900913068 "Noun" 1355 0.997056659 4.42601125 1 41.5 5 3 1 "high"
"323" 3475 3474 "code" 12330 2709 1311 2264 1142 53.11764706 3.432969291 15.62947067 3.117933835 "Noun" 2533 0.935722202 4.724803433 1 24.33 4 11 1 "high"
"330" 3569 3568 "coloring" 12644 92 76 88 73 1.803921569 1.968482949 0.906056271 1.886490725 "Noun" 70 0.760869565 3.260317091 3 307.57 8 0 1 "low"
"332" 3612 3611 "commandant" 12774 131 50 65 34 2.568627451 2.120573931 0.596089652 1.707570176 "Noun" 131 1 3.412408073 3 65.22 10 0 1 "low"
"348" 3697 3696 "con" 13162 644 387 521 331 12.62745098 2.809559715 4.613733906 2.588831726 "Noun" 413 0.651419558 4.101393857 1 10 3 19 1 "high"
"350" 3711 3710 "concierge" 13228 73 50 66 48 1.431372549 1.86923172 0.596089652 1.707570176 "Noun" 73 1 3.161065862 3 67.88 9 0 1 "low"
"358" 3756 3755 "confusion" 13459 363 314 346 299 7.117647059 2.561101384 3.743443014 2.498310554 "Noun" 362 0.997245179 3.852935526 3 102.88 9 0 1 "high"
"372" 3872 3871 "cop" 14171 4393 1467 4131 1408 86.1372549 3.642860053 17.48927039 3.166726056 "Noun" 3914 0.892791971 4.934694195 1 11 3 22 1 "high"
"373" 3892 3891 "cord" 14253 358 264 340 256 7.019607843 2.555094449 3.147353362 2.423245874 "Noun" 345 0.974576271 3.846928591 1 30.33 4 10 1 "high"
"374" 3899 3898 "core" 14278 501 287 461 277 9.823529412 2.700703717 3.421554602 2.459392488 "Noun" 501 1 3.992537859 1 38 4 21 1 "high"
"376" 3929 3928 "coroner" 14366 458 321 377 276 8.980392157 2.661812686 3.826895565 2.507855872 "Noun" 457 0.997816594 3.953646828 3 125.67 7 1 1 "high"
"377" 3936 3935 "corpse" 14379 515 375 499 368 10.09803922 2.712649702 4.470672389 2.575187845 "Noun" 517 1 4.004483844 1 50.6 6 0 1 "high"
"382" 3983 3982 "couch" 14555 1197 792 1171 776 23.47058824 3.078456818 9.442060086 2.899273187 "Noun" 1184 0.993288591 4.37029096 1 48 5 6 1 "high"
"384" 3990 3989 "councilman" 14586 72 35 44 26 1.411764706 1.86332286 0.417262756 1.556302501 "Noun" 53 0.736111111 3.155157002 3 46.44 10 0 1 "low"
"386" 4026 4025 "courier" 14718 168 98 138 85 3.294117647 2.227886705 1.168335718 1.995635195 "Noun" 155 0.922619048 3.519720847 3 147 7 0 1 "low"
"387" 4029 4028 "court" 14725 5137 1839 4464 1693 100.7254902 3.7107941 21.9241774 3.264817823 "Noun" 5089 0.990463215 5.002628242 1 38.5 5 1 1 "high"
"393" 4072 4071 "coworkers" 14818 73 64 70 62 1.431372549 1.86923172 0.762994754 1.812913357 "Noun" 73 1 3.161065862 3 75.88 9 0 1 "low"
"395" 4079 4078 "crack" 14873 1675 1192 1556 1147 32.84313725 3.224274014 14.2107773 3.076640444 "Noun" 881 0.526598924 4.516108156 1 52 5 6 1 "high"
"396" 4091 4090 "craft" 14903 289 206 279 198 5.666666667 2.462397998 2.455889366 2.315970345 "Noun" 279 0.965397924 3.75423214 1 37.75 5 3 1 "high"
"399" 4106 4105 "crap" 14959 3151 1996 2970 1934 61.78431373 3.498586209 23.7958989 3.300378065 "Noun" 3060 0.972972973 4.790420351 1 16.67 4 8 1 "high"
"402" 4122 4121 "cream" 15040 2484 1345 2262 1271 48.70588235 3.395326393 16.03481164 3.12904506 "Noun" 2434 0.982640291 4.687160535 1 37.5 5 3 1 "high"
"406" 4146 4145 "creek" 15099 454 241 192 136 8.901960784 2.658011397 2.873152122 2.383815366 "Noun" 448 0.991150442 3.949845539 1 35 5 5 1 "high"
"409" 4168 4167 "crew" 15166 2424 1036 2156 931 47.52941176 3.384711743 12.35097759 3.015778756 "Noun" 2175 0.925531915 4.676545885 1 12.67 4 5 1 "high"
"411" 4179 4178 "crime" 15190 3633 1782 3328 1720 71.23529412 3.560384923 21.24463519 3.251151343 "Noun" 3640 0.99972535 4.852219065 1 37.5 5 4 1 "high"
"416" 4239 4238 "crow" 15409 227 132 156 107 4.450980392 2.357934847 1.573676681 2.123851641 "Noun" 150 0.678733032 3.649768989 1 13 4 6 1 "low"
"417" 4241 4240 "crowd" 15414 1906 1230 1671 1146 37.37254902 3.280350693 14.66380544 3.090258053 "Noun" 1798 0.945320715 4.572184835 1 36.25 5 2 1 "high"
"421" 4268 4267 "crush" 15514 857 625 772 581 16.80392157 2.933487288 7.451120649 2.796574333 "Noun" 497 0.579254079 4.22532143 1 31.5 5 3 1 "high"
"435" 4432 4431 "dad" 16036 25870 4351 9451 2954 507.254902 4.412813216 51.87172151 3.638688887 "Noun" 25728 0.998874092 5.704647358 1 7.5 3 15 1 "high"
"437" 4462 4461 "dame" 16111 702 329 528 258 13.76470588 2.846955325 3.922269909 2.51851394 "Noun" 606 0.868194842 4.138789467 1 20.67 4 17 1 "high"
"441" 4505 4504 "database" 16282 290 227 284 224 5.68627451 2.463892989 2.70624702 2.357934847 "Noun" 290 1 3.755727131 3 33.14 8 0 1 "high"
"442" 4507 4506 "date" 16285 7218 2987 7068 2947 141.5294118 3.858477042 35.6103958 3.475380593 "Noun" 6440 0.890856273 5.150311184 1 24.67 4 13 1 "high"
"443" 4517 4516 "dawn" 16328 1301 692 818 604 25.50980392 3.114610984 8.249880782 2.840733235 "Noun" 812 0.624135281 4.406445126 1 16.33 4 8 1 "high"
"444" 4520 4519 "day" 16334 40893 7727 38926 7687 801.8235294 4.611659593 92.1196948 3.888067113 "Noun" 40424 0.991245923 5.903493735 1 8.5 3 16 1 "high"
"445" 4547 4546 "deal" 16421 13330 5231 12637 5123 261.372549 4.124862728 62.36289938 3.718667735 "Noun" 9068 0.680985281 5.416696871 1 33.33 4 16 1 "high"
"446" 4556 4555 "death" 16444 11051 4278 9811 4118 216.6862745 4.043440876 51.00143062 3.631342286 "Noun" 11024 0.997917987 5.335275018 1 47.25 5 2 1 "high"
"451" 4606 4605 "deck" 16619 1212 629 1103 595 23.76470588 3.083860801 7.498807821 2.799340549 "Noun" 1207 0.99834574 4.375694943 1 24.33 4 8 1 "high"
"457" 4706 4705 "democrat" 17145 86 63 12 12 1.68627451 1.939519253 0.751072961 1.806179974 "Noun" 86 1 3.231353395 3 37.29 8 0 1 "low"
"469" 4795 4794 "desk" 17599 2239 1404 2204 1391 43.90196078 3.350248018 16.73819742 3.147676324 "Noun" 2237 1 4.64208216 1 15.67 4 3 1 "high"
"475" 4823 4822 "detention" 17700 333 163 291 151 6.529411765 2.523746467 1.943252265 2.214843848 "Noun" 331 1 3.815580609 3 131.5 9 2 1 "high"
"491" 4998 4997 "directive" 18366 90 65 78 58 1.764705882 1.959041392 0.774916547 1.819543936 "Noun" 90 1 3.250875534 3 97.88 9 0 1 "low"
"493" 5006 5005 "dirt" 18389 1310 814 1130 782 25.68627451 3.117602692 9.704339533 2.911157609 "Noun" 1310 0.99847561 4.409436834 1 19.33 4 5 1 "high"
"500" 5045 5044 "dish" 18688 584 443 568 431 11.45098039 2.767155866 5.281354316 2.64738297 "Noun" 509 0.87008547 4.058990008 1 20.67 4 5 1 "high"
"501" 5050 5049 "dishwasher" 18722 103 76 99 75 2.019607843 2.017033339 0.906056271 1.886490725 "Noun" 103 1 3.308867481 3 46.33 10 0 1 "low"
"503" 5059 5058 "disorder" 18820 364 246 353 238 7.137254902 2.562292864 2.932761087 2.392696953 "Noun" 364 1 3.854127007 3 81.43 8 0 1 "high"
"510" 5137 5136 "dock" 19259 497 307 441 289 9.745098039 2.697229343 3.659990463 2.488550717 "Noun" 407 0.818913481 3.989063485 1 26.33 4 11 1 "high"
"514" 5200 5199 "domino" 19452 205 46 16 16 4.019607843 2.31386722 0.54840248 1.672097858 "Noun" 203 0.990243902 3.605701363 3 65.6 6 0 1 "low"
"517" 5244 5243 "dorm" 19573 369 187 355 183 7.235294118 2.568201724 2.229375298 2.274157849 "Noun" 349 0.945799458 3.860035866 1 23.33 4 5 1 "high"
"518" 5254 5253 "dose" 19595 270 202 267 201 5.294117647 2.432969291 2.408202194 2.307496038 "Noun" 274 1 3.724803433 1 21.33 4 12 1 "high"
"520" 5271 5270 "dough" 19652 810 407 783 400 15.88235294 2.909020854 4.852169766 2.610660163 "Noun" 809 1 4.200854996 1 27 5 4 1 "high"
"525" 5347 5346 "dream" 19889 6798 2809 6418 2729 133.2941176 3.832445041 33.48831664 3.44870632 "Noun" 5353 0.787785136 5.124279183 1 33.5 5 3 1 "high"
"527" 5369 5368 "drill" 19959 701 466 658 450 13.74509804 2.846337112 5.555555556 2.669316881 "Noun" 507 0.723252496 4.138171254 1 44 5 5 1 "high"
"528" 5373 5372 "drink" 19967 12617 4353 11605 4198 247.3921569 4.100990523 51.89556509 3.638888425 "Noun" 6454 0.512181573 5.392824665 1 51.75 5 3 1 "high"
"532" 5443 5442 "dude" 20166 5071 1581 2783 1222 99.43137255 3.705179245 18.84835479 3.199206479 "Noun" 5050 0.997432352 4.997013387 1 16 4 5 1 "high"
"534" 5492 5491 "duration" 20329 81 75 74 69 1.588235294 1.913813852 0.894134478 1.880813592 "Noun" 81 1 3.205647995 3 95.86 8 0 1 "low"
"535" 5496 5495 "dust" 20342 1216 811 1107 770 23.84313725 3.085290578 9.668574154 2.909556029 "Noun" 941 0.773212818 4.37712472 1 28.33 4 11 1 "high"
"540" 5531 5530 "ear" 20453 1632 1106 1579 1092 32 3.212986185 13.1855031 3.044147621 "Noun" 1630 1 4.504820327 1 6 3 11 1 "high"
"541" 5550 5549 "earth" 20500 5074 2339 2773 1703 99.49019608 3.705436047 27.88507392 3.369215857 "Noun" 5058 0.998223801 4.997270189 1 35 5 0 1 "high"
"543" 5561 5560 "east" 20534 2527 1461 1027 721 49.54901961 3.40277707 17.41773963 3.164947373 "Noun" 2359 0.935739786 4.694611212 1 26.67 4 10 1 "high"
"545" 5597 5596 "edge" 20664 1199 907 1150 895 23.50980392 3.079181246 10.81306629 2.958085849 "Noun" 1194 0.996661102 4.371015388 1 5 4 1 1 "high"
"546" 5605 5604 "editing" 20690 108 72 98 67 2.117647059 2.037426498 0.858369099 1.86332286 "Noun" 79 0.731481481 3.32926064 3 288.33 7 1 1 "low"
"550" 5627 5626 "egg" 20787 1328 726 1237 694 26.03921569 3.123524981 8.655221745 2.861534411 "Noun" 1314 0.990203466 4.415359123 1 1.5 3 1 1 "high"
"562" 5755 5754 "emptiness" 21344 92 79 91 78 1.803921569 1.968482949 0.94182165 1.903089987 "Noun" 92 1 3.260317091 3 82.63 9 0 1 "low"
"565" 5777 5776 "end" 21466 13559 5673 12881 5552 265.8627451 4.13225969 67.6323319 3.753889331 "Noun" 9153 0.677347739 5.424093832 1 1.5 3 1 1 "high"
"566" 5780 5779 "endeavor" 21479 76 67 67 62 1.490196078 1.886490725 0.798760134 1.832508913 "Noun" 54 0.710526316 3.178324867 3 30.86 8 0 1 "low"
"591" 6107 6106 "expertise" 22949 203 177 199 175 3.980392157 2.309630167 2.110157368 2.250420002 "Noun" 203 1 3.60146431 3 103.25 9 0 1 "low"
"597" 6139 6138 "extinction" 23111 76 65 71 63 1.490196078 1.886490725 0.774916547 1.819543936 "Noun" 76 1 3.178324867 3 122 10 0 1 "low"
"599" 6141 6140 "extraction" 23136 126 91 118 87 2.470588235 2.103803721 1.084883166 1.963787827 "Noun" 125 0.992063492 3.395637863 3 123.11 10 0 1 "low"
"600" 6151 6150 "eye" 23209 5701 3216 5464 3157 111.7843137 3.756027213 38.34048641 3.507451061 "Noun" 5672 0.995786517 5.047861355 1 3.5 3 8 1 "high"
"606" 6225 6224 "faith" 23399 2363 1220 2008 1159 46.33333333 3.373647472 14.54458751 3.086715664 "Noun" 2358 0.99830652 4.665481614 1 36 5 1 1 "high"
"611" 6264 6263 "fare" 23552 314 248 289 242 6.156862745 2.498310554 2.956604673 2.396199347 "Noun" 233 0.746794872 3.790144696 1 39.33 4 17 1 "high"
"612" 6268 6267 "farm" 23561 1532 731 1369 681 30.03921569 3.185542155 8.714830711 2.864511081 "Noun" 1518 0.991508818 4.477376297 1 29.67 4 6 1 "high"
"613" 6298 6297 "fate" 23651 1375 865 1260 824 26.96078431 3.138618434 10.31235098 2.937517892 "Noun" 1373 0.998545455 4.430452576 1 23.67 4 14 1 "high"
"614" 6313 6312 "fault" 23699 5310 3101 5291 3091 104.1176471 3.725176301 36.96948021 3.491641793 "Noun" 5278 0.994535519 5.017010444 1 20.25 5 1 1 "high"
"616" 6328 6327 "fear" 23758 3523 1912 3206 1821 69.07843137 3.5470359 22.79446829 3.28171497 "Noun" 2110 0.598921374 4.838870042 1 32 4 11 1 "high"
"619" 6345 6344 "fee" 23819 494 358 475 349 9.68627451 2.694605199 4.268001907 2.555094449 "Noun" 494 1 3.986439341 1 7.5 3 15 1 "high"
"625" 6431 6430 "fiasco" 24077 83 70 82 69 1.62745098 1.924279286 0.834525513 1.851258349 "Noun" 84 1 3.216113428 3 23 6 0 1 "low"
"628" 6477 6476 "file" 24217 2246 1279 2129 1243 44.03921569 3.351603072 15.2479733 3.10720997 "Noun" 1652 0.736842105 4.643437215 1 28.67 4 12 1 "high"
"629" 6494 6493 "film" 24256 3328 1013 3210 974 65.25490196 3.522313795 12.07677635 3.006037955 "Noun" 3259 0.980445247 4.814147937 1 20 4 3 1 "high"
"635" 6562 6561 "firm" 24434 1799 966 1754 944 35.2745098 3.255272505 11.51645207 2.985426474 "Noun" 1434 0.796666667 4.547106647 1 16.33 4 5 1 "high"
"642" 6621 6620 "flank" 24630 236 132 222 127 4.62745098 2.374748346 1.573676681 2.123851641 "Noun" 217 0.919491525 3.666582488 1 44.75 5 5 1 "high"
"646" 6647 6646 "flat" 24679 1337 913 1233 866 26.21568627 3.126456113 10.88459704 2.960946196 "Noun" 658 0.491778774 4.418290256 1 21.67 4 9 1 "high"
"649" 6670 6669 "fleet" 24778 540 217 454 192 10.58823529 2.733197265 2.587029089 2.338456494 "Noun" 506 0.940520446 4.025031407 1 34.25 5 2 1 "high"
"650" 6672 6671 "flesh" 24791 1125 792 1062 773 22.05882353 3.051538391 9.442060086 2.899273187 "Noun" 1126 1 4.343372533 1 28.25 5 3 1 "high"
"652" 6680 6679 "flight" 24831 3044 1358 2524 1255 59.68627451 3.483587297 16.18979495 3.133219457 "Noun" 3030 0.99901088 4.775421439 1 32 6 5 1 "high"
"656" 6703 6702 "floor" 24919 5132 2732 5030 2699 100.627451 3.710371264 32.57033858 3.436639632 "Noun" 5099 0.993763399 5.002205406 1 39 5 2 1 "high"
"658" 6725 6724 "flow" 24992 701 484 665 473 13.74509804 2.846337112 5.77014783 2.685741739 "Noun" 535 0.776487663 4.138171254 1 18.33 4 8 1 "high"
"659" 6729 6728 "flu" 25009 444 255 423 248 8.705882353 2.648360011 3.040057225 2.408239965 "Noun" 442 0.997742664 3.940194153 1 1.5 3 1 1 "high"
"668" 6797 6796 "fool" 25247 4556 2370 4311 2308 89.33333333 3.658679029 28.2546495 3.374931554 "Noun" 2789 0.614317181 4.950513171 1 27 4 10 1 "high"
"670" 6827 6826 "force" 25345 3604 1985 2918 1808 70.66666667 3.556905269 23.66475918 3.297979244 "Noun" 2766 0.768974145 4.848739411 1 32.5 5 3 1 "high"
"672" 6844 6843 "foreigner" 25396 150 102 132 93 2.941176471 2.178976947 1.21602289 2.012837225 "Noun" 150 1 3.470811089 3 58.38 9 0 1 "low"
"675" 6874 6873 "form" 25516 2180 1535 2088 1485 42.74509804 3.338655666 18.29995231 3.186391216 "Noun" 1650 0.757575758 4.630489808 1 22.67 4 10 1 "high"
"678" 6903 6902 "foundation" 25659 740 374 336 237 14.50980392 2.869818208 4.458750596 2.574031268 "Noun" 733 0.994572592 4.16165235 3 132.22 10 0 1 "high"
"681" 6952 6951 "freak" 25846 1874 1198 1741 1148 36.74509804 3.273001272 14.28230806 3.078819183 "Noun" 1087 0.581283422 4.564835414 1 32 5 3 1 "high"
"682" 6972 6971 "freight" 25924 196 144 178 133 3.843137255 2.294466226 1.716738197 2.161368002 "Noun" 195 1 3.586300368 1 30.33 7 0 1 "low"
"684" 6998 6997 "friend" 26000 21384 6178 20982 6147 419.2941176 4.330109255 73.65283739 3.790918195 "Noun" 21297 0.997424129 5.621943397 1 45.8 6 0 1 "high"
"687" 7033 7032 "fruit" 26153 1108 715 994 661 21.7254902 3.044931546 8.524082022 2.854913022 "Noun" 1108 1 4.336765688 1 19.5 5 0 1 "high"
"690" 7060 7059 "fun" 26274 12010 4632 11650 4589 235.4901961 4.079579167 55.22174535 3.6658623 "Noun" 6172 0.514762302 5.371413309 1 6 3 13 1 "high"
"691" 7063 7062 "fund" 26284 541 388 461 335 10.60784314 2.733999287 4.625655699 2.589949601 "Noun" 486 0.896678967 4.025833429 1 21 4 4 1 "high"
"698" 7121 7120 "gal" 26505 725 429 671 411 14.21568627 2.860936621 5.114449213 2.633468456 "Noun" 705 1 4.152770763 1 4.5 3 8 1 "high"
"699" 7126 7125 "galaxy" 26515 339 152 232 137 6.647058824 2.531478917 1.812112542 2.184691431 "Noun" 336 0.991150442 3.823313059 3 29.6 6 0 1 "high"
"702" 7152 7151 "game" 26592 11926 3774 11451 3698 233.8431373 4.076531219 44.99284692 3.576916956 "Noun" 11721 0.984296271 5.368365361 1 20.67 4 13 1 "high"
"703" 7164 7163 "gang" 26622 1537 802 1388 742 30.1372549 3.186956335 9.561278016 2.904715545 "Noun" 1490 0.972584856 4.478790478 1 32 4 9 1 "high"
"711" 7218 7217 "gate" 26794 1634 902 1334 779 32.03921569 3.213517757 10.75345732 2.95568775 "Noun" 1633 0.999388005 4.505351899 1 24.67 4 13 1 "high"
"716" 7252 7251 "geek" 26898 353 237 311 223 6.921568627 2.549003262 2.82546495 2.376576957 "Noun" 275 0.774647887 3.840837404 1 20.33 4 5 1 "high"
"723" 7342 7341 "gift" 27230 3290 1877 3242 1856 64.50980392 3.517327882 22.37720553 3.273695588 "Noun" 3287 1 4.809162024 1 10 4 5 1 "high"
"725" 7364 7363 "girl" 27336 28413 6143 27239 6094 557.1176471 4.453532376 73.23557463 3.788451207 "Noun" 28298 0.999893997 5.745366518 1 11.67 4 3 1 "high"
"733" 7437 7436 "glow" 27586 293 232 278 219 5.745098039 2.46834733 2.765855985 2.367355921 "Noun" 190 0.650684932 3.760181473 1 14.33 4 4 1 "high"
"734" 7439 7438 "glue" 27598 300 220 268 206 5.882352941 2.478566496 2.622794468 2.344392274 "Noun" 233 0.776666667 3.770400638 1 10 4 6 1 "high"
"738" 7478 7477 "godmother" 27732 82 49 72 44 1.607843137 1.919078092 0.584167859 1.698970004 "Noun" 83 1 3.210912235 3 30.38 9 0 1 "low"
"739" 7489 7488 "gold" 27763 4026 1533 3398 1357 78.94117647 3.60498163 18.27610873 3.18582536 "Noun" 3764 0.937484433 4.896815772 1 21.33 4 9 1 "high"
"740" 7498 7497 "golf" 27796 1302 604 1192 568 25.52941176 3.114944416 7.200762995 2.781755375 "Noun" 1302 1 4.406778558 1 19 4 3 1 "high"
"743" 7526 7525 "goose" 27887 665 376 424 314 13.03921569 2.823474229 4.482594182 2.57634135 "Noun" 636 0.959276018 4.115308371 1 37.5 5 4 1 "high"
"748" 7569 7568 "grade" 28035 1493 993 1442 967 29.2745098 3.174350597 11.83834049 2.997386384 "Noun" 1358 0.90896921 4.46618474 1 43 5 7 1 "high"
"751" 7582 7581 "grain" 28067 243 179 233 172 4.764705882 2.387389826 2.134000954 2.255272505 "Noun" 243 1 3.679223968 1 44.25 5 5 1 "high"
"755" 7621 7620 "grass" 28200 856 550 797 531 16.78431373 2.932980822 6.556986171 2.741151599 "Noun" 852 0.996491228 4.224814964 1 46.5 5 7 1 "high"
"757" 7634 7633 "grave" 28241 1340 881 1285 868 26.2745098 3.127428778 10.50309967 2.945468585 "Noun" 1039 0.77886057 4.41926292 1 44.25 5 9 1 "high"
"759" 7648 7647 "grease" 28290 354 271 296 242 6.941176471 2.550228353 3.230805913 2.434568904 "Noun" 280 0.793201133 3.842062495 1 51 6 2 1 "high"
"768" 7728 7727 "group" 28575 3762 2097 3033 1680 73.76470588 3.575534218 25 3.321805484 "Noun" 3456 0.998266898 4.86736836 1 34.25 5 1 1 "high"
"773" 7767 7766 "guard" 28683 2968 1569 2122 1297 58.19607843 3.472610198 18.70529328 3.195899652 "Noun" 2149 0.72332548 4.76444434 1 26.75 5 0 1 "high"
"775" 7787 7786 "guest" 28726 2037 1381 1990 1363 39.94117647 3.30920418 16.46399619 3.140508043 "Noun" 2032 0.999016716 4.601038322 1 21.5 5 2 1 "high"
"776" 7794 7793 "guide" 28742 910 657 758 563 17.84313725 2.959518377 7.832618026 2.818225894 "Noun" 551 0.605494505 4.251352519 1 20.5 5 3 1 "high"
"780" 7826 7825 "gum" 28814 683 442 616 416 13.39215686 2.835056102 5.269432523 2.646403726 "Noun" 647 0.947291362 4.126890244 1 5.5 3 11 1 "high"
"781" 7831 7830 "gun" 28832 10873 2976 10548 2928 213.1960784 4.036389329 35.47925608 3.473778835 "Noun" 10813 0.996589862 5.328223471 1 7 3 14 1 "high"
"782" 7868 7867 "gut" 28923 497 393 474 379 9.745098039 2.697229343 4.685264664 2.595496222 "Noun" 438 0.881287726 3.989063485 1 7.5 3 16 1 "high"
"783" 7873 7872 "guy" 28944 38893 6594 37462 6561 762.6078431 4.58988261 78.61230329 3.8192148 "Noun" 37515 0.965910554 5.881716752 1 3.5 3 6 1 "high"
"784" 7877 7876 "gym" 28954 927 530 860 520 18.17647059 2.967547976 6.31855031 2.725094521 "Noun" 927 1 4.259382118 1 1 3 2 1 "high"
"785" 7881 7880 "gymnastics" 28959 78 44 69 40 1.529411765 1.897627091 0.524558894 1.653212514 "Noun" 78 1 3.189461233 3 57.22 10 0 1 "low"
"787" 7915 7914 "hair" 29101 7831 3632 7535 3582 153.5490196 3.893872679 43.29995231 3.560265398 "Noun" 7819 0.999872123 5.185706821 1 24 4 5 1 "high"
"791" 7962 7961 "hand" 29273 14262 5562 13466 5431 279.6470588 4.154210882 66.30901288 3.74530906 "Noun" 13177 0.924961393 5.446045024 1 33.33 4 9 1 "high"
"795" 8017 8016 "happiness" 29425 1249 842 1157 799 24.49019608 3.096910013 10.03814974 2.925827575 "Noun" 1243 0.998393574 4.388744155 3 72.25 9 0 1 "high"
"798" 8043 8042 "harm" 29522 1621 1181 1595 1169 31.78431373 3.21005085 14.07963758 3.072617477 "Noun" 1039 0.643742255 4.501884992 1 33.67 4 7 1 "high"
"802" 8070 8069 "hatch" 29642 654 258 508 245 12.82352941 2.8162413 3.075822604 2.413299764 "Noun" 439 0.674347158 4.108075442 1 42.5 5 7 1 "high"
"805" 8110 8109 "head" 29777 18947 6294 18207 6235 371.5098039 4.277563376 75.03576538 3.798995734 "Noun" 17392 0.919093167 5.569397518 1 32 4 12 1 "high"
"806" 8131 8130 "headmaster" 29819 112 49 61 36 2.196078431 2.053078443 0.584167859 1.698970004 "Noun" 112 1 3.344912586 3 49.89 10 0 1 "low"
"807" 8150 8149 "health" 29865 2054 1341 1736 1218 40.2745098 3.312811826 15.98712446 3.127752516 "Noun" 2048 0.998537299 4.604645968 1 40.4 6 2 1 "high"
"810" 8170 8169 "heat" 29931 2044 1315 1926 1260 40.07843137 3.310693312 15.67715784 3.119255889 "Noun" 1850 0.904645477 4.602527454 1 34.67 4 11 1 "high"
"813" 8194 8193 "heel" 30007 377 281 305 242 7.392156863 2.5774918 3.350023844 2.450249108 "Noun" 310 0.82010582 3.869325942 1 25.67 4 7 1 "high"
"822" 8268 8267 "hernia" 30286 91 72 89 70 1.784313725 1.963787827 0.858369099 1.86332286 "Noun" 91 1 3.255621969 3 28.8 6 0 1 "low"
"824" 8327 8326 "hill" 30491 1915 920 1028 623 37.54901961 3.282395505 10.96804959 2.96425963 "Noun" 1552 0.810443864 4.574229647 1 32.33 4 14 1 "high"
"830" 8406 8405 "hole" 30751 2969 1755 2846 1711 58.21568627 3.472756449 20.92274678 3.244524512 "Noun" 2945 0.993254637 4.764590591 1 30.67 4 14 1 "high"
"834" 8470 8469 "hood" 30980 785 475 560 379 15.39215686 2.895422546 5.662851693 2.677606953 "Noun" 561 0.715561224 4.187256688 1 29.67 4 10 1 "high"
"836" 8477 8476 "hook" 31002 1938 1285 1603 1160 38 3.287577809 15.31950405 3.109240969 "Noun" 954 0.493023256 4.579411951 1 28.67 4 12 1 "high"
"844" 8570 8569 "house" 31268 26214 6040 24470 5849 514 4.418549862 72.00762995 3.781108836 "Noun" 25883 0.989449138 5.710384004 1 42.25 5 5 1 "high"
"846" 8603 8602 "hug" 31396 986 695 910 653 19.33333333 2.994317153 8.285646161 2.84260924 "Noun" 580 0.590631365 4.286151295 1 8.5 3 17 1 "high"
"849" 8634 8633 "hunch" 31524 383 292 382 291 7.509803922 2.584331224 3.481163567 2.46686762 "Noun" 378 0.992125984 3.876165367 1 33.5 5 4 1 "high"
"856" 8697 8696 "hypnosis" 31801 101 57 88 52 1.980392157 2.008600172 0.679542203 1.763427994 "Noun" 100 1 3.300434314 3 9.86 8 0 1 "low"
"858" 8715 8714 "ice" 31899 4057 1974 3725 1891 79.54901961 3.608312043 23.53361946 3.2955671 "Noun" 4018 0.991364421 4.900146185 1 2 3 3 1 "high"
"864" 8775 8774 "imbecile" 32165 147 109 130 97 2.882352941 2.170261715 1.299475441 2.041392685 "Noun" 109 0.751724138 3.462095858 3 41 8 0 1 "low"
"867" 8815 8814 "impostor" 32459 101 70 101 70 1.980392157 2.008600172 0.834525513 1.851258349 "Noun" 101 1 3.300434314 3 37 8 0 1 "low"
"870" 8845 8844 "inch" 32664 631 499 621 496 12.37254902 2.800717078 5.948974726 2.698970004 "Noun" 597 0.950636943 4.09255122 1 6 4 1 1 "high"
"882" 8984 8983 "inn" 33400 428 177 419 176 8.392156863 2.632457292 2.110157368 2.250420002 "Noun" 420 0.992907801 3.924291434 1 1.5 3 2 1 "high"
"895" 9066 9065 "interface" 33824 77 55 74 55 1.509803922 1.892094603 0.655698617 1.748188027 "Noun" 57 0.74025974 3.183928745 3 76.75 9 0 1 "low"
"896" 9078 9077 "internet" 33901 334 210 288 172 6.549019608 2.525044807 2.503576538 2.324282455 "Noun" 322 0.969879518 3.816878949 3 75.71 8 1 1 "high"
"910" 9219 9218 "jar" 34643 424 297 413 289 8.31372549 2.62838893 3.540772532 2.474216264 "Noun" 421 0.992924528 3.920223072 1 8 3 14 1 "high"
"915" 9250 9249 "jellyfish" 34745 74 40 67 38 1.450980392 1.875061263 0.476871722 1.612783857 "Noun" 74 1 3.166895406 3 35.88 9 0 1 "low"
"916" 9252 9251 "jerk" 34769 1690 1110 1531 1031 33.1372549 3.228143608 13.23319027 3.045714059 "Noun" 1169 0.691306919 4.51997775 1 14 4 1 1 "high"
"922" 9309 9308 "joke" 34985 3724 2158 3649 2134 73.01960784 3.571126277 25.72722938 3.334252642 "Noun" 3455 0.928264374 4.862960419 1 12.67 4 5 1 "high"
"924" 9329 9328 "joy" 35067 1456 923 1095 815 28.54901961 3.163459552 11.00381497 2.965671971 "Noun" 1118 0.773167358 4.455293694 1 4.5 3 8 1 "high"
"926" 9378 9377 "junk" 35197 784 570 742 552 15.37254902 2.894869657 6.795422031 2.756636108 "Noun" 769 0.982120051 4.186703799 1 20 4 5 1 "high"
"929" 9470 9469 "kid" 35553 17299 4625 15988 4556 339.1960784 4.238046103 55.1382928 3.665205628 "Noun" 16701 0.96755692 5.529880245 1 6 3 10 1 "high"
"933" 9504 9503 "kind" 35635 30125 7317 28973 7259 590.6862745 4.478941472 87.23175966 3.864392405 "Noun" 21140 0.702185611 5.770775614 1 29.33 4 8 1 "high"
"937" 9551 9550 "knee" 35798 749 533 723 519 14.68627451 2.875061263 6.354315689 2.727541257 "Noun" 744 0.993324433 4.166895406 1 5.33 4 1 1 "high"
"940" 9604 9603 "lab" 36032 2020 1007 1821 969 39.60784314 3.305566314 12.00524559 3.003460532 "Noun" 2011 1 4.597400456 1 7 3 14 1 "high"
"945" 9648 9647 "lake" 36169 1836 802 1074 497 36 3.264109156 9.561278016 2.904715545 "Noun" 1753 0.955834242 4.555943298 1 21.67 4 15 1 "high"
"946" 9653 9652 "lamb" 36186 542 322 426 280 10.62745098 2.73479983 3.838817358 2.509202522 "Noun" 431 0.796672828 4.026633972 1 20.33 4 3 1 "high"
"947" 9667 9666 "lance" 36251 554 130 100 37 10.8627451 2.744292983 1.549833095 2.117271296 "Noun" 472 0.853526221 4.036127125 1 39.25 5 1 1 "high"
"948" 9672 9671 "land" 36262 4494 2074 3993 1923 88.11764706 3.652729696 24.72579876 3.317018101 "Noun" 3345 0.746318608 4.944563838 1 33.67 4 11 1 "high"
"950" 9698 9697 "lane" 36303 1704 513 319 235 33.41176471 3.231724383 6.115879828 2.710963119 "Noun" 1593 0.943161634 4.523558525 1 36.67 4 16 1 "high"
"957" 9753 9752 "latitude" 36474 81 67 72 60 1.588235294 1.913813852 0.798760134 1.832508913 "Noun" 78 1 3.205647995 3 47 8 0 1 "low"
"959" 9779 9778 "law" 36559 5932 2517 5421 2413 116.3137255 3.773274348 30.00715308 3.401055726 "Noun" 5908 0.996794331 5.06510849 1 8.5 3 16 1 "high"
"960" 9785 9784 "lawn" 36574 630 424 604 411 12.35294118 2.800029359 5.054840248 2.62838893 "Noun" 629 1 4.091863501 1 19.67 4 7 1 "high"
"964" 9825 9824 "leak" 36664 517 382 504 379 10.1372549 2.71432976 4.55412494 2.583198774 "Noun" 418 0.808510638 4.006163902 1 29 4 9 1 "high"
"970" 9865 9864 "leg" 36796 2882 1588 2832 1566 56.50980392 3.459844642 18.93180734 3.201123897 "Noun" 2871 0.997221257 4.751678785 1 5.5 3 12 1 "high"
"972" 9896 9895 "lemonade" 36887 281 192 229 165 5.509803922 2.450249108 2.288984263 2.285557309 "Noun" 281 1 3.74208325 3 32.29 8 0 1 "high"
"980" 10000 9999 "life" 37180 40629 7596 38855 7561 796.6470588 4.608846822 90.55793991 3.880642126 "Noun" 40575 0.999975355 5.900680964 1 14 4 10 1 "high"
"981" 10025 10024 "light" 37228 8425 3924 7737 3767 165.1960784 3.925621455 46.78111588 3.593839661 "Noun" 5589 0.664645023 5.217455597 1 18.75 5 8 1 "high"
"986" 10065 10064 "line" 37359 10515 4539 10060 4455 206.1764706 4.021850577 54.1130186 3.657055853 "Noun" 9959 0.948115004 5.31368472 1 37 4 22 1 "high"
"989" 10118 10117 "list" 37492 4110 2176 4045 2151 80.58823529 3.613947477 25.94182165 3.337858429 "Noun" 3958 0.965365854 4.905781619 1 28 4 11 1 "high"
"992" 10159 10158 "load" 37616 1490 1096 1336 1005 29.21568627 3.173477643 13.06628517 3.040206628 "Noun" 1005 0.674949631 4.465311786 1 23.67 4 9 1 "high"
"1004" 10273 10272 "lord" 37947 7046 1994 1421 360 138.1568627 3.848004271 23.77205532 3.2999429 "Noun" 5117 0.728398577 5.139838414 1 28.33 4 7 1 "high"
"1005" 10283 10282 "loss" 37978 1485 1144 1445 1126 29.11764706 3.172018809 13.63853124 3.058805487 "Noun" 1484 1 4.463852952 1 24.33 4 12 1 "high"
"1006" 10285 10284 "lot" 37981 29066 7185 28738 7165 569.9215686 4.463400211 85.65808298 3.856487213 "Noun" 21770 0.749242841 5.755234353 1 8.5 3 17 1 "high"
"1008" 10291 10290 "lounge" 38009 401 273 327 232 7.862745098 2.604226053 3.254649499 2.437750563 "Noun" 388 0.967581047 3.896060195 1 42.6 6 0 1 "high"
"1010" 10319 10318 "luck" 38141 7840 3874 7609 3815 153.7254902 3.894371454 46.18502623 3.588271707 "Noun" 7775 0.992848934 5.186205596 1 22 4 12 1 "high"
"1015" 10348 10347 "lunch" 38231 5310 2637 4997 2561 104.1176471 3.725176301 31.43776824 3.421274791 "Noun" 5242 0.986822289 5.017010444 1 33.5 5 6 1 "high"
"1020" 10413 10412 "mafia" 38503 238 150 53 44 4.666666667 2.378397901 1.788268956 2.178976947 "Noun" 235 0.991561181 3.670232043 3 15 5 2 1 "high"
"1024" 10437 10436 "magnitude" 38574 73 67 72 66 1.431372549 1.86923172 0.798760134 1.832508913 "Noun" 72 1 3.161065862 3 33.25 9 0 1 "low"
"1025" 10448 10447 "maid" 38598 1164 614 1082 580 22.82352941 3.066325925 7.319980925 2.788875116 "Noun" 1160 1 4.358160068 1 26.33 4 7 1 "high"
"1026" 10452 10451 "mail" 38606 1879 1110 1718 1061 36.84313725 3.274157849 13.23319027 3.045714059 "Noun" 1630 0.869797225 4.565991991 1 27.67 4 15 1 "high"
"1030" 10517 10516 "man" 38821 94133 8054 84739 7956 1845.745098 4.973746513 96.01812113 3.906065545 "Noun" 93487 0.995251935 6.265580656 1 9.5 3 19 1 "high"
"1036" 10567 10566 "manpower" 38996 105 96 102 94 2.058823529 2.025305865 1.144492132 1.986771734 "Noun" 105 1 3.317140007 3 63 8 0 1 "low"
"1039" 10584 10583 "map" 39053 1623 805 1587 792 31.82352941 3.210586025 9.597043395 2.906335042 "Noun" 1561 0.962392109 4.502420167 1 10.5 3 20 1 "high"
"1046" 10673 10672 "mask" 39334 1010 480 912 463 19.80392157 3.004751156 5.722460658 2.682145076 "Noun" 957 0.951292247 4.296585298 1 26.33 4 9 1 "high"
"1052" 10711 10710 "mate" 39441 1491 650 1386 628 29.23529412 3.173768823 7.749165474 2.813580989 "Noun" 1355 0.910006716 4.465602965 1 28 4 19 1 "high"
"1053" 10719 10718 "math" 39470 836 508 709 473 16.39215686 2.922725458 6.056270863 2.706717782 "Noun" 835 1 4.2145596 1 23.33 4 10 1 "high"
"1057" 10766 10765 "meal" 39639 1472 1048 1441 1030 28.8627451 3.168202747 12.4940391 3.020775488 "Noun" 1471 1 4.460036889 1 31.33 4 12 1 "high"
"1058" 10777 10776 "meat" 39684 2226 1286 2083 1247 43.64705882 3.347720217 15.33142585 3.109578547 "Noun" 2227 1 4.639554359 1 32 4 13 1 "high"
"1065" 10854 10853 "men" 39952 19011 4996 17450 4804 372.7647059 4.279027806 59.56127802 3.698709349 "Noun" 18999 0.999842122 5.570861948 1 6.5 3 13 1 "high"
"1066" 10898 10897 "mess" 40167 3985 2614 3856 2560 78.1372549 3.600537294 31.163567 3.417471693 "Noun" 2822 0.708333333 4.892371437 1 15.67 4 7 1 "high"
"1074" 11048 11047 "mind" 40680 24715 6870 23477 6771 484.6078431 4.392978187 81.90271817 3.837019949 "Noun" 12457 0.504740681 5.684812329 1 31.33 4 12 1 "high"
"1079" 11080 11079 "minivan" 40768 81 52 81 52 1.588235294 1.913813852 0.619933238 1.72427587 "Noun" 74 0.925 3.205647995 3 37 7 0 1 "low"
"1083" 11126 11125 "misery" 40929 526 381 418 359 10.31372549 2.721810615 4.542203147 2.582063363 "Noun" 523 0.996190476 4.013644757 3 58.6 6 1 1 "high"
"1085" 11146 11145 "miss" 41025 23850 5432 8516 4163 467.6470588 4.377506592 64.75917978 3.735039705 "Noun" 15492 0.649968534 5.669340735 1 19 4 7 1 "high"
"1087" 11189 11188 "mob" 41161 660 384 579 346 12.94117647 2.820201459 4.577968526 2.58546073 "Noun" 634 0.963525836 4.112035602 1 8 3 14 1 "high"
"1089" 11203 11202 "mode" 41203 263 198 236 187 5.156862745 2.421603927 2.360515021 2.298853076 "Noun" 254 0.965779468 3.713438069 1 19 4 10 1 "high"
"1092" 11237 11236 "mold" 41307 219 153 210 151 4.294117647 2.342422681 1.824034335 2.187520721 "Noun" 164 0.752293578 3.634256823 1 23.67 4 11 1 "low"
"1093" 11241 11240 "mole" 41315 411 162 316 148 8.058823529 2.614897216 1.931330472 2.212187604 "Noun" 396 0.968215159 3.906731358 1 29.67 4 14 1 "high"
"1094" 11252 11251 "mom" 41356 21950 4077 8199 2746 430.3921569 4.34145431 48.60515021 3.610447221 "Noun" 21822 0.998535737 5.633288452 1 4.5 3 9 1 "high"
"1095" 11255 11254 "momentum" 41366 87 78 81 75 1.705882353 1.944482672 0.929899857 1.897627091 "Noun" 87 1 3.236316814 3 49.43 8 0 1 "low"
"1098" 11315 11314 "month" 41544 4854 2895 4782 2866 95.17647059 3.686189234 34.51359084 3.461798558 "Noun" 4848 1 4.978023376 1 33.5 5 1 1 "high"
"1100" 11322 11321 "mood" 41564 1736 1288 1718 1281 34.03921569 3.239799818 15.35526943 3.110252917 "Noun" 1734 0.999423631 4.531633961 1 28.67 4 8 1 "high"
"1101" 11324 11323 "moon" 41574 2548 1167 2123 1028 49.96078431 3.406369835 13.91273247 3.067442843 "Noun" 2487 0.975676736 4.698203978 1 28.33 4 10 1 "high"
"1108" 11433 11432 "mount" 41875 597 400 198 164 11.70588235 2.776701184 4.768717215 2.603144373 "Noun" 373 0.62479062 4.068535326 1 43.5 5 4 1 "high"
"1109" 11447 11446 "mouth" 41920 5325 3022 5133 2979 104.4117647 3.726401162 36.02765856 3.480438147 "Noun" 5292 0.9952981 5.018235304 1 38 5 3 1 "high"
"1111" 11481 11480 "mug" 42045 349 260 337 253 6.843137255 2.544068044 3.09966619 2.416640507 "Noun" 302 0.865329513 3.835902186 1 6.5 3 13 1 "high"
"1116" 11561 11560 "mutation" 42339 88 52 85 50 1.725490196 1.949390007 0.619933238 1.72427587 "Noun" 86 0.988505747 3.241224149 3 93.71 8 0 1 "low"
"1121" 11600 11599 "name" 42511 32735 7031 31694 6977 641.8627451 4.515025612 83.82212685 3.847078862 "Noun" 31220 0.955002906 5.806859754 1 16 4 9 1 "high"
"1125" 11663 11662 "nebula" 42768 75 24 20 8 1.470588235 1.880813592 0.286123033 1.397940009 "Noun" 40 0.533333333 3.172647734 3 12.2 6 0 1 "low"
"1126" 11666 11665 "neck" 42783 3035 1961 2956 1931 59.50980392 3.482301767 23.37863615 3.292699003 "Noun" 2997 0.991071429 4.774135909 1 21.33 4 5 1 "high"
"1127" 11688 11687 "negligence" 42872 91 69 88 67 1.784313725 1.963787827 0.82260372 1.84509804 "Noun" 91 1 3.255621969 3 43.44 10 0 1 "low"
"1132" 11744 11743 "news" 43128 8399 3976 7681 3838 164.6862745 3.924279286 47.40104912 3.599555591 "Noun" 8382 0.999642218 5.216113428 1 11.67 4 6 1 "high"
"1133" 11780 11779 "niece" 43229 486 275 482 275 9.529411765 2.687528961 3.278493085 2.440909082 "Noun" 485 1 3.979363103 1 16.25 5 1 1 "high"
"1134" 11786 11785 "night" 43253 44168 7381 42911 7343 866.0392157 4.645117567 87.99475441 3.868174041 "Noun" 44121 1 5.936951709 1 12.5 5 8 1 "high"
"1135" 11838 11837 "noise" 43438 1779 1252 1741 1237 34.88235294 3.250420002 14.92608488 3.097951071 "Noun" 1773 0.998310811 4.542254144 1 28 5 3 1 "high"
"1138" 11875 11874 "north" 43694 3258 1616 1583 979 63.88235294 3.51308436 19.26561755 3.20871002 "Noun" 2942 0.903285232 4.804918503 1 34 5 2 1 "high"
"1139" 11881 11880 "nose" 43718 3557 2125 3407 2081 69.74509804 3.551205944 25.33381021 3.32756326 "Noun" 3539 0.995219348 4.843040086 1 18.33 4 10 1 "high"
"1141" 11896 11895 "note" 43764 2731 1622 2545 1540 53.54901961 3.436480695 19.33714831 3.21031852 "Noun" 2421 0.879404286 4.728314837 1 19 4 9 1 "high"
"1142" 11916 11915 "novelty" 43829 85 72 80 67 1.666666667 1.934498451 0.858369099 1.86332286 "Noun" 85 1 3.226332593 3 27 7 0 1 "low"
"1144" 11949 11948 "nursery" 43959 207 139 202 136 4.058823529 2.318063335 1.657129232 2.146128036 "Noun" 207 1 3.609897477 3 95.83 7 0 1 "low"
"1154" 12007 12006 "occasion" 44208 844 692 839 690 16.54901961 2.926856709 8.249880782 2.840733235 "Noun" 838 0.996432818 4.218690851 3 49.29 8 0 1 "high"
"1158" 12061 12060 "oil" 44415 2095 1059 1816 997 41.07843137 3.321391278 12.62517883 3.025305865 "Noun" 2069 0.989478718 4.61322542 1 2 3 3 1 "high"
"1160" 12084 12083 "omega" 44504 76 43 20 13 1.490196078 1.886490725 0.512637101 1.643452676 "Noun" 76 1 3.178324867 3 4 5 0 1 "low"
"1181" 12358 12357 "ownership" 45725 116 95 114 93 2.274509804 2.068185862 1.132570339 1.982271233 "Noun" 116 1 3.360020004 3 35 9 0 1 "low"
"1183" 12377 12376 "pace" 45786 488 337 344 280 9.568627451 2.689308859 4.017644254 2.5289167 "Noun" 437 0.895491803 3.981143001 1 23.67 4 14 1 "high"
"1186" 12414 12413 "page" 45879 1912 1146 1512 1024 37.49019608 3.28171497 13.66237482 3.059563418 "Noun" 1677 0.87663356 4.573549112 1 20.67 4 11 1 "high"
"1187" 12426 12425 "pain" 45899 4995 2568 4767 2516 97.94117647 3.69862243 30.61516452 3.409764104 "Noun" 4938 0.991964644 4.990456572 1 29.33 4 10 1 "high"
"1189" 12442 12441 "pal" 45945 2937 1602 2821 1569 57.58823529 3.468051791 19.09871245 3.204933522 "Noun" 2930 0.998977156 4.759885934 1 5.5 3 9 1 "high"
"1199" 12574 12573 "park" 46391 3678 1875 2307 1343 72.11764706 3.565729788 22.35336195 3.273232834 "Noun" 2846 0.775688198 4.85756393 1 36.33 4 13 1 "high"
"1201" 12604 12603 "part" 46469 13337 5604 12790 5508 261.5098039 4.125090713 66.80972818 3.748575617 "Noun" 12942 0.971111278 5.416924855 1 36.67 4 17 1 "high"
"1204" 12643 12642 "past" 46588 6312 3633 6153 3582 123.7647059 3.800235789 43.31187411 3.560384923 "Noun" 2191 0.347391787 5.092069931 1 35 4 14 1 "high"
"1207" 12669 12668 "path" 46653 1252 870 1198 848 24.54901961 3.097951071 10.37195994 2.940018155 "Noun" 1252 1 4.389785213 1 23.67 4 8 1 "high"
"1210" 12711 12710 "pause" 46758 275 205 240 186 5.392156863 2.440909082 2.443967573 2.31386722 "Noun" 172 0.625454545 3.732743224 1 36.25 5 2 1 "high"
"1214" 12745 12744 "peace" 46836 3550 1867 2937 1624 69.60784314 3.550350672 22.2579876 3.271376872 "Noun" 3537 0.998024831 4.842184814 1 44.75 5 3 1 "high"
"1230" 12894 12893 "persona" 47474 76 58 73 55 1.490196078 1.886490725 0.691463996 1.770852012 "Noun" 76 1 3.178324867 3 49.5 7 1 1 "low"
"1238" 12952 12951 "phase" 47685 629 409 502 367 12.33333333 2.799340549 4.876013352 2.612783857 "Noun" 613 0.977671451 4.091174692 1 33.5 5 1 1 "high"
"1239" 12971 12970 "phone" 47779 13756 4502 13087 4436 269.7254902 4.138523737 53.67191226 3.653501947 "Noun" 13225 0.962588252 5.430357879 1 25.5 5 3 1 "high"
"1243" 13003 13002 "pianist" 47911 86 61 77 55 1.68627451 1.939519253 0.727229375 1.792391689 "Noun" 86 1 3.231353395 3 66.83 7 0 1 "low"
"1244" 13029 13028 "pie" 48003 1466 790 1273 751 28.74509804 3.166430114 9.4182165 2.898176483 "Noun" 1465 1 4.458264256 1 6 3 11 1 "high"
"1245" 13030 13029 "piece" 48004 6349 3510 6090 3426 124.4901961 3.802773725 41.84549356 3.545430829 "Noun" 6323 0.996689786 5.094607867 1 21.5 5 1 1 "high"
"1248" 13058 13057 "pile" 48089 672 529 642 508 13.17647059 2.828015064 6.306628517 2.72427587 "Noun" 561 0.836065574 4.119849206 1 29.67 4 12 1 "high"
"1249" 13066 13065 "pill" 48110 603 387 581 378 11.82352941 2.781036939 4.613733906 2.588831726 "Noun" 600 0.998336106 4.072871081 1 34.67 4 14 1 "high"
"1252" 13088 13087 "pine" 48180 316 211 210 160 6.196078431 2.501059262 2.515498331 2.326335861 "Noun" 269 0.856687898 3.792893404 1 34.33 4 18 1 "high"
"1256" 13114 13113 "pipe" 48267 989 643 853 558 19.39215686 2.995635195 7.665712923 2.808885867 "Noun" 810 0.8190091 4.287469337 1 16.67 4 7 1 "high"
"1258" 13140 13139 "pitch" 48346 792 474 744 454 15.52941176 2.899273187 5.6509299 2.67669361 "Noun" 528 0.666666667 4.191107329 1 34.5 5 7 1 "high"
"1259" 13164 13163 "place" 48415 30736 7279 30163 7246 602.6666667 4.487661477 86.77873152 3.862131379 "Noun" 28698 0.933814916 5.779495619 1 38.75 5 4 1 "high"
"1262" 13181 13180 "plan" 48461 7432 3528 7109 3476 145.7254902 3.871164133 42.06008584 3.547651658 "Noun" 5671 0.763051668 5.162998275 1 17.67 4 3 1 "high"
"1268" 13261 13260 "pledge" 48640 351 231 316 209 6.882352941 2.546542663 2.753934192 2.365487985 "Noun" 190 0.538243626 3.838376806 1 28.6 6 1 1 "high"
"1276" 13305 13304 "pocketbook" 48817 76 56 72 53 1.490196078 1.886490725 0.66762041 1.755874856 "Noun" 74 1 3.178324867 3 12.44 10 0 1 "low"
"1277" 13311 13310 "pod" 48830 408 128 285 117 8 2.611723308 1.525989509 2.11058971 "Noun" 405 0.995085995 3.90355745 1 7 3 13 1 "high"
"1279" 13326 13325 "point" 48866 12063 5202 11289 5072 236.5294118 4.081491329 62.01716738 3.716253826 "Noun" 10826 0.898423237 5.373325471 1 40.75 5 3 1 "high"
"1281" 13340 13339 "pole" 48914 642 394 434 311 12.58823529 2.808210973 4.697186457 2.596597096 "Noun" 636 1 4.100045115 1 32.67 4 15 1 "high"
"1289" 13421 13420 "pool" 49145 2396 1200 2311 1180 46.98039216 3.379668034 14.30615165 3.079543007 "Noun" 2381 0.994985374 4.671502176 1 30.33 4 9 1 "high"
"1290" 13427 13426 "pope" 49171 546 246 142 76 10.70588235 2.737987326 2.932761087 2.392696953 "Noun" 443 0.811355311 4.029821468 1 21.33 4 13 1 "high"
"1292" 13440 13439 "porch" 49219 491 336 480 334 9.62745098 2.691965103 4.005722461 2.527629901 "Noun" 491 1 3.983799245 1 41.25 5 4 1 "high"
"1293" 13446 13445 "pork" 49231 537 316 438 282 10.52941176 2.730782276 3.7672866 2.501059262 "Noun" 531 0.992523364 4.022616418 1 28 4 8 1 "high"
"1300" 13533 13532 "pound" 49530 708 493 671 475 13.88235294 2.850646235 5.877443968 2.693726949 "Noun" 553 0.782178218 4.142480377 1 37 5 7 1 "high"
"1306" 13588 13587 "precision" 49714 150 117 142 115 2.941176471 2.178976947 1.394849785 2.071882007 "Noun" 150 1 3.470811089 3 92.5 9 0 1 "low"
"1309" 13607 13606 "prejudice" 49850 163 132 144 122 3.196078431 2.214843848 1.573676681 2.123851641 "Noun" 146 0.895705521 3.50667799 3 50.75 9 0 1 "low"
"1312" 13641 13640 "press" 50017 3070 1683 2707 1520 60.19607843 3.487279816 20.06437768 3.226342087 "Noun" 2004 0.652981427 4.779113959 1 28.75 5 4 1 "high"
"1314" 13663 13662 "prey" 50137 281 211 258 202 5.509803922 2.450249108 2.515498331 2.326335861 "Noun" 247 0.882142857 3.74208325 1 10.33 4 3 1 "high"
"1315" 13665 13664 "price" 50146 2722 1644 2375 1561 53.37254902 3.435047641 19.59942775 3.216165902 "Noun" 2436 0.895588235 4.726881783 1 38.75 5 5 1 "high"
"1316" 13671 13670 "pride" 50162 1411 936 1221 881 27.66666667 3.149834697 11.15879828 2.971739591 "Noun" 1301 0.924005682 4.441668839 1 35 5 5 1 "high"
"1317" 13672 13671 "priest" 50169 1336 522 1194 477 26.19607843 3.126131407 6.223175966 2.718501689 "Noun" 1328 0.996996997 4.417965549 1 55.2 6 1 1 "high"
"1318" 13688 13687 "prince" 50216 2299 689 979 396 45.07843137 3.361727836 8.214115403 2.838849091 "Noun" 2269 0.988240418 4.653561978 1 54 6 1 1 "high"
"1321" 13696 13695 "print" 50234 1018 635 922 590 19.96078431 3.008174184 7.570338579 2.803457116 "Noun" 550 0.540806293 4.300008326 1 53.25 5 2 1 "high"
"1332" 13775 13774 "projection" 50524 107 78 98 73 2.098039216 2.033423755 0.929899857 1.897627091 "Noun" 106 1 3.325257898 3 138.44 10 1 1 "low"
"1333" 13781 13780 "prom" 50548 906 321 857 309 17.76470588 2.957607287 3.826895565 2.507855872 "Noun" 910 1 4.249441429 1 12 4 8 1 "high"
"1335" 13798 13797 "proof" 50618 1754 1111 1659 1077 34.39215686 3.244277121 13.24511206 3.046104787 "Noun" 1723 0.98288648 4.536111263 1 32.75 5 0 1 "high"
"1344" 13851 13850 "protocol" 50818 382 265 360 258 7.490196078 2.583198774 3.159275155 2.424881637 "Noun" 382 1 3.875032916 3 49 8 0 1 "high"
"1346" 13861 13860 "provider" 50866 74 67 67 64 1.450980392 1.875061263 0.798760134 1.832508913 "Noun" 74 1 3.166895406 3 82.86 8 2 1 "low"
"1349" 13902 13901 "publicist" 51073 97 65 97 65 1.901960784 1.991226076 0.774916547 1.819543936 "Noun" 96 1 3.283060218 3 46.63 9 0 1 "low"
"1350" 13906 13905 "publisher" 51084 230 147 217 140 4.509803922 2.36361198 1.752503577 2.170261715 "Noun" 230 1 3.655446122 3 47.13 9 2 1 "high"
"1355" 13934 13933 "pulse" 51188 1200 530 823 474 23.52941176 3.079543007 6.31855031 2.725094521 "Noun" 1197 1 4.37137715 1 27.25 5 1 1 "high"
"1358" 13944 13943 "punch" 51223 1514 943 1318 857 29.68627451 3.180412633 11.24225083 2.974971994 "Noun" 752 0.496369637 4.472246775 1 34.5 5 5 1 "high"
"1360" 13953 13952 "punk" 51268 1121 643 1006 597 21.98039216 3.049992857 7.665712923 2.808885867 "Noun" 1116 0.998211091 4.341826999 1 23.33 4 10 1 "high"
"1370" 14085 14084 "queen" 51675 2789 1188 1681 825 54.68627451 3.445604203 14.16309013 3.075181855 "Noun" 2735 0.982046679 4.737438345 1 27 5 1 1 "high"
"1374" 14142 14141 "race" 51896 3157 1154 3014 1121 61.90196078 3.499412126 13.75774917 3.062581984 "Noun" 2696 0.864102564 4.791246268 1 22 4 14 1 "high"
"1380" 14196 14195 "raid" 52043 436 280 410 262 8.549019608 2.640481437 3.338102051 2.44870632 "Noun" 353 0.80778032 3.932315579 1 25 4 7 1 "high"
"1382" 14209 14208 "rain" 52067 2494 1446 2243 1335 48.90196078 3.39707055 17.23891273 3.160468531 "Noun" 2135 0.857429719 4.688904692 1 27.67 4 10 1 "high"
"1388" 14267 14266 "rap" 52237 665 429 609 408 13.03921569 2.823474229 5.114449213 2.633468456 "Noun" 495 0.747734139 4.115308371 1 9.5 3 19 1 "high"
"1397" 14348 14347 "realm" 52557 238 155 196 144 4.666666667 2.378397901 1.847877921 2.193124598 "Noun" 238 1 3.670232043 1 39.75 5 1 1 "high"
"1420" 14536 14535 "relative" 53669 397 324 384 318 7.784313725 2.599883072 3.862660944 2.511883361 "Noun" 260 0.656565657 3.891717214 3 106.43 8 0 1 "high"
"1423" 14558 14557 "remainder" 53774 77 71 76 70 1.509803922 1.892094603 0.846447306 1.857332496 "Noun" 77 1 3.183928745 3 77.63 9 0 1 "low"
"1426" 14574 14573 "removal" 53873 105 94 98 88 2.058823529 2.025305865 1.120648546 1.977723605 "Noun" 105 1 3.317140007 3 58.83 7 0 1 "low"
"1428" 14592 14591 "rent" 53945 1762 1062 1690 1029 34.54901961 3.246252312 12.66094421 3.026533265 "Noun" 990 0.562819784 4.538086454 1 22 4 12 1 "high"
"1431" 14661 14660 "resentment" 54321 76 69 73 67 1.490196078 1.886490725 0.82260372 1.84509804 "Noun" 76 1 3.178324867 3 71.33 10 0 1 "low"
"1437" 14700 14699 "rest" 54471 10861 5142 10547 5082 212.9607843 4.035909798 61.3018598 3.711216524 "Noun" 9099 0.838154016 5.327743941 1 22 4 11 1 "high"
"1444" 14804 14803 "rib" 55002 301 214 264 198 5.901960784 2.480006943 2.55126371 2.33243846 "Noun" 298 0.990033223 3.771841085 1 5.5 3 11 1 "high"
"1445" 14819 14818 "ride" 55060 6904 3116 6576 3054 135.372549 3.839163683 37.14830711 3.493736802 "Noun" 3910 0.566830965 5.130997825 1 17.67 4 14 1 "high"
"1448" 14838 14837 "rig" 55106 440 268 384 251 8.62745098 2.644438589 3.195040534 2.42975228 "Noun" 257 0.585421412 3.936272732 1 6.5 3 13 1 "high"
"1463" 14961 14960 "roof" 55527 1818 1148 1766 1120 35.64705882 3.259832699 13.68621841 3.060320029 "Noun" 1815 0.998899285 4.551666841 1 28.33 4 7 1 "high"
"1464" 14973 14972 "room" 55546 22415 6251 21385 6167 439.5098039 4.350558118 74.52312828 3.796018969 "Noun" 22338 0.998034135 5.64239226 1 29.33 4 9 1 "high"
"1465" 14981 14980 "root" 55568 534 382 473 357 10.47058824 2.728353782 4.55412494 2.583198774 "Noun" 469 0.878277154 4.020187924 1 33.33 4 14 1 "high"
"1466" 14990 14989 "rose" 55599 2704 831 689 462 53.01960784 3.432167269 9.907010014 2.920123326 "Noun" 1295 0.47962963 4.724001412 1 22.67 4 14 1 "high"
"1469" 15022 15021 "route" 55725 1089 751 901 651 21.35294118 3.037426498 8.953266571 2.876217841 "Noun" 873 0.803127875 4.32926064 1 36 5 2 1 "high"
"1470" 15030 15029 "row" 55743 1343 882 1176 827 26.33333333 3.128399269 10.51502146 2.945960704 "Noun" 1094 0.815809098 4.420233411 1 8 3 15 1 "high"
"1473" 15066 15065 "rule" 55864 2455 1533 2194 1453 48.1372549 3.390228362 18.27610873 3.18582536 "Noun" 1777 0.723534202 4.682062505 1 23.33 4 5 1 "high"
"1477" 15101 15100 "rush" 55956 1602 1231 1503 1177 31.41176471 3.204933522 14.67572723 3.090610708 "Noun" 852 0.532167395 4.496767664 1 22.67 4 10 1 "high"
"1485" 15171 15170 "sake" 56195 3272 2130 3235 2122 64.15686275 3.514946005 25.39341917 3.32858345 "Noun" 3263 1 4.806780147 1 18.33 4 15 1 "high"
"1488" 15183 15182 "sale" 56217 1295 915 1270 907 25.39215686 3.112605002 10.90844063 2.961895474 "Noun" 1288 0.996904025 4.404439144 1 29.67 4 17 1 "high"
"1490" 15200 15199 "salt" 56265 995 612 753 515 19.50980392 2.998259338 7.296137339 2.787460475 "Noun" 883 0.889224572 4.290093481 1 26.33 4 4 1 "high"
"1493" 15228 15227 "sanctity" 56368 84 75 84 75 1.647058824 1.929418926 0.894134478 1.880813592 "Noun" 84 1 3.221253068 3 98.71 8 0 1 "low"
"1499" 15285 15284 "sauce" 56589 795 492 776 486 15.58823529 2.900913068 5.865522175 2.692846919 "Noun" 794 1 4.19274721 1 25 5 1 1 "high"
"1505" 15355 15354 "scarf" 56823 239 165 235 163 4.68627451 2.380211242 1.967095851 2.220108088 "Noun" 239 1 3.672045384 1 27 5 3 1 "high"
"1506" 15366 15365 "scene" 56870 3807 1771 3710 1754 74.64705882 3.58069694 21.11349547 3.248463718 "Noun" 3808 1 4.872531082 1 20.25 5 2 1 "high"
"1508" 15370 15369 "scent" 56876 304 236 291 228 5.960784314 2.484299839 2.813543157 2.374748346 "Noun" 298 0.980263158 3.776133981 1 22.5 5 3 1 "high"
"1509" 15377 15376 "scheme" 56900 370 296 365 294 7.254901961 2.56937391 3.528850739 2.472756449 "Noun" 354 0.956756757 3.861208052 1 15.2 6 1 1 "high"
"1511" 15395 15394 "school" 56969 16989 4531 15967 4447 333.1176471 4.230193379 54.01764425 3.656289901 "Noun" 16973 0.998529239 5.522027521 1 15 6 0 1 "high"
"1514" 15430 15429 "scope" 57072 286 193 270 182 5.607843137 2.457881897 2.300906056 2.28780173 "Noun" 285 1 3.749716039 1 18.5 5 3 1 "high"
"1515" 15433 15432 "score" 57083 1552 977 1459 931 30.43137255 3.191171456 11.6475918 2.990338855 "Noun" 969 0.625564881 4.483005598 1 27.25 5 9 1 "high"
"1520" 15471 15470 "screech" 57203 318 91 96 62 6.235294118 2.503790683 1.084883166 1.963787827 "Noun" 288 0.911392405 3.795624825 1 27.17 7 0 1 "high"
"1521" 15473 15472 "screen" 57209 1193 766 1152 749 23.39215686 3.077004327 9.132093467 2.884795364 "Noun" 1125 0.947767481 4.368838469 1 43.6 6 1 1 "high"
"1522" 15487 15486 "script" 57257 1000 404 916 338 19.60784314 3.000434077 4.816404387 2.607455023 "Noun" 996 0.996 4.29226822 1 29.6 6 0 1 "high"
"1524" 15511 15510 "sea" 57396 3052 1353 2548 1188 59.84313725 3.484726804 16.13018598 3.131618664 "Noun" 3058 0.999019928 4.776560946 1 5.5 3 10 1 "high"
"1525" 15534 15533 "search" 57448 2467 1549 2172 1412 48.37254902 3.392345155 18.46685742 3.190331698 "Noun" 1387 0.562449311 4.684179298 1 59.4 6 1 1 "high"
"1531" 15608 15607 "self" 57706 722 534 682 510 14.15686275 2.859138297 6.366237482 2.728353782 "Noun" 711 0.99301676 4.150972439 1 18.33 4 2 1 "high"
"1536" 15650 15649 "sense" 57843 6722 3839 6671 3825 131.8039216 3.827563111 45.76776347 3.584331224 "Noun" 6247 0.930443849 5.119397253 1 33.25 5 2 1 "high"
"1542" 15746 15745 "shaft" 58192 393 204 253 178 7.705882353 2.595496222 2.43204578 2.311753861 "Noun" 368 0.936386768 3.887330364 1 28.75 5 2 1 "high"
"1544" 15758 15757 "shame" 58247 2120 1519 1793 1365 41.56862745 3.326540669 18.10920362 3.181843588 "Noun" 1959 0.927556818 4.618374811 1 33.5 5 6 1 "high"
"1545" 15771 15770 "shape" 58285 1542 1189 1509 1172 30.23529412 3.188365926 14.17501192 3.075546961 "Noun" 1424 0.924675325 4.480200068 1 32 5 6 1 "high"
"1551" 15825 15824 "shift" 58481 1164 793 1097 758 22.82352941 3.066325925 9.453981879 2.899820502 "Noun" 814 0.699312715 4.358160068 1 30.5 5 3 1 "high"
"1553" 15863 15862 "shock" 58624 1468 1085 1402 1053 28.78431373 3.167021796 12.93514545 3.035829825 "Noun" 1296 0.882833787 4.458855938 1 37.5 5 4 1 "high"
"1554" 15867 15866 "shoe" 58637 1550 893 1450 862 30.39215686 3.190611798 10.64616118 2.951337519 "Noun" 1499 0.970226537 4.48244594 1 10 4 6 1 "high"
"1555" 15880 15879 "shop" 58684 2731 1613 2564 1545 53.54901961 3.436480695 19.22985217 3.20790353 "Noun" 2492 0.913489736 4.728314837 1 13 4 9 1 "high"
"1559" 15943 15942 "shrink" 58869 577 380 550 368 11.31372549 2.761927838 4.530281354 2.580924976 "Noun" 438 0.757785467 4.053761981 1 84.4 6 4 1 "high"
"1560" 15972 15971 "side" 59005 10247 4725 9820 4646 200.9215686 4.010639117 56.3304721 3.674493717 "Noun" 10173 0.993748168 5.302473259 1 17.67 4 11 1 "high"
"1563" 15990 15989 "sight" 59085 2311 1677 2259 1665 45.31372549 3.36398783 19.99284692 3.224791956 "Noun" 2265 0.980519481 4.655821972 1 18.75 5 9 1 "high"
"1567" 16030 16029 "silverware" 59196 109 86 105 84 2.137254902 2.041392685 1.025274201 1.939519253 "Noun" 107 0.981651376 3.333226827 3 28.33 10 0 1 "low"
"1575" 16112 16111 "skill" 59511 404 327 399 325 7.921568627 2.607455023 3.898426323 2.515873844 "Noun" 404 1 3.899289165 1 22.75 5 4 1 "high"
"1576" 16118 16117 "skin" 59533 2246 1532 2148 1495 44.03921569 3.351603072 18.26418693 3.185542155 "Noun" 2114 0.941228851 4.643437215 1 11 4 7 1 "high"
"1580" 16151 16150 "slack" 59639 302 257 287 251 5.921568627 2.481442629 3.063900811 2.411619706 "Noun" 250 0.82781457 3.773276771 1 45.5 5 7 1 "high"
"1584" 16192 16191 "slice" 59818 435 357 396 333 8.529411765 2.639486489 4.256080114 2.553883027 "Noun" 273 0.627586207 3.931320631 1 33.75 5 4 1 "high"
"1585" 16195 16194 "slick" 59823 350 263 240 218 6.862745098 2.545307116 3.135431569 2.421603927 "Noun" 189 0.541547278 3.837141259 1 36.75 5 6 1 "high"
"1593" 16231 16230 "slug" 59984 253 189 228 177 4.960784314 2.404833717 2.253218884 2.278753601 "Noun" 182 0.719367589 3.696667859 1 15 4 8 1 "high"
"1595" 16262 16261 "smile" 60112 2958 1775 2408 1538 58 3.471144965 21.16118264 3.249442961 "Noun" 1613 0.544932432 4.762979107 1 26.75 5 2 1 "high"
"1599" 16323 16322 "snow" 60427 1599 773 1255 675 31.35294118 3.204119983 9.215546018 2.888740961 "Noun" 1172 0.733876018 4.495954125 1 9 4 6 1 "high"
"1605" 16407 16406 "son" 60775 20949 5145 18329 4838 410.7647059 4.321184027 61.33762518 3.711469782 "Noun" 20864 0.999520935 5.613018169 1 7.5 3 15 1 "high"
"1610" 16455 16454 "source" 60953 1437 812 1131 777 28.17647059 3.157758886 9.680495947 2.910090546 "Noun" 1435 0.998608212 4.449593028 1 35.4 6 0 1 "high"
"1611" 16459 16458 "south" 60973 3288 1693 1411 961 64.47058824 3.517063873 20.18359561 3.228913406 "Noun" 2810 0.856707317 4.808898016 1 33.5 5 2 1 "high"
"1625" 16538 16537 "speech" 61259 1940 1090 1823 1050 38.03921569 3.288025535 12.99475441 3.037824751 "Noun" 1936 1 4.579859678 1 36.8 6 0 1 "high"
"1634" 16619 16618 "sport" 61611 1015 665 939 643 19.90196078 3.006893708 7.92799237 2.823474229 "Noun" 1015 0.996074583 4.29872785 1 29.25 5 5 1 "high"
"1635" 16624 16623 "spot" 61631 3140 2029 2972 1987 61.56862745 3.497067936 24.18931807 3.307496038 "Noun" 2685 0.85645933 4.788902079 1 11.33 4 7 1 "high"
"1639" 16640 16639 "spring" 61680 1597 1027 1345 910 31.31372549 3.203576775 12.24368145 3.011993115 "Noun" 1374 0.861442006 4.495410917 1 116.2 6 5 1 "high"
"1641" 16661 16660 "spy" 61762 1023 515 917 493 20.05882353 3.010299957 6.139723414 2.712649702 "Noun" 856 0.837573386 4.302134099 1 1.5 3 6 1 "high"
"1652" 16726 16725 "stake" 62001 847 666 819 652 16.60784314 2.928395852 7.939914163 2.824125834 "Noun" 634 0.749408983 4.220229994 1 34 5 9 1 "high"
"1655" 16784 16783 "starvation" 62158 75 69 67 62 1.470588235 1.880813592 0.82260372 1.84509804 "Noun" 75 1 3.172647734 3 132.22 10 0 1 "low"
"1657" 16786 16785 "state" 62169 5500 2669 3976 2195 107.8431373 3.740441645 31.81926562 3.426511261 "Noun" 4740 0.861974905 5.032275787 1 42 5 8 1 "high"
"1660" 16827 16826 "steel" 62281 941 545 790 496 18.45098039 2.974050903 6.497377206 2.737192643 "Noun" 880 0.936170213 4.265885045 1 41.25 5 4 1 "high"
"1661" 16835 16834 "stem" 62322 114 95 112 93 2.235294118 2.06069784 1.132570339 1.982271233 "Noun" 83 0.728070175 3.352531982 1 7.67 4 4 1 "low"
"1663" 16842 16841 "stepfather" 62355 151 89 139 86 2.960784314 2.181843588 1.06103958 1.954242509 "Noun" 151 1 3.47367773 3 46.67 10 0 1 "low"
"1670" 16903 16902 "stock" 62576 1300 775 1228 742 25.49019608 3.114277297 9.239389604 2.889861721 "Noun" 1267 0.977623457 4.406111439 1 38.5 5 6 1 "high"
"1673" 16934 16933 "store" 62698 4178 2145 4040 2095 81.92156863 3.621072371 25.57224607 3.331629718 "Noun" 3998 0.958523136 4.912906513 1 40.5 5 13 1 "high"
"1679" 16977 16976 "straw" 62856 318 246 292 232 6.235294118 2.503790683 2.932761087 2.392696953 "Noun" 317 0.996855346 3.795624825 1 25.75 5 3 1 "high"
"1681" 16984 16983 "stream" 62872 410 294 357 270 8.039215686 2.613841822 3.505007153 2.469822016 "Noun" 382 0.93627451 3.905675964 1 46.4 6 2 1 "high"
"1682" 16988 16987 "street" 62886 7557 3411 5281 2861 148.1764706 3.878406888 40.66523605 3.533009022 "Noun" 7532 0.998144712 5.17024103 1 60.4 6 0 1 "high"
"1683" 16993 16992 "strength" 62903 1883 1235 1825 1212 36.92156863 3.275080898 14.7234144 3.092018471 "Noun" 1883 1 4.566915041 1 53.86 8 0 1 "high"
"1684" 16997 16996 "stress" 62917 796 583 755 560 15.60784314 2.901458321 6.950405341 2.766412847 "Noun" 677 0.850502513 4.193292464 1 53 6 0 1 "high"
"1688" 17017 17016 "strip" 62989 800 596 610 480 15.68627451 2.903632516 7.10538865 2.775974331 "Noun" 578 0.720698254 4.195466658 1 24.75 5 1 1 "high"
"1691" 17049 17048 "stud" 63098 354 269 321 250 6.941176471 2.550228353 3.206962327 2.431363764 "Noun" 245 0.698005698 3.842062495 1 7 4 2 1 "high"
"1693" 17057 17056 "stuff" 63114 15653 5429 15337 5392 306.9215686 4.194625329 64.7234144 3.73479983 "Noun" 14883 0.951111963 5.486459472 1 26 5 4 1 "high"
"1696" 17067 17066 "stunt" 63146 469 291 447 289 9.196078431 2.672097858 3.469241774 2.465382851 "Noun" 397 0.850107066 3.963932 1 39.25 5 2 1 "high"
"1697" 17075 17074 "style" 63184 1534 1106 1474 1087 30.07843137 3.18610838 13.1855031 3.044147621 "Noun" 1528 0.995439739 4.477942522 1 30.5 5 3 1 "high"
"1700" 17137 17136 "successor" 63501 85 67 84 67 1.666666667 1.934498451 0.798760134 1.832508913 "Noun" 85 1 3.226332593 3 41.38 9 0 1 "low"
"1703" 17165 17164 "suit" 63621 3499 1942 3188 1762 68.60784314 3.544068044 23.15212208 3.288472801 "Noun" 2789 0.798454051 4.835902186 1 13.33 4 5 1 "high"
"1704" 17168 17167 "suite" 63627 849 442 743 409 16.64705882 2.929418926 5.269432523 2.646403726 "Noun" 826 0.972909305 4.221253068 1 26.25 5 4 1 "high"
"1705" 17185 17184 "sum" 63673 523 358 419 339 10.25490196 2.719331287 4.268001907 2.555094449 "Noun" 452 0.879377432 4.011165429 1 5.5 3 9 1 "high"
"1717" 17308 17307 "swamp" 64222 458 204 363 159 8.980392157 2.661812686 2.43204578 2.311753861 "Noun" 417 0.914473684 3.953646828 1 21.75 5 2 1 "high"
"1729" 17442 17441 "tag" 64743 708 481 544 418 13.88235294 2.850646235 5.734382451 2.683047038 "Noun" 372 0.525423729 4.142480377 1 9.5 3 18 1 "high"
"1732" 17468 17467 "talisman" 64832 74 27 73 27 1.450980392 1.875061263 0.321888412 1.447158031 "Noun" 74 1 3.166895406 3 42 8 0 1 "low"
"1737" 17508 17507 "tape" 64990 3511 1484 3394 1440 68.84313725 3.545554507 17.69194087 3.171726454 "Noun" 3221 0.918448817 4.837388649 1 18 4 10 1 "high"
"1741" 17540 17539 "taste" 65093 2617 1825 2488 1770 51.31372549 3.417969642 21.75727229 3.261500773 "Noun" 1732 0.661068702 4.709803784 1 37.75 5 6 1 "high"
"1743" 17564 17563 "tea" 65193 2990 1407 2668 1322 58.62745098 3.475816413 16.7739628 3.148602655 "Noun" 2989 0.999665552 4.767650555 1 4.5 3 7 1 "high"
"1744" 17572 17571 "team" 65216 7528 2623 6765 2473 147.6078431 3.876737297 31.27086314 3.418963831 "Noun" 7263 0.967497003 5.168571439 1 31.67 4 9 1 "high"
"1749" 17608 17607 "teeth" 65331 2440 1626 2353 1598 47.84313725 3.387567779 19.38483548 3.211387553 "Noun" 2433 0.997949139 4.679401922 1 29.5 5 1 1 "high"
"1757" 17688 17687 "terminal" 65606 390 249 330 211 7.647058824 2.592176757 2.968526466 2.397940009 "Noun" 253 0.648717949 3.8840109 3 66.14 8 0 1 "high"
"1759" 17707 17706 "testament" 65692 120 100 63 56 2.352941176 2.08278537 1.192179304 2.004321374 "Noun" 120 1 3.374619512 3 72.13 9 0 1 "low"
"1761" 17733 17732 "thanks" 65788 31789 7149 7764 4235 623.3137255 4.502290528 85.22889843 3.854306042 "Noun" 31251 0.984376477 5.79412467 1 47.8 6 2 1 "high"
"1764" 17740 17739 "theft" 65826 344 291 317 275 6.745098039 2.537819095 3.469241774 2.465382851 "Noun" 343 1 3.829653237 1 18 5 0 1 "high"
"1765" 17742 17741 "theme" 65836 710 449 657 418 13.92156863 2.851869601 5.352885074 2.653212514 "Noun" 708 0.997183099 4.143703743 1 19.5 5 3 1 "high"
"1770" 17778 17777 "thing" 65978 55522 8058 55245 8057 1088.666667 4.744472924 96.0658083 3.906281156 "Noun" 55460 0.999603475 6.036307066 1 44.75 5 5 1 "high"
"1774" 17812 17811 "throat" 66136 1837 1239 1668 1182 36.01960784 3.264345507 14.77110157 3.093421685 "Noun" 1833 1 4.556179649 1 27.4 6 1 1 "high"
"1780" 17855 17854 "tide" 66311 375 279 359 270 7.352941176 2.575187845 3.326180258 2.447158031 "Noun" 376 1 3.867021987 1 18 4 12 1 "high"
"1782" 17882 17881 "time" 66411 99890 8308 96603 8303 1958.627451 4.999526361 99.04625656 3.919548759 "Noun" 98420 0.986162463 6.291360503 1 15.67 4 9 1 "high"
"1783" 17889 17888 "timetable" 66431 82 68 80 66 1.607843137 1.919078092 0.810681927 1.838849091 "Noun" 82 1 3.210912235 3 44.38 9 0 1 "low"
"1785" 17910 17909 "tip" 66493 1409 1031 1326 995 27.62745098 3.149219113 12.29136862 3.013679697 "Noun" 1048 0.744847193 4.441053255 1 7.5 3 15 1 "high"
"1787" 17937 17936 "toast" 66594 1707 1104 1614 1063 33.47058824 3.232487866 13.16165951 3.043362278 "Noun" 1420 0.834312573 4.524322008 1 34.25 5 3 1 "high"
"1791" 17985 17984 "ton" 66747 382 320 334 306 7.490196078 2.583198774 3.814973772 2.506505032 "Noun" 380 1 3.875032916 1 8.5 3 18 1 "high"
"1792" 17987 17986 "tone" 66751 860 640 781 604 16.8627451 2.935003151 7.629947544 2.80685803 "Noun" 727 0.845348837 4.226837294 1 29.67 4 15 1 "high"
"1793" 17991 17990 "tongue" 66762 1589 1117 1524 1093 31.15686275 3.201397124 13.31664282 3.048441804 "Noun" 1565 0.990506329 4.493231266 1 32 6 0 1 "high"
"1796" 18014 18013 "top" 66835 6805 3606 6080 3440 133.4313725 3.832891945 42.98998569 3.557146142 "Noun" 3655 0.537420968 5.124726087 1 9.5 3 19 1 "high"
"1799" 18075 18074 "tournament" 67044 464 157 409 140 9.098039216 2.667452953 1.871721507 2.198657087 "Noun" 469 1 3.959287095 3 44.67 10 0 1 "high"
"1800" 18084 18083 "tow" 67064 295 196 273 183 5.784313725 2.471291711 2.336671435 2.294466226 "Noun" 175 0.593220339 3.763125853 1 10.5 3 19 1 "high"
"1801" 18089 18088 "town" 67084 12644 4116 12250 4047 247.9215686 4.101918834 49.07010014 3.614580867 "Noun" 12608 0.997468354 5.393752976 1 19 4 5 1 "high"
"1802" 18101 18100 "toy" 67113 859 562 774 536 16.84313725 2.934498451 6.700047687 2.750508395 "Noun" 793 0.919953596 4.226332593 1 7.5 3 15 1 "high"
"1803" 18104 18103 "trace" 67128 989 699 860 646 19.39215686 2.995635195 8.333333333 2.84509804 "Noun" 518 0.524291498 4.287469337 1 47.25 5 7 1 "high"
"1804" 18109 18108 "track" 67143 2843 1772 2720 1710 55.74509804 3.453929592 21.12541726 3.248708736 "Noun" 2068 0.729968232 4.745763734 1 50.25 5 6 1 "high"
"1815" 18194 18193 "treachery" 67527 96 72 85 67 1.882352941 1.986771734 0.858369099 1.86332286 "Noun" 97 1 3.278605876 3 63.13 9 0 1 "low"
"1817" 18212 18211 "tree" 67565 3315 1622 3093 1551 65 3.520614522 19.33714831 3.21031852 "Noun" 3270 0.986127865 4.812448664 1 11 4 4 1 "high"
"1820" 18238 18237 "tribe" 67659 325 192 321 191 6.37254902 2.5132176 2.288984263 2.285557309 "Noun" 326 1 3.805051742 1 31 5 4 1 "high"
"1821" 18251 18250 "trick" 67685 2411 1526 2215 1455 47.2745098 3.382377303 18.19265618 3.183839037 "Noun" 1919 0.796596098 4.674211446 1 45.25 5 7 1 "high"
"1824" 18301 18300 "troop" 67874 296 138 194 119 5.803921569 2.472756449 1.645207439 2.1430148 "Noun" 296 1 3.764590591 1 37.5 5 1 1 "high"
"1827" 18319 18318 "trout" 67929 205 112 148 94 4.019607843 2.31386722 1.33524082 2.053078443 "Noun" 198 0.965853659 3.605701363 1 36.25 5 0 1 "low"
"1832" 18354 18353 "tube" 68057 838 455 785 435 16.43137255 2.923761961 5.424415832 2.658964843 "Noun" 838 1 4.215596103 1 8.67 4 3 1 "high"
"1840" 18460 18459 "twist" 68396 643 464 553 418 12.60784314 2.808885867 5.531711969 2.667452953 "Noun" 328 0.510903427 4.10072001 1 21.5 5 0 1 "high"
"1841" 18469 18468 "type" 68434 3093 1917 2962 1865 60.64705882 3.490520309 22.85407725 3.282848603 "Noun" 2985 0.965706891 4.782354452 1 7 4 3 1 "high"
"1847" 18540 18539 "unicorn" 69499 126 37 99 33 2.470588235 2.103803721 0.441106342 1.579783597 "Noun" 125 0.992063492 3.395637863 3 32.67 7 0 1 "low"
"1851" 18605 18604 "urgency" 70513 73 66 73 66 1.431372549 1.86923172 0.78683834 1.826074803 "Noun" 73 1 3.161065862 3 21.83 7 0 1 "low"
"1876" 18827 18826 "view" 71300 1965 1412 1904 1376 38.52941176 3.293583513 16.83357177 3.150142162 "Noun" 1724 0.876461617 4.585417656 1 13.67 4 1 1 "high"
"1880" 18915 18914 "vitamin" 71519 136 101 117 87 2.666666667 2.136720567 1.204101097 2.008600172 "Noun" 136 1 3.428554709 3 27.33 7 0 1 "low"
"1882" 18933 18932 "voice" 71594 4394 2396 4207 2340 86.15686275 3.642958879 28.56461612 3.379668034 "Noun" 4246 0.966757741 4.934793022 1 21 5 0 1 "high"
"1885" 18962 18961 "vow" 71694 276 200 267 195 5.411764706 2.442479769 2.384358608 2.303196057 "Noun" 205 0.742753623 3.734313911 1 6.5 3 11 1 "high"
"1888" 18998 18997 "waist" 71826 262 220 254 216 5.137254902 2.419955748 2.622794468 2.344392274 "Noun" 261 1 3.711789891 1 35.5 5 2 1 "high"
"1889" 19014 19013 "wall" 71883 3605 2105 3219 1953 70.68627451 3.557025722 25.09537434 3.323458367 "Noun" 3383 0.939200444 4.848859865 1 38.33 4 12 1 "high"
"1893" 19044 19043 "war" 71974 8912 2546 7448 2218 174.745098 3.950023907 30.35288507 3.406028945 "Noun" 8905 0.999663224 5.241858049 1 8.5 3 15 1 "high"
"1894" 19048 19047 "ward" 71982 727 401 432 318 14.25490196 2.862131379 4.780639008 2.604226053 "Noun" 438 0.604137931 4.153965521 1 36.33 4 15 1 "high"
"1900" 19128 19127 "wave" 72211 1084 680 932 592 21.25490196 3.035429738 8.106819266 2.833147112 "Noun" 824 0.76155268 4.32726388 1 21.67 4 14 1 "high"
"1902" 19132 19131 "way" 72241 72661 8222 71259 8206 1424.72549 4.861307348 98.02098236 3.91503029 "Noun" 71592 0.986237963 6.15314149 1 10 3 20 1 "high"
"1904" 19148 19147 "weatherman" 72314 107 42 71 32 2.098039216 2.033423755 0.500715308 1.633468456 "Noun" 94 0.878504673 3.325257898 3 30.56 10 0 1 "low"
"1905" 19152 19151 "web" 72326 470 288 324 195 9.215686275 2.673020907 3.433476395 2.460897843 "Noun" 470 1 3.964855049 1 3 3 4 1 "high"
"1907" 19164 19163 "week" 72367 12164 5024 12051 5001 238.5098039 4.085112113 59.89508822 3.701136066 "Noun" 12155 1 5.376946255 1 24 4 7 1 "high"
"1909" 19195 19194 "west" 72506 3088 1571 1122 762 60.54901961 3.489817908 18.72913686 3.196452542 "Noun" 2685 0.873170732 4.78165205 1 23.33 4 14 1 "high"
"1917" 19310 19309 "wind" 73064 3028 1818 2731 1702 59.37254902 3.481299273 21.67381974 3.259832699 "Noun" 2336 0.772742309 4.773133415 1 32 4 12 1 "high"
"1918" 19325 19324 "wine" 73114 3078 1518 2905 1470 60.35294118 3.488409689 18.09728183 3.181557774 "Noun" 3073 1 4.780243831 1 35 4 21 1 "high"
"1919" 19329 19328 "wing" 73127 1032 581 714 507 20.23529412 3.014100322 6.926561755 2.764922985 "Noun" 928 0.900096993 4.305934464 1 33.67 4 11 1 "high"
"1925" 19400 19399 "wood" 73401 1377 754 1054 664 27 3.139249218 8.98903195 2.877946952 "Noun" 1079 0.791055718 4.43108336 1 26.67 4 8 1 "high"
"1927" 19424 19423 "word" 73480 12013 5147 11452 5030 235.5490196 4.079687628 61.36146876 3.711638538 "Noun" 11955 0.995503372 5.37152177 1 23 4 10 1 "high"
"1928" 19449 19448 "world" 73538 23216 6194 21342 6027 455.2156863 4.365806101 73.84358608 3.792041311 "Noun" 23151 0.999740899 5.657640244 1 24.75 5 1 1 "high"
"1936" 19518 19517 "yard" 73843 1278 776 1093 714 25.05882353 3.106870544 9.251311397 2.890421019 "Noun" 1280 0.998439938 4.398704687 1 27.67 4 7 1 "high"
"1938" 19529 19528 "year" 73890 14174 4981 13091 4891 277.9215686 4.151523068 59.38245112 3.697403723 "Noun" 14154 1 5.44335721 1 29.33 4 11 1 "high"
"1940" 19615 19614 "zone" 74245 1026 622 856 543 20.11764706 3.011570444 7.415355269 2.794488047 "Noun" 1023 1 4.303404586 1 21 4 8 1 "high"
"1941" 19618 19617 "zoo" 74251 696 386 584 347 13.64705882 2.843232778 4.601812113 2.587710965 "Noun" 695 0.998563218 4.13506692 1 4.5 3 7 1 "high"
