numid|f	X|f	Word|s	Unnamed|f	FREQcount|f	Cdcount|f	FREQlow|f	Cdlow|f	SUBLTLWF|f	Lg10WF|f	SUBTLCD|f	Lg10CD|f	Dom_PoS_SUBTLEX|s	Freq_dom_PoS_SUBTLEX|f	Percentage_dom_PoS|f	Zipfvalue|f	cmu_sylls|f	BF_TP|f	LEN_L|f	N|f	Zipfvalue_incl|f	Zipfvalue_cat|s	cond_name|s	cond_code|f	trigger_code|f	len|f	corr_resp|f	fix_code|f	word_code|f	delay_code|f	audioresp_code|f	list|f	list_name|s	file_num|s	jittered_ISI|f	total_time|f
1304	1303	battalion	5103	298	140	181	94	5.8431	2.4757	1.6691	2.1492	Noun	298	1	3.7675	3	89.63	9	0	1	high	high3	2	20	1	2	21	22	23	24	3	list3	list3_1304_battalion_high3	3200	11200
16593	16592	spleen	61492	131	91	113	84	2.5686	2.1206	1.0849	1.9638	Noun	131	1	3.4124	1	40.2	6	0	1	low	low1	3	30	1	2	31	32	33	34	3	list3	list3_16593_spleen_low1	3500	11500
11130	11129	misfortune	40941	136	117	128	116	2.6667	2.1367	1.3948	2.0719	Noun	136	1	3.4286	3	33.56	10	0	1	low	low3	4	40	1	2	41	42	43	44	3	list3	list3_11130_misfortune_low3	3250	11250
17297	17296	suspension	64151	222	152	212	148	4.3529	2.3483	1.8121	2.1847	Noun	222	1	3.6401	3	91.22	10	0	1	low	low3	4	40	1	2	41	42	43	44	3	list3	list3_17297_suspension_low3	3350	11350
9041	9040	insulin	33671	107	56	91	50	2.098	2.0334	0.66762	1.7559	Noun	107	1	3.3253	3	33	7	0	1	low	low3	4	40	1	2	41	42	43	44	3	list3	list3_9041_insulin_low3	3350	11350
4596	4595	decency	16578	236	198	224	193	4.6275	2.3747	2.3605	2.2989	Noun	235	0.99576	3.6666	3	49.67	7	0	1	high	high3	2	20	1	2	21	22	23	24	3	list3	list3_4596_decency_high3	3350	11350
19070	19069	warp	72037	280	68	204	61	5.4902	2.4487	0.81068	1.8388	Noun	163	0.59058	3.7405	1	32.33	4	10	1	high	high1	1	10	1	2	11	12	13	14	3	list3	list3_19070_warp_high1	3450	11450
9055	9054	intellect	33717	109	98	109	98	2.1373	2.0414	1.1683	1.9956	Noun	109	1	3.3332	3	64.75	9	0	1	low	low3	4	40	1	2	41	42	43	44	3	list3	list3_9055_intellect_low3	3400	11400
264	263	alias	1536	208	155	143	112	4.0784	2.3201	1.8479	2.1931	Noun	162	0.77143	3.612	3	21.25	5	1	1	low	low3	4	40	1	2	41	42	43	44	3	list3	list3_264_alias_low3	3350	11350
10288	10287	lottery	37987	344	166	300	160	6.7451	2.5378	1.979	2.2227	Noun	344	1	3.8297	3	108	7	1	1	high	high3	2	20	1	2	21	22	23	24	3	list3	list3_10288_lottery_high3	3300	11300
7211	7210	gasp	26765	88	60	82	55	1.7255	1.9494	0.71531	1.7853	Noun	45	0.50562	3.2412	1	20.67	4	3	1	low	low1	3	30	1	2	31	32	33	34	3	list3	list3_7211_gasp_low1	3300	11300
12000	11999	obsession	44166	289	224	271	217	5.6667	2.4624	2.6705	2.3522	Noun	289	1	3.7542	3	72.63	9	0	1	high	high3	2	20	1	2	21	22	23	24	3	list3	list3_12000_obsession_high3	3350	11350
16364	16363	sodium	60594	126	80	87	59	2.4706	2.1038	0.95374	1.9085	Noun	126	1	3.3956	3	25.8	6	1	1	low	low3	4	40	1	2	41	42	43	44	3	list3	list3_16364_sodium_low3	3450	11450
13541	13540	poverty	49554	221	166	204	153	4.3333	2.3464	1.979	2.2227	Noun	221	1	3.6382	3	47	7	0	1	low	low3	4	40	1	2	41	42	43	44	3	list3	list3_13541_poverty_low3	3300	11300
2841	2840	catering	10055	138	86	113	76	2.7059	2.143	1.0253	1.9395	Noun	86	0.62319	3.4348	3	305.86	8	2	1	low	low3	4	40	1	2	41	42	43	44	3	list3	list3_2841_catering_low3	3300	11300
5192	5191	dome	19417	100	74	82	61	1.9608	2.0043	0.88221	1.8751	Noun	97	0.9798	3.2962	1	18.67	4	12	1	low	low1	3	30	1	2	31	32	33	34	3	list3	list3_5192_dome_low1	3250	11250
14552	14551	religion	53730	707	440	650	415	13.8627	2.85	5.2456	2.6444	Noun	708	1	4.1419	3	87.57	8	0	1	high	high3	2	20	1	2	21	22	23	24	3	list3	list3_14552_religion_high3	3250	11250
15251	15250	sap	56458	178	132	171	128	3.4902	2.2529	1.5737	2.1239	Noun	162	0.90503	3.5447	1	9	3	19	1	low	low1	3	30	1	2	31	32	33	34	3	list3	list3_15251_sap_low1	3450	11450
19229	19228	whim	72682	119	96	117	96	2.3333	2.0792	1.1445	1.9868	Noun	119	1	3.371	1	11	4	5	1	low	low1	3	30	1	2	31	32	33	34	3	list3	list3_19229_whim_low1	3500	11500
16219	16218	slop	59932	94	72	85	68	1.8431	1.9777	0.85837	1.8633	Noun	64	0.68085	3.2696	1	18.67	4	11	1	low	low1	3	30	1	2	31	32	33	34	3	list3	list3_16219_slop_low1	3200	11200
2059	2058	breach	7721	317	220	305	214	6.2157	2.5024	2.6228	2.3444	Noun	274	0.86435	3.7943	1	48.8	6	5	1	high	high1	1	10	1	2	11	12	13	14	3	list3	list3_2059_breach_high1	3300	11300
14357	14356	rear	52592	634	458	590	437	12.4314	2.8028	5.4602	2.6618	Noun	321	0.50631	4.0946	1	32.33	4	14	1	high	high1	1	10	1	2	11	12	13	14	3	list3	list3_14357_rear_high1	3300	11300
11082	11081	mink	40771	189	77	123	70	3.7059	2.2788	0.91798	1.8921	Noun	189	1	3.5706	1	31.33	4	13	1	low	low1	3	30	1	2	31	32	33	34	3	list3	list3_11082_mink_low1	3450	11450
18660	18659	valve	70759	247	138	227	133	4.8431	2.3945	1.6452	2.143	Noun	246	1	3.6863	1	23.25	5	3	1	high	high1	1	10	1	2	11	12	13	14	3	list3	list3_18660_valve_high1	3400	11400
9834	9833	lease	36706	320	201	315	200	6.2745	2.5065	2.3963	2.3054	Noun	288	0.8972	3.7983	1	51.25	5	5	1	high	high1	1	10	1	2	11	12	13	14	3	list3	list3_9834_lease_high1	3500	11500
5377	5376	drip	19974	261	168	228	165	5.1176	2.4183	2.0029	2.2279	Noun	177	0.67816	3.7101	1	13.33	4	3	1	high	high1	1	10	1	2	11	12	13	14	3	list3	list3_5377_drip_high1	3500	11500
12988	12987	phrase	47858	464	360	460	357	9.098	2.6675	4.2918	2.5575	Noun	429	0.92657	3.9593	1	33	6	0	1	high	high1	1	10	1	2	11	12	13	14	3	list3	list3_12988_phrase_high1	3300	11300
4480	4479	dane	16172	158	48	0	0	3.098	2.2014	0.57225	1.6902	Noun	158	1	3.4932	1	33.33	4	18	1	low	low1	3	30	1	2	31	32	33	34	3	list3	list3_4480_dane_low1	3300	11300
10852	10851	memory	39948	2477	1514	2387	1483	48.5686	3.3941	18.0496	3.1804	Noun	2466	0.99677	4.6859	3	37	6	0	1	high	high3	2	20	1	2	21	22	23	24	3	list3	list3_10852_memory_high3	3400	11400
13528	13527	pouch	49516	87	57	87	57	1.7059	1.9445	0.67954	1.7634	Noun	85	0.97701	3.2363	1	41.25	5	5	1	low	low1	3	30	1	2	31	32	33	34	3	list3	list3_13528_pouch_low1	3200	11200
7283	7282	genetics	26991	90	68	61	54	1.7647	1.959	0.81068	1.8388	Noun	90	1	3.2509	3	67.29	8	0	1	low	low3	4	40	1	2	41	42	43	44	3	list3	list3_7283_genetics_low3	3300	11300
10833	10832	melody	39895	337	139	174	114	6.6078	2.5289	1.6571	2.1461	Noun	337	0.9941	3.8208	3	30.8	6	0	1	high	high3	2	20	1	2	21	22	23	24	3	list3	list3_10833_melody_high3	3500	11500
14236	14235	ramp	52145	147	101	139	98	2.8824	2.1703	1.2041	2.0086	Noun	147	1	3.4621	1	22	4	8	1	low	low1	3	30	1	2	31	32	33	34	3	list3	list3_14236_ramp_low1	3450	11450
17706	17705	test	65690	4288	2095	4126	2053	84.0784	3.6324	24.9762	3.3214	Noun	3269	0.76272	4.9242	1	23.33	4	12	1	high	high1	1	10	1	2	11	12	13	14	3	list3	list3_17706_test_high1	3450	11450
10519	10518	management	38829	594	423	506	382	11.6471	2.7745	5.0429	2.6274	Noun	591	0.99831	4.0664	3	49.11	10	0	1	high	high3	2	20	1	2	21	22	23	24	3	list3	list3_10519_management_high3	3400	11400
9716	9715	larceny	36362	113	87	104	83	2.2157	2.0569	1.0372	1.9445	Noun	112	0.99115	3.3487	3	61.5	7	0	1	low	low3	4	40	1	2	41	42	43	44	3	list3	list3_9716_larceny_low3	3450	11450
933	932	autograph	3966	416	273	406	271	8.1569	2.6201	3.2546	2.4378	Noun	371	0.89183	3.912	3	24.38	9	0	1	high	high3	2	20	1	2	21	22	23	24	3	list3	list3_933_autograph_high3	3200	11200
3973	3972	cot	14529	102	76	97	73	2	2.0128	0.90606	1.8865	Noun	102	1	3.3047	1	11.5	3	24	1	low	low1	3	30	1	2	31	32	33	34	3	list3	list3_3973_cot_low1	3350	11350
4726	4725	dent	17272	180	125	131	112	3.5294	2.2577	1.4902	2.1004	Noun	149	0.82778	3.5495	1	24	4	14	1	low	low1	3	30	1	2	31	32	33	34	3	list3	list3_4726_dent_low1	3500	11500
5749	5748	employer	21322	274	206	272	204	5.3725	2.4393	2.4559	2.316	Noun	270	0.99631	3.7312	3	47.57	8	2	1	high	high3	2	20	1	2	21	22	23	24	3	list3	list3_5749_employer_high3	3250	11250
16149	16148	slab	59634	94	66	72	63	1.8431	1.9777	0.78684	1.8261	Noun	94	1	3.2696	1	17	4	8	1	low	low1	3	30	1	2	31	32	33	34	3	list3	list3_16149_slab_low1	3450	11450
17654	17653	temptation	65479	216	178	188	163	4.2353	2.3365	2.1221	2.2529	Noun	216	1	3.6283	3	134.44	10	0	1	low	low3	4	40	1	2	41	42	43	44	3	list3	list3_17654_temptation_low3	3500	11500
4991	4990	diplomat	18335	109	79	99	77	2.1373	2.0414	0.94182	1.9031	Noun	109	1	3.3332	3	33.86	8	1	1	low	low3	4	40	1	2	41	42	43	44	3	list3	list3_4991_diplomat_low3	3200	11200
6383	6382	fence	23922	819	552	803	544	16.0588	2.9138	6.5808	2.7427	Noun	765	0.93635	4.2056	1	28.75	5	2	1	high	high1	1	10	1	2	11	12	13	14	3	list3	list3_6383_fence_high1	3250	11250
1313	1312	battleship	5128	87	64	70	56	1.7059	1.9445	0.76299	1.8129	Noun	87	1	3.2363	3	29	10	0	1	low	low3	4	40	1	2	41	42	43	44	3	list3	list3_1313_battleship_low3	3250	11250
17065	17064	stun	63137	96	67	83	61	1.8824	1.9868	0.79876	1.8325	Noun	61	0.63542	3.2786	1	6.67	4	4	1	low	low1	3	30	1	2	31	32	33	34	3	list3	list3_17065_stun_low1	3500	11500
2583	2582	candidate	9264	434	277	406	263	8.5098	2.6385	3.3023	2.444	Noun	434	1	3.9303	3	60.75	9	0	1	high	high3	2	20	1	2	21	22	23	24	3	list3	list3_2583_candidate_high3	3250	11250
7620	7619	grasp	28194	233	202	223	199	4.5686	2.3692	2.4082	2.3075	Noun	122	0.52361	3.661	1	42	5	1	1	high	high1	1	10	1	2	11	12	13	14	3	list3	list3_7620_grasp_high1	3250	11250
868	867	attacker	3720	73	60	69	59	1.4314	1.8692	0.71531	1.7853	Noun	71	0.98611	3.1611	3	44	8	1	1	low	low3	4	40	1	2	41	42	43	44	3	list3	list3_868_attacker_low3	3200	11200
11387	11386	mosquito	41766	93	75	72	61	1.8235	1.9731	0.89413	1.8808	Noun	93	1	3.265	3	36	8	0	1	low	low3	4	40	1	2	41	42	43	44	3	list3	list3_11387_mosquito_low3	3400	11400
2948	2947	cereal	10387	324	223	301	214	6.3529	2.5119	2.6586	2.3502	Noun	324	1	3.8037	3	45.6	6	0	1	high	high3	2	20	1	2	21	22	23	24	3	list3	list3_2948_cereal_high3	3500	11500
12149	12148	optimist	44707	78	73	77	72	1.5294	1.8976	0.87029	1.8692	Noun	78	1	3.1895	3	50.29	8	1	1	low	low3	4	40	1	2	41	42	43	44	3	list3	list3_12149_optimist_low3	3500	11500
10415	10414	magazine	38507	1693	857	1498	786	33.1961	3.2289	10.217	2.9335	Noun	1690	0.99882	4.5207	3	143.71	8	0	1	high	high3	2	20	1	2	21	22	23	24	3	list3	list3_10415_magazine_high3	3200	11200
11985	11984	objection	44086	1108	361	263	193	21.7255	3.0449	4.3038	2.5587	Noun	1098	1	4.3368	3	96.75	9	0	1	high	high3	2	20	1	2	21	22	23	24	3	list3	list3_11985_objection_high3	3350	11350
4	3	abduction	70	185	111	179	109	3.6275	2.2695	1.3233	2.0492	Noun	185	1	3.5613	3	93.38	9	0	1	low	low3	4	40	1	2	41	42	43	44	3	list3	list3_4_abduction_low3	3200	11200
5796	5795	enemy	21550	2474	1229	2328	1193	48.5098	3.3936	14.6519	3.0899	Noun	2472	0.99919	4.6854	3	12	5	1	1	high	high3	2	20	1	2	21	22	23	24	3	list3	list3_5796_enemy_high3	3350	11350
4761	4760	depth	17432	421	261	382	245	8.2549	2.6253	3.1116	2.4183	Noun	422	1	3.9171	1	20.5	5	1	1	high	high1	1	10	1	2	11	12	13	14	3	list3	list3_4761_depth_high1	3400	11400
3376	3375	clone	12039	128	56	118	51	2.5098	2.1106	0.66762	1.7559	Noun	71	0.55469	3.4024	1	40.25	5	4	1	low	low1	3	30	1	2	31	32	33	34	3	list3	list3_3376_clone_low1	3300	11300
17517	17516	tar	65016	160	100	132	87	3.1373	2.2068	1.1922	2.0043	Noun	134	0.8535	3.4987	1	8.5	3	16	1	low	low1	3	30	1	2	31	32	33	34	3	list3	list3_17517_tar_low1	3300	11300
12994	12993	physician	47886	313	235	293	222	6.1373	2.4969	2.8016	2.3729	Noun	313	1	3.7888	3	26.88	9	0	1	high	high3	2	20	1	2	21	22	23	24	3	list3	list3_12994_physician_high3	3400	11400
12566	12565	parenting	46363	134	107	125	101	2.6275	2.1303	1.2756	2.0334	Noun	127	0.95489	3.4222	3	263.13	9	0	1	low	low3	4	40	1	2	41	42	43	44	3	list3	list3_12566_parenting_low3	3450	11450
16529	16528	spectacle	61220	131	116	130	115	2.5686	2.1206	1.3829	2.0682	Noun	131	1	3.4124	3	37.38	9	0	1	low	low3	4	40	1	2	41	42	43	44	3	list3	list3_16529_spectacle_low3	3300	11300
5023	5022	discomfort	18537	81	70	78	68	1.5882	1.9138	0.83453	1.8513	Noun	81	1	3.2056	3	40.56	10	0	1	low	low3	4	40	1	2	41	42	43	44	3	list3	list3_5023_discomfort_low3	3200	11200
3245	3244	cinnamon	11545	152	100	121	91	2.9804	2.1847	1.1922	2.0043	Noun	152	1	3.4765	3	32.29	8	0	1	low	low3	4	40	1	2	41	42	43	44	3	list3	list3_3245_cinnamon_low3	3350	11350
14230	14229	ram	52122	328	197	170	128	6.4314	2.5172	2.3486	2.2967	Noun	164	0.58156	3.809	1	8	3	16	1	high	high1	1	10	1	2	11	12	13	14	3	list3	list3_14230_ram_high1	3400	11400
13943	13942	pun	51222	94	85	82	75	1.8431	1.9777	1.0134	1.9345	Noun	86	0.92473	3.2696	1	7.5	3	16	1	low	low1	3	30	1	2	31	32	33	34	3	list3	list3_13943_pun_low1	3450	11450
16166	16165	slate	59705	165	128	145	117	3.2353	2.2201	1.526	2.1106	Noun	165	0.98802	3.5119	1	43.5	5	6	1	low	low1	3	30	1	2	31	32	33	34	3	list3	list3_16166_slate_low1	3500	11500
3654	3653	company	12944	7507	3283	6473	3073	147.1961	3.8755	39.1392	3.5164	Noun	7493	0.99987	5.1674	3	61	7	0	1	high	high3	2	20	1	2	21	22	23	24	3	list3	list3_3654_company_high3	3250	11250
14311	14310	rave	52397	129	89	109	80	2.5294	2.1139	1.061	1.9542	Noun	91	0.70543	3.4058	1	20	4	14	1	low	low1	3	30	1	2	31	32	33	34	3	list3	list3_14311_rave_low1	3500	11500
3778	3777	consensus	13614	83	48	68	48	1.6275	1.9243	0.57225	1.6902	Noun	83	1	3.2161	3	79.88	9	0	1	low	low3	4	40	1	2	41	42	43	44	3	list3	list3_3778_consensus_low3	3250	11250
14545	14544	relevance	53708	82	68	63	51	1.6078	1.9191	0.81068	1.8388	Noun	82	1	3.2109	3	71.5	9	0	1	low	low3	4	40	1	2	41	42	43	44	3	list3	list3_14545_relevance_low3	3450	11450
6613	6612	flame	24610	461	323	413	301	9.0392	2.6646	3.8507	2.5105	Noun	440	0.95652	3.9565	1	36.25	5	4	1	high	high1	1	10	1	2	11	12	13	14	3	list3	list3_6613_flame_high1	3400	11400
16453	16452	soup	60945	1285	763	1189	722	25.1961	3.1092	9.0963	2.8831	Noun	1283	1	4.4011	1	16.33	4	4	1	high	high1	1	10	1	2	11	12	13	14	3	list3	list3_16453_soup_high1	3500	11500
14525	14524	reign	53534	159	134	143	128	3.1176	2.2041	1.5975	2.1303	Noun	116	0.725	3.496	1	16.25	5	2	1	low	low1	3	30	1	2	31	32	33	34	3	list3	list3_14525_reign_low1	3500	11500
8408	8407	holiday	30757	1086	617	897	534	21.2941	3.0362	7.3557	2.791	Noun	1045	0.96225	4.3281	3	35	7	0	1	high	high3	2	20	1	2	21	22	23	24	3	list3	list3_8408_holiday_high3	3250	11250
6934	6933	frame	25763	719	527	691	513	14.098	2.8573	6.2828	2.7226	Noun	496	0.68985	4.1492	1	35.75	5	1	1	high	high1	1	10	1	2	11	12	13	14	3	list3	list3_6934_frame_high1	3400	11400
2794	2793	casserole	9914	85	64	83	63	1.6667	1.9345	0.76299	1.8129	Noun	85	1	3.2263	3	62.5	9	0	1	low	low3	4	40	1	2	41	42	43	44	3	list3	list3_2794_casserole_low3	3200	11200
945	944	autopsy	4004	489	291	463	280	9.5882	2.6902	3.4692	2.4654	Noun	489	1	3.982	3	15.17	7	0	1	high	high3	2	20	1	2	21	22	23	24	3	list3	list3_945_autopsy_high3	3350	11350
4218	4217	crop	15332	248	178	232	173	4.8627	2.3962	2.1221	2.2529	Noun	233	0.94332	3.688	1	13	4	5	1	high	high1	1	10	1	2	11	12	13	14	3	list3	list3_4218_crop_high1	3200	11200
9043	9042	insurance	33681	1955	1025	1852	994	38.3333	3.2914	12.2198	3.0111	Noun	1953	0.99898	4.5832	3	69.13	9	0	1	high	high3	2	20	1	2	21	22	23	24	3	list3	list3_9043_insurance_high3	3400	11400
13279	13278	ploy	48718	78	68	76	66	1.5294	1.8976	0.81068	1.8388	Noun	78	1	3.1895	1	12	4	4	1	low	low1	3	30	1	2	31	32	33	34	3	list3	list3_13279_ploy_low1	3350	11350
8020	8019	harassment	29439	300	188	287	180	5.8824	2.4786	2.2413	2.2765	Noun	300	1	3.7704	3	48.44	10	0	1	high	high3	2	20	1	2	21	22	23	24	3	list3	list3_8020_harassment_high3	3250	11250
7189	7188	gardening	26688	123	93	108	86	2.4118	2.0934	1.1087	1.9731	Noun	123	1	3.3853	3	223.75	9	1	1	low	low3	4	40	1	2	41	42	43	44	3	list3	list3_7189_gardening_low3	3400	11400
18165	18164	transition	67360	159	136	155	135	3.1176	2.2041	1.6214	2.1367	Noun	160	1	3.496	3	126.89	10	0	1	low	low3	4	40	1	2	41	42	43	44	3	list3	list3_18165_transition_low3	3300	11300
14938	14937	rodeo	55424	283	109	208	81	5.549	2.4533	1.2995	2.0414	Noun	235	0.83039	3.7452	3	25	5	0	1	high	high3	2	20	1	2	21	22	23	24	3	list3	list3_14938_rodeo_high3	3250	11250
5672	5671	element	20992	338	266	323	264	6.6275	2.5302	3.1712	2.4265	Noun	340	1	3.822	3	44.33	7	1	1	high	high3	2	20	1	2	21	22	23	24	3	list3	list3_5672_element_high3	3250	11250
2272	2271	bulk	8356	97	91	89	83	1.902	1.9912	1.0849	1.9638	Noun	81	0.83505	3.2831	1	18.67	4	7	1	low	low1	3	30	1	2	31	32	33	34	3	list3	list3_2272_bulk_low1	3300	11300
12241	12240	ounce	45040	206	145	162	142	4.0392	2.316	1.7287	2.1644	Noun	206	1	3.6078	1	22.5	5	0	1	low	low1	3	30	1	2	31	32	33	34	3	list3	list3_12241_ounce_low1	3450	11450
11998	11997	observer	44158	188	81	152	73	3.6863	2.2765	0.96567	1.9138	Noun	187	1	3.5683	3	69.14	8	2	1	low	low3	4	40	1	2	41	42	43	44	3	list3	list3_11998_observer_low3	3500	11500
11628	11627	narrator	42594	529	164	113	70	10.3725	2.7243	1.9552	2.2175	Noun	520	0.99426	4.0161	3	61.29	8	0	1	high	high3	2	20	1	2	21	22	23	24	3	list3	list3_11628_narrator_high3	3350	11350
7712	7711	groom	28506	399	250	381	244	7.8235	2.6021	2.9804	2.3997	Noun	327	0.82161	3.8939	1	38.5	5	2	1	high	high1	1	10	1	2	11	12	13	14	3	list3	list3_7712_groom_high1	3350	11350
12718	12717	paw	46781	159	112	150	107	3.1176	2.2041	1.3352	2.0531	Noun	118	0.74214	3.496	1	8.5	3	16	1	low	low1	3	30	1	2	31	32	33	34	3	list3	list3_12718_paw_low1	3250	11250
5440	5439	duct	20156	160	110	143	106	3.1373	2.2068	1.3114	2.0453	Noun	121	0.76582	3.4987	1	13	4	3	1	low	low1	3	30	1	2	31	32	33	34	3	list3	list3_5440_duct_low1	3350	11350
15636	15635	senator	57796	1691	305	594	165	33.1569	3.2284	3.6361	2.4857	Noun	1679	0.99703	4.5202	3	50.17	7	0	1	high	high3	2	20	1	2	21	22	23	24	3	list3	list3_15636_senator_high3	3450	11450
19139	19138	wealth	72275	324	241	310	233	6.3529	2.5119	2.8732	2.3838	Noun	325	0.99388	3.8037	1	36.8	6	1	1	high	high1	1	10	1	2	11	12	13	14	3	list3	list3_19139_wealth_high1	3300	11300
10060	10059	limp	37337	187	152	183	149	3.6667	2.2742	1.8121	2.1847	Noun	109	0.57979	3.566	1	18	4	6	1	low	low1	3	30	1	2	31	32	33	34	3	list3	list3_10060_limp_low1	3350	11350
8249	8248	herb	30219	254	134	78	61	4.9804	2.4065	1.5975	2.1303	Noun	247	0.98016	3.6984	1	16	4	6	1	high	high1	1	10	1	2	11	12	13	14	3	list3	list3_8249_herb_high1	3350	11350
8820	8819	impression	32487	946	787	946	787	18.549	2.9763	9.3825	2.8965	Noun	947	1	4.2682	3	98.78	10	0	1	high	high3	2	20	1	2	21	22	23	24	3	list3	list3_8820_impression_high3	3250	11250
15754	15753	sham	58237	77	60	67	58	1.5098	1.8921	0.71531	1.7853	Noun	67	0.87013	3.1839	1	14.67	4	6	1	low	low1	3	30	1	2	31	32	33	34	3	list3	list3_15754_sham_low1	3350	11350
6663	6662	flea	24755	169	110	133	102	3.3137	2.2304	1.3114	2.0453	Noun	139	0.82738	3.5223	1	12.67	4	5	1	low	low1	3	30	1	2	31	32	33	34	3	list3	list3_6663_flea_low1	3500	11500
17483	17482	tan	64909	439	280	318	255	8.6078	2.6435	3.3381	2.4487	Noun	251	0.57306	3.9353	1	8	3	17	1	high	high1	1	10	1	2	11	12	13	14	3	list3	list3_17483_tan_high1	3500	11500
6325	6324	fax	23741	357	230	320	214	7	2.5539	2.742	2.3636	Noun	195	0.54775	3.8457	1	5	3	12	1	high	high1	1	10	1	2	11	12	13	14	3	list3	list3_6325_fax_high1	3400	11400
14579	14578	rendezvous	53899	312	223	291	209	6.1176	2.4955	2.6586	2.3502	Noun	240	0.76923	3.7874	3	56.11	10	0	1	high	high3	2	20	1	2	21	22	23	24	3	list3	list3_14579_rendezvous_high3	3250	11250
10168	10167	loan	37629	1013	580	937	555	19.8627	3.006	6.9146	2.7642	Noun	868	0.85856	4.2979	1	25.33	4	8	1	high	high1	1	10	1	2	11	12	13	14	3	list3	list3_10168_loan_high1	3350	11350
17772	17771	thief	65964	1238	704	1143	670	24.2745	3.0931	8.3929	2.8482	Noun	1236	1	4.3849	1	26	5	1	1	high	high1	1	10	1	2	11	12	13	14	3	list3	list3_17772_thief_high1	3400	11400
1344	1343	beam	5212	445	232	398	204	8.7255	2.6493	2.7659	2.3674	Noun	308	0.69213	3.9412	1	34	4	8	1	high	high1	1	10	1	2	11	12	13	14	3	list3	list3_1344_beam_high1	3400	11400
1700	1699	bloke	6633	238	135	227	128	4.6667	2.3784	1.6094	2.1335	Noun	239	1	3.6702	1	32.5	5	1	1	high	high1	1	10	1	2	11	12	13	14	3	list3	list3_1700_bloke_high1	3200	11200
12552	12551	parasite	46307	126	83	115	78	2.4706	2.1038	0.98951	1.9243	Noun	125	1	3.3956	3	90	8	0	1	low	low3	4	40	1	2	41	42	43	44	3	list3	list3_12552_parasite_low3	3350	11350
9957	9956	liaison	37071	139	106	130	100	2.7255	2.1461	1.2637	2.0294	Noun	139	1	3.438	3	32.5	7	0	1	low	low3	4	40	1	2	41	42	43	44	3	list3	list3_9957_liaison_low3	3500	11500
3837	3836	convention	14018	629	331	509	265	12.3333	2.7993	3.9461	2.5211	Noun	626	0.99523	4.0912	3	159	10	2	1	high	high3	2	20	1	2	21	22	23	24	3	list3	list3_3837_convention_high3	3450	11450
15224	15223	samurai	56351	160	70	103	51	3.1373	2.2068	0.83453	1.8513	Noun	159	1	3.4987	3	24.67	7	0	1	low	low3	4	40	1	2	41	42	43	44	3	list3	list3_15224_samurai_low3	3200	11200
13908	13907	publishing	51087	194	134	161	115	3.8039	2.29	1.5975	2.1303	Noun	134	0.69072	3.5819	3	130	10	0	1	low	low3	4	40	1	2	41	42	43	44	3	list3	list3_13908_publishing_low3	3300	11300
16656	16655	spur	61741	73	57	66	53	1.4314	1.8692	0.67954	1.7634	Noun	62	0.84932	3.1611	1	8.33	4	4	1	low	low1	3	30	1	2	31	32	33	34	3	list3	list3_16656_spur_low1	3300	11300
19335	19334	wink	73144	180	119	136	110	3.5294	2.2577	1.4187	2.0792	Noun	103	0.56906	3.5495	1	32	4	11	1	low	low1	3	30	1	2	31	32	33	34	3	list3	list3_19335_wink_low1	3500	11500
15130	15129	sack	56053	659	504	586	488	12.9216	2.8195	6.0086	2.7033	Noun	551	0.83739	4.1114	1	30	4	14	1	high	high1	1	10	1	2	11	12	13	14	3	list3	list3_15130_sack_high1	3250	11250
7653	7652	greed	28316	245	192	212	173	4.8039	2.3909	2.289	2.2856	Noun	244	0.99592	3.6828	1	79.5	5	5	1	high	high1	1	10	1	2	11	12	13	14	3	list3	list3_7653_greed_high1	3300	11300
13250	13249	plea	48600	349	215	345	211	6.8431	2.5441	2.5632	2.3345	Noun	339	0.97135	3.8359	1	9.67	4	2	1	high	high1	1	10	1	2	11	12	13	14	3	list3	list3_13250_plea_high1	3400	11400
7242	7241	gaze	26869	129	103	110	90	2.5294	2.1139	1.2279	2.017	Noun	126	0.97674	3.4058	1	12.67	4	10	1	low	low1	3	30	1	2	31	32	33	34	3	list3	list3_7242_gaze_low1	3200	11200
15619	15618	semester	57738	354	250	352	249	6.9412	2.5502	2.9804	2.3997	Noun	352	0.99435	3.8421	3	100.14	8	0	1	high	high3	2	20	1	2	21	22	23	24	3	list3	list3_15619_semester_high3	3400	11400
6501	6500	filth	24276	231	158	206	148	4.5294	2.3655	1.8836	2.2014	Noun	230	0.99138	3.6573	1	31.25	5	2	1	high	high1	1	10	1	2	11	12	13	14	3	list3	list3_6501_filth_high1	3400	11400
7683	7682	grin	28435	138	118	128	114	2.7059	2.143	1.4068	2.0755	Noun	114	0.82609	3.4348	1	17.33	4	6	1	low	low1	3	30	1	2	31	32	33	34	3	list3	list3_7683_grin_low1	3300	11300
4948	4947	dime	18223	615	473	604	466	12.0588	2.7896	5.639	2.6758	Noun	609	0.99673	4.0814	1	15.67	4	9	1	high	high1	1	10	1	2	11	12	13	14	3	list3	list3_4948_dime_high1	3250	11250
618	617	approval	2836	428	333	423	330	8.3922	2.6325	3.97	2.5237	Noun	429	1	3.9243	3	35.86	8	0	1	high	high3	2	20	1	2	21	22	23	24	3	list3	list3_618_approval_high3	3450	11450
3146	3145	chill	11088	828	540	559	412	16.2353	2.9186	6.4378	2.7332	Noun	428	0.51816	4.2104	1	40	5	1	1	high	high1	1	10	1	2	11	12	13	14	3	list3	list3_3146_chill_high1	3450	11450
17587	17586	tech	65262	326	215	192	149	6.3922	2.5145	2.5632	2.3345	Noun	325	1	3.8064	1	12.33	4	1	1	high	high1	1	10	1	2	11	12	13	14	3	list3	list3_17587_tech_high1	3200	11200
14154	14153	rack	51919	397	320	362	303	7.7843	2.5999	3.815	2.5065	Noun	330	0.83333	3.8917	1	32	4	15	1	high	high1	1	10	1	2	11	12	13	14	3	list3	list3_14154_rack_high1	3500	11500
18556	18555	universe	69592	1289	703	1184	682	25.2745	3.1106	8.381	2.8476	Noun	1269	0.98448	4.4024	3	48.43	8	0	1	high	high3	2	20	1	2	21	22	23	24	3	list3	list3_18556_universe_high3	3350	11350
4272	4271	crust	15521	166	126	163	124	3.2549	2.2227	1.5021	2.1038	Noun	164	0.98795	3.5146	1	34	5	4	1	low	low1	3	30	1	2	31	32	33	34	3	list3	list3_4272_crust_low1	3450	11450
17679	17678	tent	65564	892	445	806	425	17.4902	2.9509	5.3052	2.6493	Noun	887	0.99663	4.2427	1	23.33	4	15	1	high	high1	1	10	1	2	11	12	13	14	3	list3	list3_17679_tent_high1	3450	11450
3243	3242	cinema	11533	198	135	163	111	3.8824	2.2989	1.6094	2.1335	Noun	197	0.99495	3.5907	3	26	6	0	1	low	low3	4	40	1	2	41	42	43	44	3	list3	list3_3243_cinema_low3	3450	11450
6504	6503	finale	24288	125	87	115	78	2.451	2.1004	1.0372	1.9445	Noun	124	1	3.3922	3	73.2	6	1	1	low	low3	4	40	1	2	41	42	43	44	3	list3	list3_6504_finale_low3	3450	11450
1763	1762	blush	6830	136	115	127	110	2.6667	2.1367	1.371	2.0645	Noun	91	0.66912	3.4286	1	30	5	4	1	low	low1	3	30	1	2	31	32	33	34	3	list3	list3_1763_blush_low1	3450	11450
3796	3795	consumer	13781	106	80	89	72	2.0784	2.0294	0.95374	1.9085	Noun	106	1	3.3212	3	86.29	8	2	1	low	low3	4	40	1	2	41	42	43	44	3	list3	list3_3796_consumer_low3	3250	11250
7978	7977	handicap	29303	139	105	124	101	2.7255	2.1461	1.2518	2.0253	Noun	139	1	3.438	3	49	8	0	1	low	low3	4	40	1	2	41	42	43	44	3	list3	list3_7978_handicap_low3	3500	11500
15276	15275	satellite	56546	798	388	726	357	15.6471	2.9025	4.6257	2.5899	Noun	798	1	4.1944	3	82.75	9	0	1	high	high3	2	20	1	2	21	22	23	24	3	list3	list3_15276_satellite_high3	3500	11500
7642	7641	gravity	28271	351	265	298	238	6.8824	2.5465	3.1593	2.4249	Noun	351	1	3.8384	3	62.5	7	0	1	high	high3	2	20	1	2	21	22	23	24	3	list3	list3_7642_gravity_high3	3350	11350
11987	11986	objective	44089	359	270	348	266	7.0392	2.5563	3.2189	2.433	Noun	229	0.63611	3.8481	3	73.38	9	0	1	high	high3	2	20	1	2	21	22	23	24	3	list3	list3_11987_objective_high3	3300	11300
7416	7415	glitch	27507	103	77	102	76	2.0196	2.017	0.91798	1.8921	Noun	98	0.95146	3.3089	1	31.2	6	0	1	low	low1	3	30	1	2	31	32	33	34	3	list3	list3_7416_glitch_low1	3500	11500
17272	17271	surgery	64048	1651	768	1514	749	32.3725	3.218	9.1559	2.8859	Noun	1648	1	4.5098	3	104.5	7	0	1	high	high3	2	20	1	2	21	22	23	24	3	list3	list3_17272_surgery_high3	3450	11450
157	156	agony	1226	191	171	176	159	3.7451	2.2833	2.0386	2.2355	Noun	191	1	3.5751	3	19	5	0	1	low	low3	4	40	1	2	41	42	43	44	3	list3	list3_157_agony_low3	3500	11500
167	166	aide	1278	103	81	87	70	2.0196	2.017	0.96567	1.9138	Noun	103	1	3.3089	1	13.67	4	8	1	low	low1	3	30	1	2	31	32	33	34	3	list3	list3_167_aide_low1	3250	11250
19031	19030	waltz	71924	279	181	231	161	5.4706	2.4472	2.1578	2.2601	Noun	184	0.66426	3.739	1	25.75	5	0	1	high	high1	1	10	1	2	11	12	13	14	3	list3	list3_19031_waltz_high1	3250	11250
7768	7767	guardian	28689	358	247	309	225	7.0196	2.5551	2.9447	2.3945	Noun	358	1	3.8469	3	40.14	8	0	1	high	high3	2	20	1	2	21	22	23	24	3	list3	list3_7768_guardian_high3	3500	11500
3722	3721	condition	13296	1936	1375	1891	1360	37.9608	3.2871	16.3925	3.1386	Noun	1911	0.98913	4.579	3	142	9	0	1	high	high3	2	20	1	2	21	22	23	24	3	list3	list3_3722_condition_high3	3300	11300
12168	12167	orb	44752	140	67	122	61	2.7451	2.1492	0.79876	1.8325	Noun	140	1	3.4411	1	1.5	3	1	1	low	low1	3	30	1	2	31	32	33	34	3	list3	list3_12168_orb_low1	3250	11250
3089	3088	chef	10901	606	322	467	282	11.8824	2.7832	3.8388	2.5092	Noun	603	0.99669	4.075	1	9.33	4	1	1	high	high1	1	10	1	2	11	12	13	14	3	list3	list3_3089_chef_high1	3250	11250
6765	6764	fog	25141	482	215	459	210	9.451	2.6839	2.5632	2.3345	Noun	477	0.99168	3.9758	1	6.5	3	14	1	high	high1	1	10	1	2	11	12	13	14	3	list3	list3_6765_fog_high1	3350	11350
4493	4492	dart	16251	98	71	91	66	1.9216	1.9956	0.84645	1.8573	Noun	84	0.85714	3.2875	1	33	4	12	1	low	low1	3	30	1	2	31	32	33	34	3	list3	list3_4493_dart_low1	3350	11350
14641	14640	republic	54202	286	165	71	49	5.6078	2.4579	1.9671	2.2201	Noun	285	0.9965	3.7497	3	58.29	8	0	1	high	high3	2	20	1	2	21	22	23	24	3	list3	list3_14641_republic_high3	3200	11200
13086	13085	pinch	48167	312	261	277	233	6.1176	2.4955	3.1116	2.4183	Noun	158	0.50641	3.7874	1	45.75	5	5	1	high	high1	1	10	1	2	11	12	13	14	3	list3	list3_13086_pinch_high1	3400	11400
13551	13550	pox	49579	75	54	74	53	1.4706	1.8808	0.64378	1.7404	Noun	76	1	3.1726	1	4.5	3	8	1	low	low1	3	30	1	2	31	32	33	34	3	list3	list3_13551_pox_low1	3300	11300
5857	5856	envelope	21894	513	326	506	321	10.0588	2.711	3.8865	2.5145	Noun	512	1	4.0028	3	34.57	8	0	1	high	high3	2	20	1	2	21	22	23	24	3	list3	list3_5857_envelope_high3	3200	11200
3675	3674	compliment	13062	523	461	512	451	10.2549	2.7193	5.4959	2.6646	Noun	411	0.78585	4.0112	3	81.67	10	1	1	high	high3	2	20	1	2	21	22	23	24	3	list3	list3_3675_compliment_high3	3500	11500
18167	18166	translator	67375	115	77	106	71	2.2549	2.0645	0.91798	1.8921	Noun	114	1	3.3563	3	49.78	10	0	1	low	low3	4	40	1	2	41	42	43	44	3	list3	list3_18167_translator_low3	3300	11300
15387	15386	schmuck	56947	234	168	194	145	4.5882	2.3711	2.0029	2.2279	Noun	150	0.64103	3.6629	1	18	7	0	1	high	high1	1	10	1	2	11	12	13	14	3	list3	list3_15387_schmuck_high1	3450	11450
10742	10741	maverick	39554	134	32	24	22	2.6275	2.1303	0.3815	1.5185	Noun	120	0.89552	3.4222	3	75.14	8	0	1	low	low3	4	40	1	2	41	42	43	44	3	list3	list3_10742_maverick_low3	3450	11450
5984	5983	eulogy	22399	84	42	80	42	1.6471	1.9294	0.50072	1.6335	Noun	84	1	3.2213	3	14.4	6	0	1	low	low3	4	40	1	2	41	42	43	44	3	list3	list3_5984_eulogy_low3	3250	11250
3405	3404	club	12116	5038	2156	3698	1745	98.7843	3.7023	25.7034	3.3339	Noun	4959	0.99379	4.9942	1	11.33	4	2	1	high	high1	1	10	1	2	11	12	13	14	3	list3	list3_3405_club_high1	3450	11450
1269	1268	basketball	5023	1091	420	1014	402	21.3922	3.0382	5.0072	2.6243	Noun	1086	0.99908	4.3301	3	11.56	10	0	1	high	high3	2	20	1	2	21	22	23	24	3	list3	list3_1269_basketball_high3	3200	11200
10046	10045	lime	37309	168	123	143	109	3.2941	2.2279	1.4664	2.0934	Noun	168	1	3.5197	1	18.67	4	12	1	low	low1	3	30	1	2	31	32	33	34	3	list3	list3_10046_lime_low1	3450	11450
16521	16520	specialty	61195	272	240	261	231	5.3333	2.4362	2.8612	2.382	Noun	272	1	3.728	3	36.38	9	1	1	high	high3	2	20	1	2	21	22	23	24	3	list3	list3_16521_specialty_high3	3200	11200
13332	13331	poisoning	48885	302	226	298	224	5.9216	2.4814	2.6943	2.356	Noun	213	0.7053	3.7733	3	204.25	9	0	1	high	high3	2	20	1	2	21	22	23	24	3	list3	list3_13332_poisoning_high3	3400	11400
13916	13915	puff	51117	227	168	174	144	4.451	2.3579	2.0029	2.2279	Noun	187	0.82379	3.6498	1	11.33	4	6	1	low	low1	3	30	1	2	31	32	33	34	3	list3	list3_13916_puff_low1	3350	11350
7932	7931	hall	29177	2649	1573	1798	1248	51.9412	3.4232	18.753	3.197	Noun	2576	0.97318	4.7151	1	37.67	4	17	1	high	high1	1	10	1	2	11	12	13	14	3	list3	list3_7932_hall_high1	3200	11200
3357	3356	clip	11978	290	222	257	201	5.6863	2.4639	2.6466	2.3483	Noun	183	0.63103	3.7557	1	11.33	4	5	1	high	high1	1	10	1	2	11	12	13	14	3	list3	list3_3357_clip_high1	3200	11200
12923	12922	petition	47605	215	131	208	126	4.2157	2.3345	1.5618	2.1206	Noun	194	0.87783	3.6263	3	99.29	8	0	1	low	low3	4	40	1	2	41	42	43	44	3	list3	list3_12923_petition_low3	3300	11300
16844	16843	stepmother	62361	216	132	182	129	4.2353	2.3365	1.5737	2.1239	Noun	216	1	3.6283	3	26.44	10	0	1	low	low3	4	40	1	2	41	42	43	44	3	list3	list3_16844_stepmother_low3	3350	11350
4456	4455	dam	16102	293	124	227	101	5.7451	2.4683	1.4783	2.0969	Noun	270	0.93103	3.7602	1	6	3	11	1	high	high1	1	10	1	2	11	12	13	14	3	list3	list3_4456_dam_high1	3300	11300
14743	14742	reunion	54747	450	270	433	263	8.8235	2.6542	3.2189	2.433	Noun	449	0.99778	3.946	3	76.83	7	0	1	high	high3	2	20	1	2	21	22	23	24	3	list3	list3_14743_reunion_high3	3500	11500
15157	15156	sage	56148	89	63	57	49	1.7451	1.9542	0.75107	1.8062	Noun	77	0.875	3.2461	1	17	4	12	1	low	low1	3	30	1	2	31	32	33	34	3	list3	list3_15157_sage_low1	3450	11450
1539	1538	bikini	6046	188	133	160	120	3.6863	2.2765	1.5856	2.1271	Noun	187	1	3.5683	3	56	6	0	1	low	low3	4	40	1	2	41	42	43	44	3	list3	list3_1539_bikini_low3	3450	11450
14944	14943	role	55460	929	653	920	649	18.2157	2.9685	7.7849	2.8156	Noun	928	1	4.2603	1	31.33	4	14	1	high	high1	1	10	1	2	11	12	13	14	3	list3	list3_14944_role_high1	3250	11250
289	288	allergy	1618	86	66	81	65	1.6863	1.9395	0.78684	1.8261	Noun	84	1	3.2314	3	27.83	7	0	1	low	low3	4	40	1	2	41	42	43	44	3	list3	list3_289_allergy_low3	3300	11300
15333	15332	scalp	56749	188	141	177	135	3.6863	2.2765	1.681	2.1523	Noun	158	0.84492	3.5683	1	18.5	5	3	1	low	low1	3	30	1	2	31	32	33	34	3	list3	list3_15333_scalp_low1	3200	11200
2173	2172	bronze	8068	143	99	90	68	2.8039	2.1584	1.1803	2	Noun	142	0.99301	3.4502	1	35.4	6	0	1	low	low1	3	30	1	2	31	32	33	34	3	list3	list3_2173_bronze_low1	3300	11300
9627	9626	lad	36112	736	339	675	316	14.4314	2.8675	4.0415	2.5315	Noun	726	1	4.1593	1	10	3	20	1	high	high1	1	10	1	2	11	12	13	14	3	list3	list3_9627_lad_high1	3250	11250
16186	16185	sleeve	59800	286	241	285	241	5.6078	2.4579	2.8732	2.3838	Noun	286	1	3.7497	1	27.6	6	0	1	high	high1	1	10	1	2	11	12	13	14	3	list3	list3_16186_sleeve_high1	3300	11300
5520	5519	dynamite	20406	515	279	420	250	10.098	2.7126	3.3262	2.4472	Noun	471	0.91634	4.0045	3	47.86	8	0	1	high	high3	2	20	1	2	21	22	23	24	3	list3	list3_5520_dynamite_high3	3350	11350
19226	19225	whiff	72666	127	112	123	109	2.4902	2.1072	1.3352	2.0531	Noun	117	0.936	3.399	1	21.25	5	0	1	low	low1	3	30	1	2	31	32	33	34	3	list3	list3_19226_whiff_low1	3450	11450
8910	8909	infantry	33092	144	85	129	76	2.8235	2.1614	1.0134	1.9345	Noun	144	1	3.4532	3	53	8	0	1	low	low3	4	40	1	2	41	42	43	44	3	list3	list3_8910_infantry_low3	3500	11500
9778	9777	lavender	36552	104	64	65	44	2.0392	2.0212	0.76299	1.8129	Noun	94	0.90385	3.313	3	75.71	8	0	1	low	low3	4	40	1	2	41	42	43	44	3	list3	list3_9778_lavender_low3	3500	11500
9851	9850	ledge	36763	179	109	175	108	3.5098	2.2553	1.2995	2.0414	Noun	179	1	3.5471	1	24	5	4	1	low	low1	3	30	1	2	31	32	33	34	3	list3	list3_9851_ledge_low1	3250	11250
4163	4162	crest	15150	107	67	69	50	2.098	2.0334	0.79876	1.8325	Noun	97	0.90654	3.3253	1	37.5	5	5	1	low	low1	3	30	1	2	31	32	33	34	3	list3	list3_4163_crest_low1	3200	11200
13477	13476	position	49340	3676	2191	3613	2171	72.0784	3.5655	26.1206	3.3408	Noun	3602	0.9804	4.8573	3	92.29	8	1	1	high	high3	2	20	1	2	21	22	23	24	3	list3	list3_13477_position_high3	3250	11250
11280	11279	monk	41444	376	150	239	124	7.3725	2.5763	1.7883	2.179	Noun	243	0.64628	3.8682	1	24.33	4	3	1	high	high1	1	10	1	2	11	12	13	14	3	list3	list3_11280_monk_high1	3500	11500
2988	2987	champion	10558	1067	511	961	486	20.9216	3.0286	6.092	2.7093	Noun	953	0.89149	4.3204	3	62.43	8	0	1	high	high3	2	20	1	2	21	22	23	24	3	list3	list3_2988_champion_high3	3250	11250
557	556	apartment	2610	4235	1774	4152	1755	83.0392	3.627	21.1493	3.2492	Noun	4230	1	4.9188	3	52.63	9	0	1	high	high3	2	20	1	2	21	22	23	24	3	list3	list3_557_apartment_high3	3350	11350
8609	8608	hull	31420	215	114	165	96	4.2157	2.3345	1.3591	2.0607	Noun	165	0.76744	3.6263	1	28	4	14	1	low	low1	3	30	1	2	31	32	33	34	3	list3	list3_8609_hull_low1	3300	11300
14291	14290	raspberry	52304	96	71	75	57	1.8824	1.9868	0.84645	1.8573	Noun	93	0.97895	3.2786	3	35.38	9	0	1	low	low3	4	40	1	2	41	42	43	44	3	list3	list3_14291_raspberry_low3	3200	11200
16398	16397	solution	60725	807	636	788	628	15.8235	2.9074	7.5823	2.8041	Noun	808	1	4.1992	3	86.29	8	0	1	high	high3	2	20	1	2	21	22	23	24	3	list3	list3_16398_solution_high3	3400	11400
8565	8564	hound	31260	257	167	197	134	5.0392	2.4116	1.9909	2.2253	Noun	235	0.92885	3.7035	1	38	5	7	1	high	high1	1	10	1	2	11	12	13	14	3	list3	list3_8565_hound_high1	3300	11300
19472	19471	wrath	73636	199	148	163	130	3.902	2.301	1.7644	2.1732	Noun	199	1	3.5929	1	40.5	5	0	1	low	low1	3	30	1	2	31	32	33	34	3	list3	list3_19472_wrath_low1	3450	11450
1201	1200	barbershop	4802	108	58	89	48	2.1176	2.0374	0.69146	1.7709	Noun	104	0.96296	3.3293	3	31.78	10	0	1	low	low3	4	40	1	2	41	42	43	44	3	list3	list3_1201_barbershop_low3	3500	11500
10902	10901	messenger	40173	411	283	359	267	8.0588	2.6149	3.3739	2.4533	Noun	413	1	3.9067	3	62.88	9	0	1	high	high3	2	20	1	2	21	22	23	24	3	list3	list3_10902_messenger_high3	3500	11500
13282	13281	plug	48728	531	396	449	358	10.4118	2.7259	4.721	2.5988	Noun	290	0.54717	4.0177	1	11.67	4	3	1	high	high1	1	10	1	2	11	12	13	14	3	list3	list3_13282_plug_high1	3350	11350
13620	13619	premium	49887	88	71	75	63	1.7255	1.9494	0.84645	1.8573	Noun	50	0.56818	3.2412	3	51.33	7	0	1	low	low3	4	40	1	2	41	42	43	44	3	list3	list3_13620_premium_low3	3350	11350
18345	18344	truth	68015	9801	4193	9350	4095	192.1765	3.9913	49.9881	3.6226	Noun	9787	1	5.2831	1	30.75	5	0	1	high	high1	1	10	1	2	11	12	13	14	3	list3	list3_18345_truth_high1	3300	11300
17390	17389	syndicate	64577	102	66	83	62	2	2.0128	0.78684	1.8261	Noun	102	1	3.3047	3	49.38	9	0	1	low	low3	4	40	1	2	41	42	43	44	3	list3	list3_17390_syndicate_low3	3200	11200
14913	14912	roar	55348	205	143	180	131	4.0196	2.3139	1.7048	2.1584	Noun	105	0.5122	3.6057	1	25	4	6	1	low	low1	3	30	1	2	31	32	33	34	3	list3	list3_14913_roar_low1	3400	11400
876	875	attendant	3741	158	119	139	108	3.098	2.2014	1.4187	2.0792	Noun	150	0.94937	3.4932	3	59	9	0	1	low	low3	4	40	1	2	41	42	43	44	3	list3	list3_876_attendant_low3	3500	11500
