numid|f	X|f	Word|s	Unnamed|f	FREQcount|f	Cdcount|f	FREQlow|f	Cdlow|f	SUBLTLWF|f	Lg10WF|f	SUBTLCD|f	Lg10CD|f	Dom_PoS_SUBTLEX|s	Freq_dom_PoS_SUBTLEX|f	Percentage_dom_PoS|f	Zipfvalue|f	cmu_sylls|f	BF_TP|f	LEN_L|f	N|f	Zipfvalue_incl|f	Zipfvalue_cat|s	cond_name|s	cond_code|f	trigger_code|f	len|f	corr_resp|f	fix_code|f	word_code|f	delay_code|f	audioresp_code|f	list|f	list_name|s	file_num|s	jittered_ISI|f	total_time|f
18521	18520	underpants	69070	150	102	130	92	2.9412	2.179	1.216	2.0128	Noun	143	0.95333	3.4708	3	70.44	10	0	1	low	low3	4	40	1	2	41	42	43	44	5	list5	list5_18521_underpants_low3	3500	11500
6793	6792	food	25238	7876	3605	7355	3494	154.4314	3.8964	42.9781	3.557	Noun	7869	0.99975	5.1882	1	28.33	4	10	1	high	high1	1	10	1	2	11	12	13	14	5	list5	list5_6793_food_high1	3300	11300
12316	12315	overdose	45388	136	100	115	90	2.6667	2.1367	1.1922	2.0043	Noun	112	0.82353	3.4286	3	37.57	8	1	1	low	low3	4	40	1	2	41	42	43	44	5	list5	list5_12316_overdose_low3	3200	11200
5833	5832	enterprise	21782	413	164	139	124	8.098	2.617	1.9552	2.2175	Noun	411	0.99757	3.9088	3	63	10	0	1	high	high3	2	20	1	2	21	22	23	24	5	list5	list5_5833_enterprise_high3	3300	11300
10919	10918	meteor	40250	180	68	163	62	3.5294	2.2577	0.81068	1.8388	Noun	179	0.99444	3.5495	3	34.2	6	0	1	low	low3	4	40	1	2	41	42	43	44	5	list5	list5_10919_meteor_low3	3500	11500
2200	2199	brunch	8148	189	107	180	102	3.7059	2.2788	1.2756	2.0334	Noun	139	0.73545	3.5706	1	38.6	6	2	1	low	low1	3	30	1	2	31	32	33	34	5	list5	list5_2200_brunch_low1	3450	11450
14798	14797	rhyme	54988	225	160	225	160	4.4118	2.3541	1.9075	2.2068	Noun	141	0.62946	3.6459	1	5.25	5	1	1	low	low1	3	30	1	2	31	32	33	34	5	list5	list5_14798_rhyme_low1	3400	11400
810	809	assistant	3503	1643	977	1414	861	32.2157	3.2159	11.6476	2.9903	Noun	1095	0.6685	4.5077	3	57.13	9	0	1	high	high3	2	20	1	2	21	22	23	24	5	list5	list5_810_assistant_high3	3500	11500
6079	6078	exhibit	22795	388	239	288	196	7.6078	2.5899	2.8493	2.3802	Noun	277	0.71762	3.8818	3	16.5	7	0	1	high	high3	2	20	1	2	21	22	23	24	5	list5	list5_6079_exhibit_high3	3250	11250
8885	8884	indictment	32901	126	87	124	86	2.4706	2.1038	1.0372	1.9445	Noun	126	1	3.3956	3	70.22	10	0	1	low	low3	4	40	1	2	41	42	43	44	5	list5	list5_8885_indictment_low3	3200	11200
15493	15492	scroll	57271	116	48	102	39	2.2745	2.0682	0.57225	1.6902	Noun	103	0.88793	3.36	1	26.8	6	1	1	low	low1	3	30	1	2	31	32	33	34	5	list5	list5_15493_scroll_low1	3250	11250
33	32	acceptance	327	161	140	150	134	3.1569	2.2095	1.6691	2.1492	Noun	162	1	3.5013	3	42.22	10	0	1	low	low3	4	40	1	2	41	42	43	44	5	list5	list5_33_acceptance_low3	3400	11400
10308	10307	loyalty	38101	595	437	543	408	11.6667	2.7752	5.2098	2.6415	Noun	595	1	4.0671	3	27.67	7	2	1	high	high3	2	20	1	2	21	22	23	24	5	list5	list5_10308_loyalty_high3	3200	11200
12805	12804	penalty	47060	464	307	449	301	9.098	2.6675	3.66	2.4886	Noun	464	1	3.9593	3	47	7	0	1	high	high3	2	20	1	2	21	22	23	24	5	list5	list5_12805_penalty_high3	3300	11300
2744	2743	carrier	9780	326	160	282	151	6.3922	2.5145	1.9075	2.2068	Noun	326	1	3.8064	3	151.5	7	4	1	high	high3	2	20	1	2	21	22	23	24	5	list5	list5_2744_carrier_high3	3250	11250
1658	1657	bleach	6478	118	71	110	70	2.3137	2.0755	0.84645	1.8573	Noun	84	0.70588	3.3674	1	37.4	6	1	1	low	low1	3	30	1	2	31	32	33	34	5	list5	list5_1658_bleach_low1	3500	11500
3652	3651	companion	12939	323	247	302	239	6.3333	2.5105	2.9447	2.3945	Noun	324	1	3.8024	3	108	9	0	1	high	high3	2	20	1	2	21	22	23	24	5	list5	list5_3652_companion_high3	3400	11400
11394	11393	moth	41781	116	69	91	65	2.2745	2.0682	0.8226	1.8451	Noun	114	0.98276	3.36	1	17	4	5	1	low	low1	3	30	1	2	31	32	33	34	5	list5	list5_11394_moth_low1	3400	11400
2096	2095	brew	7831	128	91	119	85	2.5098	2.1106	1.0849	1.9638	Noun	83	0.64844	3.4024	1	13	4	6	1	low	low1	3	30	1	2	31	32	33	34	5	list5	list5_2096_brew_low1	3500	11500
3152	3151	chimp	11109	153	57	150	57	3	2.1875	0.67954	1.7634	Noun	142	0.9281	3.4794	1	30	5	4	1	low	low1	3	30	1	2	31	32	33	34	5	list5	list5_3152_chimp_low1	3300	11300
1436	1435	believer	5565	174	139	168	136	3.4118	2.243	1.6571	2.1461	Noun	174	1	3.5349	3	64	8	2	1	low	low3	4	40	1	2	41	42	43	44	5	list5	list5_1436_believer_low3	3250	11250
12689	12688	patriot	46702	133	95	91	66	2.6078	2.1271	1.1326	1.9823	Noun	129	0.96992	3.4189	3	60	7	0	1	low	low3	4	40	1	2	41	42	43	44	5	list5	list5_12689_patriot_low3	3350	11350
17053	17052	studio	63106	1190	566	1071	517	23.3333	3.0759	6.7477	2.7536	Noun	1187	0.99832	4.3677	3	30.8	6	0	1	high	high3	2	20	1	2	21	22	23	24	5	list5	list5_17053_studio_high3	3300	11300
4499	4498	dash	16266	308	220	250	201	6.0392	2.49	2.6228	2.3444	Noun	206	0.66883	3.7818	1	27	4	10	1	high	high1	1	10	1	2	11	12	13	14	5	list5	list5_4499_dash_high1	3500	11500
2029	2028	brake	7628	305	196	252	173	5.9804	2.4857	2.3367	2.2945	Noun	216	0.72241	3.7776	1	38.5	5	4	1	high	high1	1	10	1	2	11	12	13	14	5	list5	list5_2029_brake_high1	3450	11450
16356	16355	sock	60575	458	302	383	276	8.9804	2.6618	3.6004	2.4814	Noun	336	0.73362	3.9536	1	27.33	4	12	1	high	high1	1	10	1	2	11	12	13	14	5	list5	list5_16356_sock_high1	3250	11250
18932	18931	vogue	71593	119	61	24	11	2.3333	2.0792	0.72723	1.7924	Noun	118	1	3.371	1	11.75	5	2	1	low	low1	3	30	1	2	31	32	33	34	5	list5	list5_18932_vogue_low1	3250	11250
531	530	antidote	2497	221	82	213	81	4.3333	2.3464	0.97759	1.9191	Noun	222	1	3.6382	3	44	8	0	1	low	low3	4	40	1	2	41	42	43	44	5	list5	list5_531_antidote_low3	3500	11500
1654	1653	blaze	6468	107	77	88	72	2.098	2.0334	0.91798	1.8921	Noun	80	0.74766	3.3253	1	30	5	5	1	low	low1	3	30	1	2	31	32	33	34	5	list5	list5_1654_blaze_low1	3350	11350
7738	7737	grove	28588	197	101	59	40	3.8627	2.2967	1.2041	2.0086	Noun	170	0.86294	3.5885	1	39.25	5	5	1	low	low1	3	30	1	2	31	32	33	34	5	list5	list5_7738_grove_low1	3450	11450
3213	3212	chum	11447	156	94	132	91	3.0588	2.1959	1.1206	1.9777	Noun	151	0.96795	3.4877	1	10.33	4	2	1	low	low1	3	30	1	2	31	32	33	34	5	list5	list5_3213_chum_low1	3500	11500
4260	4259	crunch	15497	179	125	105	87	3.5098	2.2553	1.4902	2.1004	Noun	108	0.60674	3.5471	1	39.8	6	1	1	low	low1	3	30	1	2	31	32	33	34	5	list5	list5_4260_crunch_low1	3350	11350
18988	18987	wage	71782	159	142	158	141	3.1176	2.2041	1.6929	2.1553	Noun	126	0.79245	3.496	1	20.67	4	11	1	low	low1	3	30	1	2	31	32	33	34	5	list5	list5_18988_wage_low1	3300	11300
11159	11158	mist	41060	181	121	144	100	3.549	2.2601	1.4425	2.0864	Noun	173	0.9558	3.5519	1	25.33	4	8	1	low	low1	3	30	1	2	31	32	33	34	5	list5	list5_11159_mist_low1	3450	11450
7048	7047	fugitive	26219	264	195	249	185	5.1765	2.4232	2.3247	2.2923	Noun	262	1	3.7151	3	64.71	8	0	1	high	high3	2	20	1	2	21	22	23	24	5	list5	list5_7048_fugitive_high3	3500	11500
3045	3044	chase	10746	1673	944	894	743	32.8039	3.2238	11.2542	2.9754	Noun	842	0.50389	4.5156	1	44.25	5	4	1	high	high1	1	10	1	2	11	12	13	14	5	list5	list5_3045_chase_high1	3450	11450
12683	12682	patio	46685	133	108	125	103	2.6078	2.1271	1.2876	2.0374	Noun	132	0.99248	3.4189	3	30	5	1	1	low	low3	4	40	1	2	41	42	43	44	5	list5	list5_12683_patio_low3	3300	11300
10043	10042	limb	37301	238	195	237	194	4.6667	2.3784	2.3247	2.2923	Noun	238	1	3.6702	1	15	4	3	1	high	high1	1	10	1	2	11	12	13	14	5	list5	list5_10043_limb_high1	3200	11200
16820	16819	steam	62258	686	408	606	393	13.451	2.837	4.8641	2.6117	Noun	665	0.9708	4.1288	1	35.75	5	3	1	high	high1	1	10	1	2	11	12	13	14	5	list5	list5_16820_steam_high1	3250	11250
10579	10578	manual	39026	408	299	366	274	8	2.6117	3.5646	2.4771	Noun	293	0.7199	3.9036	3	54.4	6	0	1	high	high3	2	20	1	2	21	22	23	24	5	list5	list5_10579_manual_high3	3350	11350
17722	17721	text	65747	267	199	251	186	5.2353	2.4281	2.3724	2.301	Noun	267	1	3.72	1	7.67	4	4	1	high	high1	1	10	1	2	11	12	13	14	5	list5	list5_17722_text_high1	3200	11200
5117	5116	diversion	19156	158	133	151	130	3.098	2.2014	1.5856	2.1271	Noun	158	1	3.4932	3	105.5	9	0	1	low	low3	4	40	1	2	41	42	43	44	5	list5	list5_5117_diversion_low3	3500	11500
13350	13349	policy	48933	1378	847	1351	836	27.0196	3.1396	10.0978	2.9284	Noun	1380	1	4.4314	3	40.2	6	2	1	high	high3	2	20	1	2	21	22	23	24	5	list5	list5_13350_policy_high3	3450	11450
17948	17947	toe	66628	647	386	627	376	12.6863	2.8116	4.6018	2.5877	Noun	648	0.99846	4.1034	1	8	3	17	1	high	high1	1	10	1	2	11	12	13	14	5	list5	list5_17948_toe_high1	3250	11250
8989	8988	innocence	33412	336	247	326	242	6.5882	2.5276	2.9447	2.3945	Noun	336	1	3.8195	3	62	9	0	1	high	high3	2	20	1	2	21	22	23	24	5	list5	list5_8989_innocence_high3	3450	11450
16411	16410	song	60785	4778	1946	4447	1867	93.6863	3.6793	23.1998	3.2894	Noun	4735	0.9935	4.9712	1	27.33	4	8	1	high	high1	1	10	1	2	11	12	13	14	5	list5	list5_16411_song_high1	3250	11250
15182	15181	salary	56214	548	406	535	400	10.7451	2.7396	4.8402	2.6096	Noun	548	1	4.0314	3	50.8	6	0	1	high	high3	2	20	1	2	21	22	23	24	5	list5	list5_15182_salary_high3	3350	11350
15341	15340	scan	56771	480	306	423	277	9.4118	2.6821	3.6481	2.4871	Noun	282	0.5875	3.974	1	8.67	4	4	1	high	high1	1	10	1	2	11	12	13	14	5	list5	list5_15341_scan_high1	3350	11350
12137	12136	opponent	44665	240	182	239	182	4.7059	2.382	2.1698	2.2625	Noun	239	1	3.6739	3	55.86	8	0	1	high	high3	2	20	1	2	21	22	23	24	5	list5	list5_12137_opponent_high3	3350	11350
11537	11536	musician	42280	308	208	294	202	6.0392	2.49	2.4797	2.3201	Noun	308	1	3.7818	3	38.71	8	0	1	high	high3	2	20	1	2	21	22	23	24	5	list5	list5_11537_musician_high3	3400	11400
13189	13188	plank	48479	104	63	84	58	2.0392	2.0212	0.75107	1.8062	Noun	95	0.91346	3.313	1	40.75	5	8	1	low	low1	3	30	1	2	31	32	33	34	5	list5	list5_13189_plank_low1	3400	11400
2105	2104	brick	7853	519	255	365	232	10.1765	2.716	3.0401	2.4082	Noun	494	0.95183	4.0078	1	43.5	5	5	1	high	high1	1	10	1	2	11	12	13	14	5	list5	list5_2105_brick_high1	3450	11450
43	42	accounting	410	230	179	186	151	4.5098	2.3636	2.134	2.2553	Noun	180	0.78261	3.6554	3	175.33	10	0	1	high	high3	2	20	1	2	21	22	23	24	5	list5	list5_43_accounting_high3	3450	11450
10058	10057	limousine	37335	144	100	138	94	2.8235	2.1614	1.1922	2.0043	Noun	144	1	3.4532	3	126.13	9	0	1	low	low3	4	40	1	2	41	42	43	44	5	list5	list5_10058_limousine_low3	3300	11300
17603	17602	teenager	65314	351	288	341	280	6.8824	2.5465	3.4335	2.4609	Noun	353	1	3.8384	3	55.71	8	0	1	high	high3	2	20	1	2	21	22	23	24	5	list5	list5_17603_teenager_high3	3300	11300
7246	7245	gear	26883	816	559	779	553	16	2.9122	6.6643	2.7482	Noun	795	0.97546	4.2041	1	30	4	10	1	high	high1	1	10	1	2	11	12	13	14	5	list5	list5_7246_gear_high1	3250	11250
11708	11707	nerd	42966	168	99	144	92	3.2941	2.2279	1.1803	2	Noun	166	0.99401	3.5197	1	15.67	4	2	1	low	low1	3	30	1	2	31	32	33	34	5	list5	list5_11708_nerd_low1	3350	11350
10473	10472	majesty	38661	1863	310	236	87	36.5294	3.2704	3.6958	2.4928	Noun	1861	1	4.5623	3	33.5	7	0	1	high	high3	2	20	1	2	21	22	23	24	5	list5	list5_10473_majesty_high3	3500	11500
8975	8974	ink	33377	382	276	360	267	7.4902	2.5832	3.2904	2.4425	Noun	375	0.98425	3.875	1	1.5	3	2	1	high	high1	1	10	1	2	11	12	13	14	5	list5	list5_8975_ink_high1	3300	11300
6879	6878	formation	25531	203	144	192	138	3.9804	2.3096	1.7167	2.1614	Noun	204	1	3.6015	3	124.5	9	0	1	low	low3	4	40	1	2	41	42	43	44	5	list5	list5_6879_formation_low3	3350	11350
13817	13816	proportion	50676	139	127	138	127	2.7255	2.1461	1.5141	2.1072	Noun	133	0.96377	3.438	3	134.67	10	0	1	low	low3	4	40	1	2	41	42	43	44	5	list5	list5_13817_proportion_low3	3200	11200
17756	17755	therapy	65879	944	576	878	552	18.5098	2.9754	6.867	2.7612	Noun	941	1	4.2673	3	32.33	7	0	1	high	high3	2	20	1	2	21	22	23	24	5	list5	list5_17756_therapy_high3	3450	11450
18324	18323	truce	67941	220	150	176	130	4.3137	2.3444	1.7883	2.179	Noun	221	1	3.6362	1	29.25	5	3	1	low	low1	3	30	1	2	31	32	33	34	5	list5	list5_18324_truce_low1	3200	11200
8652	8651	hurricane	31591	447	178	370	151	8.7647	2.6513	2.1221	2.2529	Noun	445	1	3.9431	3	48.38	9	0	1	high	high3	2	20	1	2	21	22	23	24	5	list5	list5_8652_hurricane_high3	3500	11500
16489	16488	span	61060	101	86	95	81	1.9804	2.0086	1.0253	1.9395	Noun	74	0.74	3.3004	1	11.67	4	6	1	low	low1	3	30	1	2	31	32	33	34	5	list5	list5_16489_span_low1	3500	11500
16104	16103	ski	59493	413	222	348	198	8.098	2.617	2.6466	2.3483	Noun	266	0.6472	3.9088	1	1.5	3	1	1	high	high1	1	10	1	2	11	12	13	14	5	list5	list5_16104_ski_high1	3250	11250
14491	14490	refugee	53365	98	73	93	71	1.9216	1.9956	0.87029	1.8692	Noun	98	1	3.2875	3	57	7	1	1	low	low3	4	40	1	2	41	42	43	44	5	list5	list5_14491_refugee_low3	3450	11450
5032	5031	discretion	18601	187	161	173	153	3.6667	2.2742	1.9194	2.2095	Noun	188	1	3.566	3	131.44	10	0	1	low	low3	4	40	1	2	41	42	43	44	5	list5	list5_5032_discretion_low3	3450	11450
10211	10210	lodge	37740	341	180	222	132	6.6863	2.534	2.1459	2.2577	Noun	239	0.70088	3.8259	1	28	5	2	1	high	high1	1	10	1	2	11	12	13	14	5	list5	list5_10211_lodge_high1	3350	11350
8933	8932	influence	33194	754	599	747	598	14.7843	2.8779	7.1412	2.7782	Noun	587	0.77955	4.1698	3	62.88	9	0	1	high	high3	2	20	1	2	21	22	23	24	5	list5	list5_8933_influence_high3	3350	11350
8461	8460	honeymoon	30935	826	485	772	468	16.1961	2.9175	5.7821	2.6866	Noun	806	0.97934	4.2093	3	48.88	9	0	1	high	high3	2	20	1	2	21	22	23	24	5	list5	list5_8461_honeymoon_high3	3450	11450
7746	7745	growth	28614	329	243	320	238	6.451	2.5185	2.897	2.3874	Noun	327	1	3.8103	1	37.8	6	0	1	high	high1	1	10	1	2	11	12	13	14	5	list5	list5_7746_growth_high1	3250	11250
11568	11567	mutt	42364	202	126	174	116	3.9608	2.3075	1.5021	2.1038	Noun	202	1	3.5993	1	10.67	4	4	1	low	low1	3	30	1	2	31	32	33	34	5	list5	list5_11568_mutt_low1	3500	11500
8475	8474	hoof	30994	88	60	80	56	1.7255	1.9494	0.71531	1.7853	Noun	62	0.70455	3.2412	1	27.67	4	7	1	low	low1	3	30	1	2	31	32	33	34	5	list5	list5_8475_hoof_low1	3300	11300
8494	8493	hoot	31034	133	120	125	114	2.6078	2.1271	1.4306	2.0828	Noun	117	0.88636	3.4189	1	32.67	4	13	1	low	low1	3	30	1	2	31	32	33	34	5	list5	list5_8494_hoot_low1	3300	11300
2817	2816	catalog	9978	149	116	143	111	2.9216	2.1761	1.3829	2.0682	Noun	149	1	3.4679	3	43.17	7	0	1	low	low3	4	40	1	2	41	42	43	44	5	list5	list5_2817_catalog_low3	3350	11350
5126	5125	division	19197	946	539	536	354	18.549	2.9763	6.4258	2.7324	Noun	944	0.99894	4.2682	3	72.14	8	0	1	high	high3	2	20	1	2	21	22	23	24	5	list5	list5_5126_division_high3	3500	11500
744	743	arthritis	3255	99	79	87	72	1.9412	2	0.94182	1.9031	Noun	99	1	3.2918	3	28.25	9	1	1	low	low3	4	40	1	2	41	42	43	44	5	list5	list5_744_arthritis_low3	3500	11500
6584	6583	fist	24499	375	293	328	280	7.3529	2.5752	3.4931	2.4683	Noun	366	0.976	3.867	1	24.33	4	6	1	high	high1	1	10	1	2	11	12	13	14	5	list5	list5_6584_fist_high1	3350	11350
2354	2353	burrito	8623	84	50	75	49	1.6471	1.9294	0.59609	1.7076	Noun	80	0.94118	3.2213	3	65.5	7	0	1	low	low3	4	40	1	2	41	42	43	44	5	list5	list5_2354_burrito_low3	3450	11450
4306	4305	cuff	15644	291	237	197	164	5.7059	2.4654	2.8255	2.3766	Noun	290	1	3.7572	1	10.67	4	6	1	high	high1	1	10	1	2	11	12	13	14	5	list5	list5_4306_cuff_high1	3350	11350
2643	2642	capital	9421	648	491	574	443	12.7059	2.8122	5.8536	2.692	Noun	637	0.98151	4.1041	3	51	7	0	1	high	high3	2	20	1	2	21	22	23	24	5	list5	list5_2643_capital_high3	3350	11350
12118	12117	opening	44619	1960	1360	1839	1297	38.4314	3.2925	16.2136	3.1339	Noun	1017	0.51914	4.5843	3	268.83	7	0	1	high	high3	2	20	1	2	21	22	23	24	5	list5	list5_12118_opening_high3	3200	11200
13526	13525	pottery	49509	94	61	74	47	1.8431	1.9777	0.72723	1.7924	Noun	94	1	3.2696	3	111	7	2	1	low	low3	4	40	1	2	41	42	43	44	5	list5	list5_13526_pottery_low3	3200	11200
15808	15807	shell	58422	674	403	520	370	13.2157	2.8293	4.8045	2.6064	Noun	593	0.76418	4.1211	1	34	5	5	1	high	high1	1	10	1	2	11	12	13	14	5	list5	list5_15808_shell_high1	3300	11300
12003	12002	obstacle	44176	132	107	131	107	2.5882	2.1239	1.2756	2.0334	Noun	132	1	3.4157	3	44.57	8	0	1	low	low3	4	40	1	2	41	42	43	44	5	list5	list5_12003_obstacle_low3	3450	11450
9906	9905	lens	36918	238	177	229	172	4.6667	2.3784	2.1102	2.2504	Noun	238	1	3.6702	1	27	4	13	1	high	high1	1	10	1	2	11	12	13	14	5	list5	list5_9906_lens_high1	3400	11400
9237	9236	jazz	34700	608	305	406	252	11.9216	2.7846	3.6361	2.4857	Noun	593	0.97694	4.0765	1	6.67	4	0	1	high	high1	1	10	1	2	11	12	13	14	5	list5	list5_9237_jazz_high1	3350	11350
13790	13789	promotion	50579	557	391	535	382	10.9216	2.7466	4.6614	2.5933	Noun	557	1	4.0385	3	112.25	9	0	1	high	high3	2	20	1	2	21	22	23	24	5	list5	list5_13790_promotion_high3	3350	11350
595	594	appendix	2738	133	88	125	86	2.6078	2.1271	1.0491	1.9494	Noun	133	1	3.4189	3	34.14	8	0	1	low	low3	4	40	1	2	41	42	43	44	5	list5	list5_595_appendix_low3	3250	11250
16696	16695	stack	61943	311	269	279	249	6.098	2.4942	3.207	2.4314	Noun	221	0.71061	3.786	1	44	5	10	1	high	high1	1	10	1	2	11	12	13	14	5	list5	list5_16696_stack_high1	3500	11500
7522	7521	goon	27877	116	64	67	55	2.2745	2.0682	0.76299	1.8129	Noun	99	0.86087	3.36	1	26	4	7	1	low	low1	3	30	1	2	31	32	33	34	5	list5	list5_7522_goon_low1	3350	11350
5135	5134	doc	19255	4122	1078	866	421	80.8235	3.6152	12.8517	3.033	Noun	4114	0.99951	4.907	1	3.5	3	5	1	high	high1	1	10	1	2	11	12	13	14	5	list5	list5_5135_doc_high1	3500	11500
112	111	advisor	941	225	145	198	132	4.4118	2.3541	1.7287	2.1644	Noun	224	0.99556	3.6459	3	21.5	7	1	1	low	low3	4	40	1	2	41	42	43	44	5	list5	list5_112_advisor_low3	3200	11200
12082	12081	olympics	44496	217	131	6	6	4.2549	2.3385	1.5618	2.1206	Noun	218	1	3.6303	3	21.71	8	0	1	low	low3	4	40	1	2	41	42	43	44	5	list5	list5_12082_olympics_low3	3400	11400
13719	13718	prize	50294	1142	735	977	634	22.3922	3.058	8.7625	2.8669	Noun	1116	0.97809	4.3499	1	29.25	5	3	1	high	high1	1	10	1	2	11	12	13	14	5	list5	list5_13719_prize_high1	3400	11400
7257	7256	gel	26916	83	67	80	65	1.6275	1.9243	0.79876	1.8325	Noun	77	0.92771	3.2161	1	3.5	3	6	1	low	low1	3	30	1	2	31	32	33	34	5	list5	list5_7257_gel_low1	3200	11200
7301	7300	gentleman	27027	2135	1254	2030	1212	41.8627	3.3296	14.9499	3.0986	Noun	2126	1	4.6214	3	28.38	9	1	1	high	high3	2	20	1	2	21	22	23	24	5	list5	list5_7301_gentleman_high3	3400	11400
3597	3596	comedy	12735	602	322	541	303	11.8039	2.7803	3.8388	2.5092	Noun	598	0.99667	4.0722	3	38.8	6	1	1	high	high3	2	20	1	2	21	22	23	24	5	list5	list5_3597_comedy_high3	3350	11350
19095	19094	wasp	72107	73	43	41	23	1.4314	1.8692	0.51264	1.6435	Noun	73	1	3.1611	1	24.33	4	6	1	low	low1	3	30	1	2	31	32	33	34	5	list5	list5_19095_wasp_low1	3200	11200
14124	14123	quiz	51844	252	155	226	144	4.9412	2.4031	1.8479	2.1931	Noun	231	0.92032	3.695	1	4.33	4	3	1	high	high1	1	10	1	2	11	12	13	14	5	list5	list5_14124_quiz_high1	3200	11200
8686	8685	hymn	31726	83	62	63	49	1.6275	1.9243	0.73915	1.7993	Noun	82	1	3.2161	1	1.33	4	0	1	low	low1	3	30	1	2	31	32	33	34	5	list5	list5_8686_hymn_low1	3350	11350
11567	11566	mutiny	42361	126	74	116	70	2.4706	2.1038	0.88221	1.8751	Noun	126	1	3.3956	3	75	6	0	1	low	low3	4	40	1	2	41	42	43	44	5	list5	list5_11567_mutiny_low3	3200	11200
14822	14821	ridge	55066	361	193	191	137	7.0784	2.5587	2.3009	2.2878	Noun	348	0.96667	3.8505	1	26.5	5	1	1	high	high1	1	10	1	2	11	12	13	14	5	list5	list5_14822_ridge_high1	3400	11400
9855	9854	leech	36769	89	50	56	40	1.7451	1.9542	0.59609	1.7076	Noun	57	0.64045	3.2461	1	35.75	5	2	1	low	low1	3	30	1	2	31	32	33	34	5	list5	list5_9855_leech_low1	3300	11300
12401	12400	pad	45840	415	327	390	312	8.1373	2.6191	3.8984	2.5159	Noun	368	0.88675	3.9109	1	10	3	19	1	high	high1	1	10	1	2	11	12	13	14	5	list5	list5_12401_pad_high1	3350	11350
17005	17004	stride	62957	107	68	75	67	2.098	2.0334	0.81068	1.8388	Noun	76	0.7037	3.3253	1	53	6	5	1	low	low1	3	30	1	2	31	32	33	34	5	list5	list5_17005_stride_low1	3400	11400
97	96	adoption	833	239	140	227	135	4.6863	2.3802	1.6691	2.1492	Noun	239	1	3.672	3	78.57	8	0	1	high	high3	2	20	1	2	21	22	23	24	5	list5	list5_97_adoption_high3	3350	11350
18033	18032	tornado	66909	130	76	106	66	2.549	2.1173	0.90606	1.8865	Noun	120	0.92308	3.4091	3	37.17	7	0	1	low	low3	4	40	1	2	41	42	43	44	5	list5	list5_18033_tornado_low3	3500	11500
3676	3675	component	13070	81	65	78	63	1.5882	1.9138	0.77492	1.8195	Noun	81	1	3.2056	3	98	9	0	1	low	low3	4	40	1	2	41	42	43	44	5	list5	list5_3676_component_low3	3300	11300
11015	11014	militia	40569	115	47	101	44	2.2549	2.0645	0.56032	1.6812	Noun	115	1	3.3563	3	35.17	7	0	1	low	low3	4	40	1	2	41	42	43	44	5	list5	list5_11015_militia_low3	3400	11400
3814	3813	continent	13872	187	135	168	121	3.6667	2.2742	1.6094	2.1335	Noun	185	1	3.566	3	115.5	9	0	1	low	low3	4	40	1	2	41	42	43	44	5	list5	list5_3814_continent_low3	3500	11500
5680	5679	elf	21016	193	76	158	67	3.7843	2.2878	0.90606	1.8865	Noun	190	0.98446	3.5796	1	2	3	3	1	low	low1	3	30	1	2	31	32	33	34	5	list5	list5_5680_elf_low1	3450	11450
17532	17531	tart	65061	122	93	96	79	2.3922	2.0899	1.1087	1.9731	Noun	107	0.86992	3.3817	1	33	4	12	1	low	low1	3	30	1	2	31	32	33	34	5	list5	list5_17532_tart_low1	3400	11400
17834	17833	thumb	66200	603	404	559	388	11.8235	2.781	4.8164	2.6075	Noun	591	0.9801	4.0729	1	14.75	5	1	1	high	high1	1	10	1	2	11	12	13	14	5	list5	list5_17834_thumb_high1	3300	11300
12157	12156	oracle	44730	114	37	31	21	2.2353	2.0607	0.44111	1.5798	Noun	114	1	3.3525	3	66.2	6	0	1	low	low3	4	40	1	2	41	42	43	44	5	list5	list5_12157_oracle_low3	3400	11400
3473	3472	cod	12323	114	70	34	25	2.2353	2.0607	0.83453	1.8513	Noun	66	0.57895	3.3525	1	11	3	22	1	low	low1	3	30	1	2	31	32	33	34	5	list5	list5_3473_cod_low1	3250	11250
10582	10581	manuscript	39041	137	80	131	76	2.6863	2.1399	0.95374	1.9085	Noun	137	1	3.4317	3	33.67	10	0	1	low	low3	4	40	1	2	41	42	43	44	5	list5	list5_10582_manuscript_low3	3500	11500
14623	14622	reporter	54101	1040	513	853	456	20.3922	3.0175	6.1159	2.711	Noun	1035	0.99711	4.3093	3	115.29	8	1	1	high	high3	2	20	1	2	21	22	23	24	5	list5	list5_14623_reporter_high3	3350	11350
16201	16200	slime	59848	141	106	126	101	2.7647	2.1523	1.2637	2.0294	Noun	127	0.90071	3.4441	1	27.25	5	3	1	low	low1	3	30	1	2	31	32	33	34	5	list5	list5_16201_slime_low1	3200	11200
9706	9705	lap	36333	687	519	647	496	13.4706	2.8376	6.1874	2.716	Noun	666	0.97085	4.1294	1	10	3	20	1	high	high1	1	10	1	2	11	12	13	14	5	list5	list5_9706_lap_high1	3200	11200
19487	19486	wrist	73695	527	370	515	363	10.3333	2.7226	4.4111	2.5694	Noun	526	1	4.0145	1	35.75	5	4	1	high	high1	1	10	1	2	11	12	13	14	5	list5	list5_19487_wrist_high1	3300	11300
3031	3030	charity	10705	841	538	787	522	16.4902	2.9253	6.4139	2.7316	Noun	840	1	4.2171	3	77.5	7	1	1	high	high3	2	20	1	2	21	22	23	24	5	list5	list5_3031_charity_high3	3250	11250
12660	12659	patch	46630	888	521	586	431	17.4118	2.9489	6.2113	2.7177	Noun	593	0.66779	4.2407	1	46.5	5	7	1	high	high1	1	10	1	2	11	12	13	14	5	list5	list5_12660_patch_high1	3400	11400
7716	7715	groove	28515	212	139	188	126	4.1569	2.3284	1.6571	2.1461	Noun	212	1	3.6202	1	41.6	6	1	1	low	low1	3	30	1	2	31	32	33	34	5	list5	list5_7716_groove_low1	3500	11500
15623	15622	seminar	57763	217	132	212	129	4.2549	2.3385	1.5737	2.1239	Noun	217	1	3.6303	3	38.83	7	1	1	low	low3	4	40	1	2	41	42	43	44	5	list5	list5_15623_seminar_low3	3200	11200
17616	17615	telegram	65358	471	235	414	216	9.2353	2.6739	2.8016	2.3729	Noun	467	1	3.9658	3	27	8	0	1	high	high3	2	20	1	2	21	22	23	24	5	list5	list5_17616_telegram_high3	3200	11200
5591	5590	ecstasy	20638	162	120	115	90	3.1765	2.2122	1.4306	2.0828	Noun	162	1	3.504	3	33.67	7	0	1	low	low3	4	40	1	2	41	42	43	44	5	list5	list5_5591_ecstasy_low3	3300	11300
6374	6373	felony	23897	285	224	262	213	5.5882	2.4564	2.6705	2.3522	Noun	272	0.96797	3.7482	3	31.8	6	1	1	high	high3	2	20	1	2	21	22	23	24	5	list5	list5_6374_felony_high3	3500	11500
15100	15099	ruse	55955	85	72	85	72	1.6667	1.9345	0.85837	1.8633	Noun	85	1	3.2263	1	20.67	4	9	1	low	low1	3	30	1	2	31	32	33	34	5	list5	list5_15100_ruse_low1	3250	11250
4644	4643	defendant	16825	904	316	875	310	17.7255	2.9566	3.7673	2.5011	Noun	904	1	4.2485	3	71.88	9	1	1	high	high3	2	20	1	2	21	22	23	24	5	list5	list5_4644_defendant_high3	3250	11250
218	217	aisle	1378	379	284	343	263	7.4314	2.5798	3.3858	2.4548	Noun	379	1	3.8716	1	17.5	5	0	1	high	high1	1	10	1	2	11	12	13	14	5	list5	list5_218_aisle_high1	3500	11500
2693	2692	cardinal	9589	208	85	90	48	4.0784	2.3201	1.0134	1.9345	Noun	156	0.75	3.612	3	82.57	8	0	1	low	low3	4	40	1	2	41	42	43	44	5	list5	list5_2693_cardinal_low3	3200	11200
14523	14522	rehearsal	53511	635	351	605	343	12.451	2.8035	4.1845	2.5465	Noun	632	0.99685	4.0953	3	56.13	9	0	1	high	high3	2	20	1	2	21	22	23	24	5	list5	list5_14523_rehearsal_high3	3350	11350
7413	7412	glimpse	27490	171	162	171	162	3.3529	2.2355	1.9313	2.2122	Noun	162	0.94737	3.5274	1	30.83	7	0	1	low	low1	3	30	1	2	31	32	33	34	5	list5	list5_7413_glimpse_low1	3450	11450
13435	13434	popsicle	49199	82	58	33	26	1.6078	1.9191	0.69146	1.7709	Noun	73	0.89024	3.2109	3	35.14	8	0	1	low	low3	4	40	1	2	41	42	43	44	5	list5	list5_13435_popsicle_low3	3300	11300
592	591	appearance	2714	591	498	585	494	11.5882	2.7723	5.9371	2.6981	Noun	593	1	4.0642	3	46.33	10	0	1	high	high3	2	20	1	2	21	22	23	24	5	list5	list5_592_appearance_high3	3200	11200
17970	17969	toll	66697	171	151	155	139	3.3529	2.2355	1.8002	2.1818	Noun	144	0.84211	3.5274	1	37	4	12	1	low	low1	3	30	1	2	31	32	33	34	5	list5	list5_17970_toll_low1	3450	11450
14775	14774	revolver	54888	141	101	140	101	2.7647	2.1523	1.2041	2.0086	Noun	144	1	3.4441	3	82.43	8	2	1	low	low3	4	40	1	2	41	42	43	44	5	list5	list5_14775_revolver_low3	3300	11300
2212	2211	brute	8187	162	133	142	119	3.1765	2.2122	1.5856	2.1271	Noun	162	1	3.504	1	29.25	5	0	1	low	low1	3	30	1	2	31	32	33	34	5	list5	list5_2212_brute_low1	3300	11300
1840	1839	bone	7102	1329	855	1221	819	26.0588	3.1239	10.1931	2.9325	Noun	1288	0.97061	4.4157	1	30.33	4	15	1	high	high1	1	10	1	2	11	12	13	14	5	list5	list5_1840_bone_high1	3400	11400
4285	4284	cub	15588	107	68	38	27	2.098	2.0334	0.81068	1.8388	Noun	104	0.97196	3.3253	1	6.5	3	13	1	low	low1	3	30	1	2	31	32	33	34	5	list5	list5_4285_cub_low1	3400	11400
15941	15940	shrine	58867	151	93	121	88	2.9608	2.1818	1.1087	1.9731	Noun	151	1	3.4737	1	90	6	1	1	low	low1	3	30	1	2	31	32	33	34	5	list5	list5_15941_shrine_low1	3200	11200
18129	18128	tradition	67176	697	524	676	513	13.6667	2.8439	6.247	2.7202	Noun	699	1	4.1357	3	112.88	9	0	1	high	high3	2	20	1	2	21	22	23	24	5	list5	list5_18129_tradition_high3	3350	11350
10103	10102	lip	37436	548	434	517	418	10.7451	2.7396	5.1741	2.6385	Noun	538	0.98716	4.0314	1	7.5	3	15	1	high	high1	1	10	1	2	11	12	13	14	5	list5	list5_10103_lip_high1	3450	11450
18725	18724	vein	70955	183	138	180	136	3.5882	2.2648	1.6452	2.143	Noun	184	1	3.5567	1	13	4	3	1	low	low1	3	30	1	2	31	32	33	34	5	list5	list5_18725_vein_low1	3400	11400
18609	18608	urn	70533	99	46	88	43	1.9412	2	0.5484	1.6721	Noun	88	0.88889	3.2918	1	1	3	0	1	low	low1	3	30	1	2	31	32	33	34	5	list5	list5_18609_urn_low1	3350	11350
17935	17934	toad	66587	290	130	176	112	5.6863	2.4639	1.5498	2.1173	Noun	182	0.62759	3.7557	1	22.67	4	5	1	high	high1	1	10	1	2	11	12	13	14	5	list5	list5_17935_toad_high1	3450	11450
1620	1619	bitterness	6301	72	68	71	67	1.4118	1.8633	0.81068	1.8388	Noun	72	1	3.1552	3	51.33	10	0	1	low	low3	4	40	1	2	41	42	43	44	5	list5	list5_1620_bitterness_low3	3400	11400
6495	6494	filmmaker	24263	104	62	100	59	2.0392	2.0212	0.73915	1.7993	Noun	101	0.97115	3.313	3	29	9	0	1	low	low3	4	40	1	2	41	42	43	44	5	list5	list5_6495_filmmaker_low3	3200	11200
5839	5838	entity	21826	86	58	85	58	1.6863	1.9395	0.69146	1.7709	Noun	86	1	3.2314	3	43.2	6	1	1	low	low3	4	40	1	2	41	42	43	44	5	list5	list5_5839_entity_low3	3350	11350
4808	4807	destroyer	17658	185	91	116	74	3.6275	2.2695	1.0849	1.9638	Noun	174	0.98305	3.5613	3	63	9	1	1	low	low3	4	40	1	2	41	42	43	44	5	list5	list5_4808_destroyer_low3	3350	11350
9476	9475	kidnapping	35571	617	340	567	320	12.098	2.791	4.0534	2.5328	Noun	561	0.90924	4.0828	3	114.67	10	0	1	high	high3	2	20	1	2	21	22	23	24	5	list5	list5_9476_kidnapping_high3	3500	11500
1286	1285	batch	5065	212	188	208	186	4.1569	2.3284	2.2413	2.2765	Noun	210	0.99057	3.6202	1	45	5	9	1	low	low1	3	30	1	2	31	32	33	34	5	list5	list5_1286_batch_low1	3200	11200
16484	16483	spade	61046	118	57	55	38	2.3137	2.0755	0.67954	1.7634	Noun	92	0.78632	3.3674	1	28.5	5	5	1	low	low1	3	30	1	2	31	32	33	34	5	list5	list5_16484_spade_low1	3450	11450
357	356	ambition	1846	273	233	257	221	5.3529	2.4378	2.7778	2.3692	Noun	273	1	3.7296	3	82.29	8	0	1	high	high3	2	20	1	2	21	22	23	24	5	list5	list5_357_ambition_high3	3500	11500
4750	4749	deposit	17375	551	373	524	360	10.8039	2.7419	4.4468	2.5729	Noun	432	0.78403	4.0338	3	34.67	7	0	1	high	high3	2	20	1	2	21	22	23	24	5	list5	list5_4750_deposit_high3	3350	11350
3386	3385	clot	12064	92	61	91	60	1.8039	1.9685	0.72723	1.7924	Noun	77	0.83696	3.2603	1	18	4	6	1	low	low1	3	30	1	2	31	32	33	34	5	list5	list5_3386_clot_low1	3200	11200
13196	13195	plant	48489	1408	831	1338	795	27.6078	3.1489	9.907	2.9201	Noun	1036	0.73527	4.4407	1	43.5	5	5	1	high	high1	1	10	1	2	11	12	13	14	5	list5	list5_13196_plant_high1	3300	11300
18822	18821	video	71276	2105	1088	1916	1045	41.2745	3.3235	12.9709	3.037	Noun	2033	0.9658	4.6153	3	23	5	1	1	high	high3	2	20	1	2	21	22	23	24	5	list5	list5_18822_video_high3	3400	11400
1193	1192	barbecue	4787	456	272	408	256	8.9412	2.6599	3.2427	2.4362	Noun	366	0.80617	3.9518	3	40.29	8	0	1	high	high3	2	20	1	2	21	22	23	24	5	list5	list5_1193_barbecue_high3	3300	11300
9059	9058	intention	33754	559	456	558	456	10.9608	2.7482	5.4363	2.6599	Noun	558	1	4.04	3	137.25	9	1	1	high	high3	2	20	1	2	21	22	23	24	5	list5	list5_9059_intention_high3	3450	11450
11973	11972	oath	44041	504	308	485	297	9.8824	2.7033	3.6719	2.49	Noun	504	1	3.9951	1	14	4	6	1	high	high1	1	10	1	2	11	12	13	14	5	list5	list5_11973_oath_high1	3300	11300
9619	9618	lack	36082	905	761	858	730	17.7451	2.9571	9.0725	2.882	Noun	702	0.77655	4.249	1	33.33	4	16	1	high	high1	1	10	1	2	11	12	13	14	5	list5	list5_9619_lack_high1	3250	11250
15339	15338	scam	56758	313	225	308	224	6.1373	2.4969	2.6824	2.3541	Noun	277	0.88782	3.7888	1	8	4	8	1	high	high1	1	10	1	2	11	12	13	14	5	list5	list5_15339_scam_high1	3350	11350
4128	4127	creation	15062	310	247	282	234	6.0784	2.4928	2.9447	2.3945	Noun	310	1	3.7846	3	118.57	8	0	1	high	high3	2	20	1	2	21	22	23	24	5	list5	list5_4128_creation_high3	3350	11350
5879	5878	episode	21998	627	462	446	316	12.2941	2.798	5.5079	2.6656	Noun	624	1	4.0898	3	23.17	7	0	1	high	high3	2	20	1	2	21	22	23	24	5	list5	list5_5879_episode_high3	3450	11450
10701	10700	mat	39422	178	139	166	135	3.4902	2.2529	1.6571	2.1461	Noun	174	0.98305	3.5447	1	11.5	3	22	1	low	low1	3	30	1	2	31	32	33	34	5	list5	list5_10701_mat_low1	3350	11350
11199	11198	mockery	41191	94	76	92	75	1.8431	1.9777	0.90606	1.8865	Noun	94	1	3.2696	3	101.17	7	1	1	low	low3	4	40	1	2	41	42	43	44	5	list5	list5_11199_mockery_low3	3450	11450
7801	7800	guild	28755	103	53	14	11	2.0196	2.017	0.63186	1.7324	Noun	100	0.97087	3.3089	1	24.5	5	3	1	low	low1	3	30	1	2	31	32	33	34	5	list5	list5_7801_guild_low1	3500	11500
748	747	article	3264	998	553	953	531	19.5686	2.9996	6.5928	2.7435	Noun	995	1	4.2914	3	40.83	7	0	1	high	high3	2	20	1	2	21	22	23	24	5	list5	list5_748_article_high3	3350	11350
2046	2045	brat	7678	317	228	299	219	6.2157	2.5024	2.7182	2.3598	Noun	317	1	3.7943	1	20	4	8	1	high	high1	1	10	1	2	11	12	13	14	5	list5	list5_2046_brat_high1	3200	11200
13650	13649	pretender	50077	94	37	54	35	1.8431	1.9777	0.44111	1.5798	Noun	91	0.96809	3.2696	3	79.13	9	1	1	low	low3	4	40	1	2	41	42	43	44	5	list5	list5_13650_pretender_low3	3500	11500
16560	16559	spice	61349	270	161	181	100	5.2941	2.433	1.9194	2.2095	Noun	233	0.86296	3.7248	1	31.5	5	7	1	high	high1	1	10	1	2	11	12	13	14	5	list5	list5_16560_spice_high1	3300	11300
2952	2951	certainty	10416	154	126	152	125	3.0196	2.1903	1.5021	2.1038	Noun	155	1	3.4822	3	58	9	1	1	low	low3	4	40	1	2	41	42	43	44	5	list5	list5_2952_certainty_low3	3450	11450
5616	5615	eel	20722	73	52	64	50	1.4314	1.8692	0.61993	1.7243	Noun	72	1	3.1611	1	1.5	3	1	1	low	low1	3	30	1	2	31	32	33	34	5	list5	list5_5616_eel_low1	3350	11350
14258	14257	rank	52210	433	325	416	314	8.4902	2.6375	3.8746	2.5132	Noun	376	0.86836	3.9293	1	32.33	4	13	1	high	high1	1	10	1	2	11	12	13	14	5	list5	list5_14258_rank_high1	3350	11350
2979	2978	challenger	10520	77	50	54	41	1.5098	1.8921	0.59609	1.7076	Noun	77	1	3.1839	3	42.44	10	2	1	low	low3	4	40	1	2	41	42	43	44	5	list5	list5_2979_challenger_low3	3500	11500
139	138	agenda	1157	373	272	360	267	7.3137	2.5729	3.2427	2.4362	Noun	372	0.99732	3.8647	3	14.2	6	0	1	high	high3	2	20	1	2	21	22	23	24	5	list5	list5_139_agenda_high3	3450	11450
17188	17187	summary	63688	85	69	79	65	1.6667	1.9345	0.8226	1.8451	Noun	85	1	3.2263	3	52.67	7	1	1	low	low3	4	40	1	2	41	42	43	44	5	list5	list5_17188_summary_low3	3200	11200
2845	2844	cathedral	10070	190	99	118	72	3.7255	2.281	1.1803	2	Noun	190	1	3.5729	3	37.5	9	0	1	low	low3	4	40	1	2	41	42	43	44	5	list5	list5_2845_cathedral_low3	3200	11200
1342	1341	beak	5204	107	88	100	85	2.098	2.0334	1.0491	1.9494	Noun	108	1	3.3253	1	30.67	4	11	1	low	low1	3	30	1	2	31	32	33	34	5	list5	list5_1342_beak_low1	3200	11200
3104	3103	chess	10958	380	189	332	176	7.451	2.5809	2.2532	2.2788	Noun	370	0.97625	3.8728	1	28.5	5	4	1	high	high1	1	10	1	2	11	12	13	14	5	list5	list5_3104_chess_high1	3300	11300
5751	5750	employment	21325	272	234	252	219	5.3333	2.4362	2.7897	2.3711	Noun	271	1	3.728	3	45	10	0	1	high	high3	2	20	1	2	21	22	23	24	5	list5	list5_5751_employment_high3	3500	11500
11471	11470	mud	42007	756	506	674	471	14.8235	2.8791	6.0324	2.705	Noun	755	1	4.1709	1	3.5	3	8	1	high	high1	1	10	1	2	11	12	13	14	5	list5	list5_11471_mud_high1	3200	11200
13112	13111	pioneer	48258	106	73	67	55	2.0784	2.0294	0.87029	1.8692	Noun	101	0.97115	3.3212	3	79.5	7	0	1	low	low3	4	40	1	2	41	42	43	44	5	list5	list5_13112_pioneer_low3	3500	11500
808	807	assignment	3489	912	606	904	603	17.8824	2.9605	7.2246	2.7832	Noun	912	1	4.2523	3	41.78	10	0	1	high	high3	2	20	1	2	21	22	23	24	5	list5	list5_808_assignment_high3	3300	11300
11336	11335	moose	41623	282	126	152	88	5.5294	2.4518	1.5021	2.1038	Noun	275	0.97518	3.7436	1	44.25	5	4	1	high	high1	1	10	1	2	11	12	13	14	5	list5	list5_11336_moose_high1	3350	11350
16099	16098	sketch	59475	252	159	242	154	4.9412	2.4031	1.8956	2.2041	Noun	200	0.79365	3.695	1	16.2	6	0	1	high	high1	1	10	1	2	11	12	13	14	5	list5	list5_16099_sketch_high1	3450	11450
9063	9062	intercom	33797	107	69	84	59	2.098	2.0334	0.8226	1.8451	Noun	107	1	3.3253	3	59	8	0	1	low	low3	4	40	1	2	41	42	43	44	5	list5	list5_9063_intercom_low3	3300	11300
18224	18223	trend	67604	106	79	84	76	2.0784	2.0294	0.94182	1.9031	Noun	87	0.83654	3.3212	1	33	5	1	1	low	low1	3	30	1	2	31	32	33	34	5	list5	list5_18224_trend_low1	3450	11450
10263	10262	loop	37904	345	255	321	240	6.7647	2.5391	3.0401	2.4082	Noun	312	0.90435	3.8309	1	32.67	4	7	1	high	high1	1	10	1	2	11	12	13	14	5	list5	list5_10263_loop_high1	3350	11350
2137	2136	brink	7947	127	110	112	102	2.4902	2.1072	1.3114	2.0453	Noun	123	0.9685	3.399	1	52.25	5	7	1	low	low1	3	30	1	2	31	32	33	34	5	list5	list5_2137_brink_low1	3350	11350
6049	6048	excitement	22674	628	523	602	508	12.3137	2.7987	6.2351	2.7193	Noun	622	0.99361	4.0905	3	56.67	10	0	1	high	high3	2	20	1	2	21	22	23	24	5	list5	list5_6049_excitement_high3	3350	11350
13034	13033	pier	48013	334	213	235	166	6.549	2.525	2.5393	2.3304	Noun	334	0.99701	3.8169	1	17	4	5	1	high	high1	1	10	1	2	11	12	13	14	5	list5	list5_13034_pier_high1	3200	11200
14066	14065	quarantine	51613	227	91	202	87	4.451	2.3579	1.0849	1.9638	Noun	195	0.85903	3.6498	3	126	10	0	1	low	low3	4	40	1	2	41	42	43	44	5	list5	list5_14066_quarantine_low3	3450	11450
1767	1766	boar	6846	111	60	93	55	2.1765	2.0492	0.71531	1.7853	Noun	111	1	3.3411	1	26.33	4	5	1	low	low1	3	30	1	2	31	32	33	34	5	list5	list5_1767_boar_low1	3450	11450
832	831	astronaut	3591	202	99	190	99	3.9608	2.3075	1.1803	2	Noun	182	0.91	3.5993	3	32.5	9	0	1	low	low3	4	40	1	2	41	42	43	44	5	list5	list5_832_astronaut_low3	3250	11250
16496	16495	spark	61097	320	224	286	208	6.2745	2.5065	2.6705	2.3522	Noun	252	0.79495	3.7983	1	34.75	5	4	1	high	high1	1	10	1	2	11	12	13	14	5	list5	list5_16496_spark_high1	3400	11400
6574	6573	fisherman	24468	221	145	186	126	4.3333	2.3464	1.7287	2.1644	Noun	220	1	3.6382	3	51.63	9	1	1	low	low3	4	40	1	2	41	42	43	44	5	list5	list5_6574_fisherman_low3	3450	11450
