numid|f	X|f	Word|s	Unnamed|f	FREQcount|f	Cdcount|f	FREQlow|f	Cdlow|f	SUBLTLWF|f	Lg10WF|f	SUBTLCD|f	Lg10CD|f	Dom_PoS_SUBTLEX|s	Freq_dom_PoS_SUBTLEX|f	Percentage_dom_PoS|f	Zipfvalue|f	cmu_sylls|f	BF_TP|f	LEN_L|f	N|f	Zipfvalue_incl|f	Zipfvalue_cat|s	cond_name|s	cond_code|f	trigger_code|f	len|f	corr_resp|f	fix_code|f	word_code|f	delay_code|f	audioresp_code|f	list|f	list_name|s	file_num|s	jittered_ISI|f	total_time|f
18698	18697	varsity	70865	89	66	67	51	1.7451	1.9542	0.78684	1.8261	Noun	88	0.98876	3.2461	3	74.5	7	0	1	low	low3	4	40	1	2	41	42	43	44	4	list4	list4_18698_varsity_low3	3300	11300
13204	13203	plaque	48502	106	65	102	63	2.0784	2.0294	0.77492	1.8195	Noun	106	1	3.3212	1	29.2	6	1	1	low	low1	3	30	1	2	31	32	33	34	4	list4	list4_13204_plaque_low1	3500	11500
5774	5773	encounter	21435	284	251	276	246	5.5686	2.4548	2.9924	2.4014	Noun	187	0.65845	3.7467	3	79.88	9	0	1	high	high3	2	20	1	2	21	22	23	24	4	list4	list4_5774_encounter_high3	3350	11350
13373	13372	pollution	48995	97	77	85	69	1.902	1.9912	0.91798	1.8921	Noun	97	1	3.2831	3	108	9	0	1	low	low3	4	40	1	2	41	42	43	44	4	list4	list4_13373_pollution_low3	3500	11500
15040	15039	royalty	55766	200	133	154	120	3.9216	2.3032	1.5856	2.1271	Noun	200	1	3.595	3	28.33	7	2	1	low	low3	4	40	1	2	41	42	43	44	4	list4	list4_15040_royalty_low3	3450	11450
17102	17101	subpoena	63370	113	87	109	83	2.2157	2.0569	1.0372	1.9445	Noun	71	0.63393	3.3487	3	30.71	8	0	1	low	low3	4	40	1	2	41	42	43	44	4	list4	list4_17102_subpoena_low3	3200	11200
15425	15424	scoop	57060	289	210	245	195	5.6667	2.4624	2.5036	2.3243	Noun	183	0.63322	3.7542	1	21	5	4	1	high	high1	1	10	1	2	11	12	13	14	4	list4	list4_15425_scoop_high1	3250	11250
5747	5746	employee	21320	590	429	553	415	11.5686	2.7716	5.1144	2.6335	Noun	588	0.9983	4.0634	3	25.43	8	2	1	high	high3	2	20	1	2	21	22	23	24	4	list4	list4_5747_employee_high3	3200	11200
11353	11352	morgue	41679	440	269	420	258	8.6275	2.6444	3.207	2.4314	Noun	440	1	3.9363	1	38.4	6	0	1	high	high1	1	10	1	2	11	12	13	14	4	list4	list4_11353_morgue_high1	3250	11250
17379	17378	symphony	64532	181	136	110	86	3.549	2.2601	1.6214	2.1367	Noun	180	0.99448	3.5519	3	28.29	8	0	1	low	low3	4	40	1	2	41	42	43	44	4	list4	list4_17379_symphony_low3	3200	11200
12719	12718	pawn	46784	221	136	201	129	4.3333	2.3464	1.6214	2.1367	Noun	145	0.65909	3.6382	1	20	4	7	1	low	low1	3	30	1	2	31	32	33	34	4	list4	list4_12719_pawn_low1	3300	11300
3613	3612	commander	12780	1887	484	582	307	37	3.276	5.7701	2.6857	Noun	1863	0.98833	4.5678	3	83.63	9	1	1	high	high3	2	20	1	2	21	22	23	24	4	list4	list4_3613_commander_high3	3350	11350
9474	9473	kidnapper	35569	206	92	194	89	4.0392	2.316	1.0968	1.9685	Noun	202	0.98058	3.6078	3	23.88	9	1	1	low	low3	4	40	1	2	41	42	43	44	4	list4	list4_9474_kidnapper_low3	3250	11250
18940	18939	volcano	71619	170	108	161	101	3.3333	2.233	1.2876	2.0374	Noun	169	1	3.5248	3	26.83	7	0	1	low	low3	4	40	1	2	41	42	43	44	4	list4	list4_18940_volcano_low3	3250	11250
10800	10799	medicine	39769	1744	1000	1552	941	34.1961	3.2418	11.9218	3.0004	Noun	1731	1	4.5336	3	158.43	8	0	1	high	high3	2	20	1	2	21	22	23	24	4	list4	list4_10800_medicine_high3	3300	11300
10423	10422	magician	38525	390	191	372	187	7.6471	2.5922	2.2771	2.2833	Noun	382	0.99479	3.884	3	42.57	8	0	1	high	high3	2	20	1	2	21	22	23	24	4	list4	list4_10423_magician_high3	3300	11300
14407	14406	recorder	52953	252	178	232	169	4.9412	2.4031	2.1221	2.2529	Noun	252	1	3.695	3	99	8	1	1	high	high3	2	20	1	2	21	22	23	24	4	list4	list4_14407_recorder_high3	3450	11450
7691	7690	grip	28452	494	399	477	391	9.6863	2.6946	4.7568	2.6021	Noun	435	0.88057	3.9864	1	14.33	4	6	1	high	high1	1	10	1	2	11	12	13	14	4	list4	list4_7691_grip_high1	3500	11500
13362	13361	poll	48968	127	79	112	70	2.4902	2.1072	0.94182	1.9031	Noun	129	0.99231	3.399	1	37.67	4	13	1	low	low1	3	30	1	2	31	32	33	34	4	list4	list4_13362_poll_low1	3200	11200
1135	1134	ban	4622	160	84	125	71	3.1373	2.2068	1.0014	1.9294	Noun	83	0.51875	3.4987	1	8.5	3	18	1	low	low1	3	30	1	2	31	32	33	34	4	list4	list4_1135_ban_low1	3450	11450
1086	1085	bakery	4491	179	117	158	108	3.5098	2.2553	1.3948	2.0719	Noun	175	0.97765	3.5471	3	53.4	6	1	1	low	low3	4	40	1	2	41	42	43	44	4	list4	list4_1086_bakery_low3	3200	11200
9547	9546	knack	35781	127	103	126	103	2.4902	2.1072	1.2279	2.017	Noun	127	1	3.399	1	25.5	5	2	1	low	low1	3	30	1	2	31	32	33	34	4	list4	list4_9547_knack_low1	3450	11450
18772	18771	verse	71124	238	170	219	155	4.6667	2.3784	2.0267	2.233	Noun	227	0.95781	3.6702	1	31.5	5	3	1	high	high1	1	10	1	2	11	12	13	14	4	list4	list4_18772_verse_high1	3400	11400
14292	14291	rat	52314	1663	941	1489	893	32.6078	3.2212	11.2184	2.9741	Noun	1542	0.93172	4.513	1	10.5	3	22	1	high	high1	1	10	1	2	11	12	13	14	4	list4	list4_14292_rat_high1	3250	11250
3387	3386	cloth	12066	311	236	304	230	6.098	2.4942	2.8135	2.3747	Noun	311	1	3.786	1	39.75	5	2	1	high	high1	1	10	1	2	11	12	13	14	4	list4	list4_3387_cloth_high1	3450	11450
18352	18351	tub	68050	647	461	634	454	12.6863	2.8116	5.4959	2.6646	Noun	647	0.99846	4.1034	1	5	3	9	1	high	high1	1	10	1	2	11	12	13	14	4	list4	list4_18352_tub_high1	3350	11350
14038	14037	pyramid	51482	204	99	186	90	4	2.3118	1.1803	2	Noun	203	0.9951	3.6036	3	17.83	7	0	1	low	low3	4	40	1	2	41	42	43	44	4	list4	list4_14038_pyramid_low3	3300	11300
17289	17288	survivor	64129	221	153	191	138	4.3333	2.3464	1.824	2.1875	Noun	219	1	3.6382	3	33.86	8	0	1	low	low3	4	40	1	2	41	42	43	44	4	list4	list4_17289_survivor_low3	3200	11200
11094	11093	mint	40797	277	204	201	159	5.4314	2.444	2.432	2.3118	Noun	169	0.62593	3.7359	1	32.67	4	10	1	high	high1	1	10	1	2	11	12	13	14	4	list4	list4_11094_mint_high1	3450	11450
10500	10499	mall	38766	964	426	855	398	18.902	2.9845	5.0787	2.6304	Noun	965	1	4.2764	1	38	4	15	1	high	high1	1	10	1	2	11	12	13	14	4	list4	list4_10500_mall_high1	3250	11250
3004	3003	chap	10627	324	228	311	222	6.3529	2.5119	2.7182	2.3598	Noun	322	0.99077	3.8037	1	13	4	6	1	high	high1	1	10	1	2	11	12	13	14	4	list4	list4_3004_chap_high1	3350	11350
13292	13291	plunge	48759	114	101	108	96	2.2353	2.0607	1.2041	2.0086	Noun	61	0.53509	3.3525	1	33.2	6	0	1	low	low1	3	30	1	2	31	32	33	34	4	list4	list4_13292_plunge_low1	3400	11400
13910	13909	puck	51092	147	56	108	39	2.8824	2.1703	0.66762	1.7559	Noun	103	0.70548	3.4621	1	25	4	13	1	low	low1	3	30	1	2	31	32	33	34	4	list4	list4_13910_puck_low1	3250	11250
6830	6829	fore	25359	135	96	78	60	2.6471	2.1335	1.1445	1.9868	Noun	61	0.45185	3.4254	1	32.33	4	15	1	low	low1	3	30	1	2	31	32	33	34	4	list4	list4_6830_fore_low1	3250	11250
4790	4789	designer	17584	267	205	240	182	5.2353	2.4281	2.444	2.3139	Noun	267	1	3.72	3	82.14	8	1	1	high	high3	2	20	1	2	21	22	23	24	4	list4	list4_4790_designer_high3	3400	11400
17785	17784	thirst	66012	190	152	185	150	3.7255	2.281	1.8121	2.1847	Noun	167	0.87895	3.5729	1	36.2	6	0	1	low	low1	3	30	1	2	31	32	33	34	4	list4	list4_17785_thirst_low1	3450	11450
16225	16224	sloth	59952	74	24	26	18	1.451	1.8751	0.28612	1.3979	Noun	74	1	3.1669	1	40	5	3	1	low	low1	3	30	1	2	31	32	33	34	4	list4	list4_16225_sloth_low1	3500	11500
8680	8679	hyena	31714	72	37	64	35	1.4118	1.8633	0.44111	1.5798	Noun	70	0.97222	3.1552	3	8	5	0	1	low	low3	4	40	1	2	41	42	43	44	4	list4	list4_8680_hyena_low3	3250	11250
9817	9816	leaf	36653	265	217	246	204	5.1961	2.4249	2.587	2.3385	Noun	259	0.97736	3.7167	1	27.67	4	7	1	high	high1	1	10	1	2	11	12	13	14	4	list4	list4_9817_leaf_high1	3500	11500
10534	10533	maneuver	38871	143	113	135	110	2.8039	2.1584	1.3472	2.0569	Noun	87	0.61702	3.4502	3	64.86	8	0	1	low	low3	4	40	1	2	41	42	43	44	4	list4	list4_10534_maneuver_low3	3450	11450
17427	17426	tack	64700	108	73	90	67	2.1176	2.0374	0.87029	1.8692	Noun	60	0.55556	3.3293	1	30	4	15	1	low	low1	3	30	1	2	31	32	33	34	4	list4	list4_17427_tack_low1	3300	11300
3718	3717	concussion	13269	229	182	206	170	4.4902	2.3617	2.1698	2.2625	Noun	229	1	3.6536	3	118.33	10	1	1	high	high3	2	20	1	2	21	22	23	24	4	list4	list4_3718_concussion_high3	3450	11450
9836	9835	leash	36711	219	165	215	162	4.2941	2.3424	1.9671	2.2201	Noun	213	0.97706	3.6343	1	44	5	3	1	low	low1	3	30	1	2	31	32	33	34	4	list4	list4_9836_leash_low1	3300	11300
11331	11330	moor	41611	101	23	82	14	1.9804	2.0086	0.2742	1.3802	Noun	105	0.97222	3.3004	1	26.33	4	6	1	low	low1	3	30	1	2	31	32	33	34	4	list4	list4_11331_moor_low1	3250	11250
93	92	admission	798	181	164	167	153	3.549	2.2601	1.9552	2.2175	Noun	181	1	3.5519	3	71	9	0	1	low	low3	4	40	1	2	41	42	43	44	4	list4	list4_93_admission_low3	3300	11300
7578	7577	graft	28057	84	49	79	48	1.6471	1.9294	0.58417	1.699	Noun	71	0.84524	3.2213	1	36.5	5	3	1	low	low1	3	30	1	2	31	32	33	34	4	list4	list4_7578_graft_low1	3450	11450
4717	4716	denial	17229	268	199	224	173	5.2549	2.4298	2.3724	2.301	Noun	268	1	3.7216	3	58.6	6	3	1	high	high3	2	20	1	2	21	22	23	24	4	list4	list4_4717_denial_high3	3350	11350
6263	6262	farce	23544	89	68	88	67	1.7451	1.9542	0.81068	1.8388	Noun	89	1	3.2461	1	35.75	5	1	1	low	low1	3	30	1	2	31	32	33	34	4	list4	list4_6263_farce_low1	3250	11250
5606	5605	edition	20691	249	194	229	177	4.8824	2.3979	2.3128	2.29	Noun	248	1	3.6898	3	62.17	7	0	1	high	high3	2	20	1	2	21	22	23	24	4	list4	list4_5606_edition_high3	3200	11200
6027	6026	example	22610	1527	1184	1508	1168	29.9412	3.1841	14.1154	3.0737	Noun	907	0.59281	4.476	3	39.17	7	0	1	high	high3	2	20	1	2	21	22	23	24	4	list4	list4_6027_example_high3	3200	11200
2344	2343	burial	8579	242	197	229	187	4.7451	2.3856	2.3486	2.2967	Noun	243	1	3.6774	3	62.2	6	0	1	high	high3	2	20	1	2	21	22	23	24	4	list4	list4_2344_burial_high3	3350	11350
13173	13172	plague	48436	424	254	383	234	8.3137	2.6284	3.0281	2.4065	Noun	391	0.92	3.9202	1	30.8	6	1	1	high	high1	1	10	1	2	11	12	13	14	4	list4	list4_13173_plague_high1	3500	11500
14409	14408	recording	52955	748	371	712	353	14.6667	2.8745	4.423	2.5705	Noun	552	0.73797	4.1663	3	230.5	9	0	1	high	high3	2	20	1	2	21	22	23	24	4	list4	list4_14409_recording_high3	3300	11300
2839	2838	caterer	10052	106	79	103	79	2.0784	2.0294	0.94182	1.9031	Noun	106	1	3.3212	3	121.67	7	1	1	low	low3	4	40	1	2	41	42	43	44	4	list4	list4_2839_caterer_low3	3400	11400
14683	14682	resistance	54386	431	272	289	236	8.451	2.6355	3.2427	2.4362	Noun	431	1	3.9273	3	68.89	10	0	1	high	high3	2	20	1	2	21	22	23	24	4	list4	list4_14683_resistance_high3	3300	11300
16967	16966	strap	62830	263	217	221	190	5.1569	2.4216	2.587	2.3385	Noun	190	0.72243	3.7134	1	26.25	5	4	1	high	high1	1	10	1	2	11	12	13	14	4	list4	list4_16967_strap_high1	3400	11400
13939	13938	pump	51213	645	458	550	412	12.6471	2.8102	5.4602	2.6618	Noun	376	0.58567	4.1021	1	16.67	4	9	1	high	high1	1	10	1	2	11	12	13	14	4	list4	list4_13939_pump_high1	3250	11250
4202	4201	crock	15295	103	80	98	77	2.0196	2.017	0.95374	1.9085	Noun	102	0.99029	3.3089	1	43.5	5	6	1	low	low1	3	30	1	2	31	32	33	34	4	list4	list4_4202_crock_low1	3400	11400
19490	19489	writ	73703	88	61	85	59	1.7255	1.9494	0.72723	1.7924	Noun	75	0.85227	3.2412	1	13.33	4	3	1	low	low1	3	30	1	2	31	32	33	34	4	list4	list4_19490_writ_low1	3250	11250
3732	3731	conductor	13327	155	107	122	91	3.0392	2.1931	1.2756	2.0334	Noun	155	1	3.485	3	68.88	9	0	1	low	low3	4	40	1	2	41	42	43	44	4	list4	list4_3732_conductor_low3	3450	11450
3742	3741	confession	13369	841	546	809	535	16.4902	2.9253	6.5093	2.738	Noun	836	1	4.2171	3	123.78	10	1	1	high	high3	2	20	1	2	21	22	23	24	4	list4	list4_3742_confession_high3	3350	11350
12344	12343	overtime	45657	318	261	306	251	6.2353	2.5038	3.1116	2.4183	Noun	178	0.55975	3.7956	3	75.43	8	0	1	high	high3	2	20	1	2	21	22	23	24	4	list4	list4_12344_overtime_high3	3350	11350
10960	10959	microwave	40424	199	165	188	160	3.902	2.301	1.9671	2.2201	Noun	200	1	3.5929	3	29.88	9	0	1	low	low3	4	40	1	2	41	42	43	44	4	list4	list4_10960_microwave_low3	3500	11500
19219	19218	wheel	72598	1380	851	1283	798	27.0588	3.1402	10.1454	2.9304	Noun	1336	0.96882	4.432	1	30.75	5	0	1	high	high1	1	10	1	2	11	12	13	14	4	list4	list4_19219_wheel_high1	3450	11450
11869	11868	norm	43673	170	64	28	28	3.3333	2.233	0.76299	1.8129	Noun	160	0.94118	3.5248	1	20.33	4	3	1	low	low1	3	30	1	2	31	32	33	34	4	list4	list4_11869_norm_low1	3200	11200
19475	19474	wreck	73648	697	518	677	506	13.6667	2.8439	6.1755	2.7152	Noun	506	0.72806	4.1357	1	29	5	2	1	high	high1	1	10	1	2	11	12	13	14	4	list4	list4_19475_wreck_high1	3200	11200
8262	8261	heritage	30268	129	105	98	82	2.5294	2.1139	1.2518	2.0253	Noun	129	1	3.4058	3	55.86	8	0	1	low	low3	4	40	1	2	41	42	43	44	4	list4	list4_8262_heritage_low3	3500	11500
3810	3809	contestant	13857	136	86	118	80	2.6667	2.1367	1.0253	1.9395	Noun	134	1	3.4286	3	86.67	10	0	1	low	low3	4	40	1	2	41	42	43	44	4	list4	list4_3810_contestant_low3	3500	11500
554	553	aorta	2598	78	50	75	48	1.5294	1.8976	0.59609	1.7076	Noun	77	0.98718	3.1895	3	23	5	0	1	low	low3	4	40	1	2	41	42	43	44	4	list4	list4_554_aorta_low3	3250	11250
17754	17753	therapist	65877	485	307	470	302	9.5098	2.6866	3.66	2.4886	Noun	482	0.99587	3.9785	3	46.25	9	0	1	high	high3	2	20	1	2	21	22	23	24	4	list4	list4_17754_therapist_high3	3350	11350
3095	3094	chemistry	10918	442	299	400	282	8.6667	2.6464	3.5646	2.4771	Noun	441	1	3.9382	3	37.25	9	0	1	high	high3	2	20	1	2	21	22	23	24	4	list4	list4_3095_chemistry_high3	3350	11350
15179	15178	salami	56210	114	77	104	69	2.2353	2.0607	0.91798	1.8921	Noun	113	0.99123	3.3525	3	34.6	6	0	1	low	low3	4	40	1	2	41	42	43	44	4	list4	list4_15179_salami_low3	3250	11250
17737	17736	theatre	65812	582	236	488	188	11.4118	2.7657	2.8135	2.3747	Noun	578	0.99827	4.0575	3	48.33	7	0	1	high	high3	2	20	1	2	21	22	23	24	4	list4	list4_17737_theatre_high3	3350	11350
7045	7044	fudge	26202	185	122	148	102	3.6275	2.2695	1.4545	2.0899	Noun	168	0.90323	3.5613	1	22.25	5	3	1	low	low1	3	30	1	2	31	32	33	34	4	list4	list4_7045_fudge_low1	3200	11200
16139	16138	sky	59605	2285	1233	2023	1178	44.8039	3.3591	14.6996	3.0913	Noun	2275	0.99781	4.6509	1	1.5	3	6	1	high	high1	1	10	1	2	11	12	13	14	4	list4	list4_16139_sky_high1	3400	11400
13138	13137	pit	48343	674	450	602	419	13.2157	2.8293	5.3648	2.6542	Noun	649	0.96721	4.1211	1	8	3	18	1	high	high1	1	10	1	2	11	12	13	14	4	list4	list4_13138_pit_high1	3450	11450
11583	11582	mystery	42430	1171	837	1094	802	22.9608	3.0689	9.9785	2.9232	Noun	1167	0.99744	4.3608	3	103.67	7	1	1	high	high3	2	20	1	2	21	22	23	24	4	list4	list4_11583_mystery_high3	3450	11450
13961	13960	pup	51287	164	88	127	83	3.2157	2.2175	1.0491	1.9494	Noun	107	0.66049	3.5093	1	4.5	3	11	1	low	low1	3	30	1	2	31	32	33	34	4	list4	list4_13961_pup_low1	3350	11350
12314	12313	overcoat	45360	74	55	65	51	1.451	1.8751	0.6557	1.7482	Noun	73	0.98649	3.1669	3	34.71	8	0	1	low	low3	4	40	1	2	41	42	43	44	4	list4	list4_12314_overcoat_low3	3450	11450
7608	7607	grape	28163	204	137	163	116	4	2.3118	1.6333	2.1399	Noun	204	1	3.6036	1	39.75	5	8	1	low	low1	3	30	1	2	31	32	33	34	4	list4	list4_7608_grape_low1	3300	11300
4574	4573	debt	16505	725	489	720	487	14.2157	2.8609	5.8298	2.6902	Noun	724	0.99862	4.1528	1	7.67	4	2	1	high	high1	1	10	1	2	11	12	13	14	4	list4	list4_4574_debt_high1	3450	11450
6849	6848	forensics	25412	192	147	124	97	3.7647	2.2856	1.7525	2.1703	Noun	174	0.91099	3.5774	3	64.63	9	0	1	low	low3	4	40	1	2	41	42	43	44	4	list4	list4_6849_forensics_low3	3350	11350
10658	10657	martini	39279	405	233	295	190	7.9412	2.6085	2.7778	2.3692	Noun	387	0.95792	3.9004	3	214.17	7	1	1	high	high3	2	20	1	2	21	22	23	24	4	list4	list4_10658_martini_high3	3450	11450
18806	18805	vibration	71221	80	57	77	56	1.5686	1.9085	0.67954	1.7634	Noun	80	1	3.2003	3	107.63	9	0	1	low	low3	4	40	1	2	41	42	43	44	4	list4	list4_18806_vibration_low3	3450	11450
16837	16836	stench	62329	113	91	101	90	2.2157	2.0569	1.0849	1.9638	Noun	113	1	3.3487	1	46.8	6	0	1	low	low1	3	30	1	2	31	32	33	34	4	list4	list4_16837_stench_low1	3400	11400
4375	4374	custody	15878	982	603	971	600	19.2549	2.9926	7.1888	2.781	Noun	985	1	4.2844	3	46.17	7	0	1	high	high3	2	20	1	2	21	22	23	24	4	list4	list4_4375_custody_high3	3300	11300
3500	3499	coil	12447	82	61	82	61	1.6078	1.9191	0.72723	1.7924	Noun	75	0.91463	3.2109	1	21.67	4	7	1	low	low1	3	30	1	2	31	32	33	34	4	list4	list4_3500_coil_low1	3250	11250
11717	11716	net	42996	793	541	699	479	15.549	2.8998	6.4497	2.734	Noun	580	0.82739	4.1917	1	7.5	3	16	1	high	high1	1	10	1	2	11	12	13	14	4	list4	list4_11717_net_high1	3200	11200
735	734	arsenal	3226	102	82	95	75	2	2.0128	0.97759	1.9191	Noun	96	0.94118	3.3047	3	37.17	7	0	1	low	low3	4	40	1	2	41	42	43	44	4	list4	list4_735_arsenal_low3	3500	11500
13839	13838	protector	50788	149	99	115	88	2.9216	2.1761	1.1803	2	Noun	145	0.97973	3.4679	3	60.75	9	1	1	low	low3	4	40	1	2	41	42	43	44	4	list4	list4_13839_protector_low3	3350	11350
8371	8370	hoax	30653	123	82	122	82	2.4118	2.0934	0.97759	1.9191	Noun	119	0.96748	3.3853	1	17.67	4	1	1	low	low1	3	30	1	2	31	32	33	34	4	list4	list4_8371_hoax_low1	3200	11200
16202	16201	sling	59862	117	103	104	92	2.2941	2.0719	1.2279	2.017	Noun	88	0.75214	3.3637	1	47.75	5	8	1	low	low1	3	30	1	2	31	32	33	34	4	list4	list4_16202_sling_low1	3300	11300
16701	16700	staff	61953	1632	987	1457	923	32	3.213	11.7668	2.9948	Noun	1603	0.98163	4.5048	1	30	5	2	1	high	high1	1	10	1	2	11	12	13	14	4	list4	list4_16701_staff_high1	3500	11500
419	418	analyst	2090	177	109	171	107	3.4706	2.2504	1.2995	2.0414	Noun	177	1	3.5423	3	33.33	7	1	1	low	low3	4	40	1	2	41	42	43	44	4	list4	list4_419_analyst_low3	3450	11450
12342	12341	oversight	45601	74	68	64	63	1.451	1.8751	0.81068	1.8388	Noun	66	0.89189	3.1669	3	29.88	9	1	1	low	low3	4	40	1	2	41	42	43	44	4	list4	list4_12342_oversight_low3	3300	11300
17355	17354	swine	64383	226	160	183	140	4.4314	2.356	1.9075	2.2068	Noun	219	0.96903	3.6479	1	37.25	5	6	1	low	low1	3	30	1	2	31	32	33	34	4	list4	list4_17355_swine_low1	3200	11200
13930	13929	pulp	51173	93	82	74	66	1.8235	1.9731	0.97759	1.9191	Noun	85	0.93407	3.265	1	15	4	3	1	low	low1	3	30	1	2	31	32	33	34	4	list4	list4_13930_pulp_low1	3400	11400
16093	16092	skeleton	59461	261	145	206	138	5.1176	2.4183	1.7287	2.1644	Noun	221	0.84674	3.7101	3	37	8	0	1	high	high3	2	20	1	2	21	22	23	24	4	list4	list4_16093_skeleton_high3	3400	11400
17847	17846	tick	66279	370	204	286	184	7.2549	2.5694	2.432	2.3118	Noun	214	0.57838	3.8612	1	27.67	4	13	1	high	high1	1	10	1	2	11	12	13	14	4	list4	list4_17847_tick_high1	3450	11450
15796	15795	sheep	58388	685	392	614	372	13.4314	2.8363	4.6733	2.5944	Noun	680	1	4.1282	1	33	5	6	1	high	high1	1	10	1	2	11	12	13	14	4	list4	list4_15796_sheep_high1	3300	11300
7093	7092	fuss	26401	364	324	362	324	7.1373	2.5623	3.8627	2.5119	Noun	322	0.88462	3.8541	1	18.67	4	4	1	high	high1	1	10	1	2	11	12	13	14	4	list4	list4_7093_fuss_high1	3300	11300
16739	16738	stamp	62045	302	222	275	206	5.9216	2.4814	2.6466	2.3483	Noun	220	0.72848	3.7733	1	35	5	3	1	high	high1	1	10	1	2	11	12	13	14	4	list4	list4_16739_stamp_high1	3200	11200
3534	3533	collector	12557	220	166	202	158	4.3137	2.3444	1.979	2.2227	Noun	220	1	3.6362	3	70	9	0	1	low	low3	4	40	1	2	41	42	43	44	4	list4	list4_3534_collector_low3	3200	11200
7520	7519	goof	27858	113	70	80	64	2.2157	2.0569	0.83453	1.8513	Noun	55	0.48673	3.3487	1	24.33	4	6	1	low	low1	3	30	1	2	31	32	33	34	4	list4	list4_7520_goof_low1	3200	11200
899	898	audio	3823	284	188	255	167	5.5686	2.4548	2.2413	2.2765	Noun	145	0.51418	3.7467	3	8.25	5	1	1	high	high3	2	20	1	2	21	22	23	24	4	list4	list4_899_audio_high3	3250	11250
3305	3304	claw	11819	223	137	163	123	4.3725	2.3502	1.6333	2.1399	Noun	156	0.69955	3.6421	1	13.33	4	6	1	low	low1	3	30	1	2	31	32	33	34	4	list4	list4_3305_claw_low1	3300	11300
18296	18295	troll	67858	138	54	107	48	2.7059	2.143	0.64378	1.7404	Noun	135	0.99265	3.4348	1	37.75	5	2	1	low	low1	3	30	1	2	31	32	33	34	4	list4	list4_18296_troll_low1	3450	11450
4691	4690	delusion	17086	138	101	133	98	2.7059	2.143	1.2041	2.0086	Noun	137	1	3.4348	3	72.43	8	0	1	low	low3	4	40	1	2	41	42	43	44	4	list4	list4_4691_delusion_low3	3250	11250
16819	16818	stealth	62252	142	78	80	53	2.7843	2.1553	0.9299	1.8976	Noun	142	1	3.4472	1	47.5	7	0	1	low	low1	3	30	1	2	31	32	33	34	4	list4	list4_16819_stealth_low1	3300	11300
3287	3286	clarity	11761	107	97	106	96	2.098	2.0334	1.1564	1.9912	Noun	107	1	3.3253	3	81.67	7	2	1	low	low3	4	40	1	2	41	42	43	44	4	list4	list4_3287_clarity_low3	3500	11500
4604	4603	decision	16614	2808	1810	2797	1807	55.0588	3.4486	21.5784	3.2579	Noun	2803	1	4.7404	3	82.86	8	1	1	high	high3	2	20	1	2	21	22	23	24	4	list4	list4_4604_decision_high3	3200	11200
8703	8702	hypocrite	31827	166	137	154	127	3.2549	2.2227	1.6333	2.1399	Noun	162	0.99387	3.5146	3	63.38	9	0	1	low	low3	4	40	1	2	41	42	43	44	4	list4	list4_8703_hypocrite_low3	3300	11300
10355	10354	lung	38247	420	239	305	210	8.2353	2.6243	2.8493	2.3802	Noun	368	0.88249	3.9161	1	22	4	7	1	high	high1	1	10	1	2	11	12	13	14	4	list4	list4_10355_lung_high1	3250	11250
12435	12434	pair	45926	1900	1357	1851	1341	37.2549	3.279	16.1779	3.1329	Noun	1877	0.98841	4.5708	1	24.67	4	7	1	high	high1	1	10	1	2	11	12	13	14	4	list4	list4_12435_pair_high1	3400	11400
6619	6618	flan	24625	86	11	39	10	1.6863	1.9395	0.13114	1.0792	Noun	86	1	3.2314	1	20.67	4	8	1	low	low1	3	30	1	2	31	32	33	34	4	list4	list4_6619_flan_low1	3500	11500
17298	17297	suspicion	64154	373	308	343	293	7.3137	2.5729	3.6719	2.49	Noun	368	0.98396	3.8647	3	66.38	9	0	1	high	high3	2	20	1	2	21	22	23	24	4	list4	list4_17298_suspicion_high3	3500	11500
16917	16916	stone	62638	2072	938	1158	737	40.6275	3.3166	11.1826	2.9727	Noun	1761	0.85155	4.6084	1	40	5	8	1	high	high1	1	10	1	2	11	12	13	14	4	list4	list4_16917_stone_high1	3300	11300
885	884	attitude	3770	1330	1016	1291	994	26.0784	3.1242	12.1125	3.0073	Noun	1327	0.99925	4.416	3	34.71	8	2	1	high	high3	2	20	1	2	21	22	23	24	4	list4	list4_885_attitude_high3	3250	11250
15648	15647	sensation	57833	249	205	239	203	4.8824	2.3979	2.444	2.3139	Noun	249	1	3.6898	3	115.38	9	0	1	high	high3	2	20	1	2	21	22	23	24	4	list4	list4_15648_sensation_high3	3400	11400
7393	7392	glance	27415	175	158	167	150	3.4314	2.2455	1.8836	2.2014	Noun	125	0.71839	3.5373	1	45.6	6	0	1	low	low1	3	30	1	2	31	32	33	34	4	list4	list4_7393_glance_low1	3200	11200
506	505	ant	2393	273	111	200	95	5.3529	2.4378	1.3233	2.0492	Noun	249	0.91544	3.7296	1	2	3	6	1	high	high1	1	10	1	2	11	12	13	14	4	list4	list4_506_ant_high1	3200	11200
10362	10361	lust	38290	284	211	255	195	5.5686	2.4548	2.5155	2.3263	Noun	277	0.96181	3.7467	1	24.33	4	12	1	high	high1	1	10	1	2	11	12	13	14	4	list4	list4_10362_lust_high1	3200	11200
11318	11317	monument	41552	117	97	93	76	2.2941	2.0719	1.1564	1.9912	Noun	117	1	3.3637	3	59.14	8	0	1	low	low3	4	40	1	2	41	42	43	44	4	list4	list4_11318_monument_low3	3200	11200
1886	1885	boom	7221	1112	585	609	390	21.8039	3.0465	6.9742	2.7679	Noun	1096	0.99186	4.3383	1	30.67	4	9	1	high	high1	1	10	1	2	11	12	13	14	4	list4	list4_1886_boom_high1	3350	11350
14453	14452	reef	53172	204	79	151	62	4	2.3118	0.94182	1.9031	Noun	204	1	3.6036	1	22	4	4	1	low	low1	3	30	1	2	31	32	33	34	4	list4	list4_14453_reef_low1	3500	11500
7554	7553	governor	27987	1369	401	744	295	26.8431	3.1367	4.7806	2.6042	Noun	1342	0.97956	4.4286	3	42	8	0	1	high	high3	2	20	1	2	21	22	23	24	4	list4	list4_7554_governor_high3	3500	11500
12331	12330	overload	45495	91	70	84	66	1.7843	1.9638	0.83453	1.8513	Noun	59	0.64835	3.2556	3	35.57	8	1	1	low	low3	4	40	1	2	41	42	43	44	4	list4	list4_12331_overload_low3	3400	11400
13818	13817	proposal	50685	448	324	438	318	8.7843	2.6522	3.8627	2.5119	Noun	447	1	3.9441	3	68.71	8	0	1	high	high3	2	20	1	2	21	22	23	24	4	list4	list4_13818_proposal_high3	3200	11200
17268	17267	surge	64043	94	70	91	68	1.8431	1.9777	0.83453	1.8513	Noun	87	0.92553	3.2696	1	28.25	5	2	1	low	low1	3	30	1	2	31	32	33	34	4	list4	list4_17268_surge_low1	3250	11250
17485	17484	tang	64917	114	68	12	12	2.2353	2.0607	0.81068	1.8388	Noun	113	0.99123	3.3525	1	32	4	11	1	low	low1	3	30	1	2	31	32	33	34	4	list4	list4_17485_tang_low1	3200	11200
10783	10782	mechanic	39703	258	185	250	181	5.0588	2.4133	2.2055	2.2695	Noun	257	0.99612	3.7051	3	41.57	8	0	1	high	high3	2	20	1	2	21	22	23	24	4	list4	list4_10783_mechanic_high3	3250	11250
8512	8511	horn	31092	1075	586	801	484	21.0784	3.0318	6.9862	2.7686	Noun	1039	0.96922	4.3236	1	26.33	4	6	1	high	high1	1	10	1	2	11	12	13	14	4	list4	list4_8512_horn_high1	3200	11200
17281	17280	surrogate	64098	95	56	91	56	1.8627	1.9823	0.66762	1.7559	Noun	95	1	3.2741	3	58.75	9	0	1	low	low3	4	40	1	2	41	42	43	44	4	list4	list4_17281_surrogate_low3	3300	11300
12856	12855	perception	47215	180	144	169	136	3.5294	2.2577	1.7167	2.1614	Noun	180	1	3.5495	3	119.67	10	0	1	low	low3	4	40	1	2	41	42	43	44	4	list4	list4_12856_perception_low3	3400	11400
12049	12048	officer	44362	5265	2026	3313	1580	103.2353	3.7215	24.1536	3.3069	Noun	5229	0.99543	5.0133	3	73.33	7	1	1	high	high3	2	20	1	2	21	22	23	24	4	list4	list4_12049_officer_high3	3300	11300
17816	17815	throne	66149	441	232	428	229	8.6471	2.6454	2.7659	2.3674	Noun	444	1	3.9373	1	38.6	6	1	1	high	high1	1	10	1	2	11	12	13	14	4	list4	list4_17816_throne_high1	3400	11400
18905	18904	visitor	71487	446	372	429	363	8.7451	2.6503	4.4349	2.5717	Noun	445	1	3.9421	3	34.5	7	0	1	high	high3	2	20	1	2	21	22	23	24	4	list4	list4_18905_visitor_high3	3300	11300
14942	14941	rogue	55444	190	114	123	103	3.7255	2.281	1.3591	2.0607	Noun	175	0.92105	3.5729	1	17.75	5	1	1	low	low1	3	30	1	2	31	32	33	34	4	list4	list4_14942_rogue_low1	3450	11450
14462	14461	referee	53234	183	106	146	91	3.5882	2.2648	1.2637	2.0294	Noun	163	0.8956	3.5567	3	75.5	7	0	1	low	low3	4	40	1	2	41	42	43	44	4	list4	list4_14462_referee_low3	3350	11350
7808	7807	guilt	28765	760	574	706	552	14.902	2.8814	6.8431	2.7597	Noun	762	1	4.1732	1	25.25	5	4	1	high	high1	1	10	1	2	11	12	13	14	4	list4	list4_7808_guilt_high1	3200	11200
13455	13454	port	49258	741	382	544	312	14.5294	2.8704	4.5541	2.5832	Noun	659	0.88814	4.1622	1	28.33	4	12	1	high	high1	1	10	1	2	11	12	13	14	4	list4	list4_13455_port_high1	3500	11500
6262	6261	faraway	23543	93	74	81	69	1.8235	1.9731	0.88221	1.8751	Noun	86	0.92473	3.265	3	58.17	7	1	1	low	low3	4	40	1	2	41	42	43	44	4	list4	list4_6262_faraway_low3	3250	11250
4943	4942	dilemma	18203	133	114	123	107	2.6078	2.1271	1.3591	2.0607	Noun	134	1	3.4189	3	27.5	7	0	1	low	low3	4	40	1	2	41	42	43	44	4	list4	list4_4943_dilemma_low3	3450	11450
14715	14714	retainer	54581	108	87	108	87	2.1176	2.0374	1.0372	1.9445	Noun	108	1	3.3293	3	108.29	8	2	1	low	low3	4	40	1	2	41	42	43	44	4	list4	list4_14715_retainer_low3	3500	11500
19451	19450	worm	73544	516	271	430	260	10.1176	2.7135	3.2308	2.4346	Noun	471	0.91456	4.0053	1	21	4	9	1	high	high1	1	10	1	2	11	12	13	14	4	list4	list4_19451_worm_high1	3300	11300
5504	5503	dwarf	20369	157	93	126	83	3.0784	2.1987	1.1087	1.9731	Noun	153	0.97452	3.4905	1	21.5	5	0	1	low	low1	3	30	1	2	31	32	33	34	4	list4	list4_5504_dwarf_low1	3300	11300
18820	18819	victory	71270	1094	636	871	577	21.451	3.0394	7.5823	2.8041	Noun	1072	0.97989	4.3312	3	48.17	7	1	1	high	high3	2	20	1	2	21	22	23	24	4	list4	list4_18820_victory_high3	3450	11450
1402	1401	beep	5405	332	209	252	178	6.5098	2.5224	2.4917	2.3222	Noun	198	0.60366	3.8143	1	27.33	4	11	1	high	high1	1	10	1	2	11	12	13	14	4	list4	list4_1402_beep_high1	3200	11200
4352	4351	currency	15806	186	146	174	139	3.6471	2.2718	1.7406	2.1673	Noun	186	1	3.5637	3	47.57	8	0	1	low	low3	4	40	1	2	41	42	43	44	4	list4	list4_4352_currency_low3	3200	11200
4049	4048	coverage	14768	318	238	308	235	6.2353	2.5038	2.8374	2.3784	Noun	318	1	3.7956	3	80.43	8	0	1	high	high3	2	20	1	2	21	22	23	24	4	list4	list4_4049_coverage_high3	3450	11450
7005	7004	fright	26019	141	113	131	111	2.7647	2.1523	1.3472	2.0569	Noun	141	1	3.4441	1	38.8	6	4	1	low	low1	3	30	1	2	31	32	33	34	4	list4	list4_7005_fright_low1	3450	11450
13952	13951	punishment	51263	685	514	653	497	13.4314	2.8363	6.1278	2.7118	Noun	685	0.99854	4.1282	3	41.67	10	0	1	high	high3	2	20	1	2	21	22	23	24	4	list4	list4_13952_punishment_high3	3250	11250
12862	12861	perfection	47266	275	218	239	198	5.3922	2.4409	2.599	2.3404	Noun	274	0.99636	3.7327	3	128.22	10	0	1	high	high3	2	20	1	2	21	22	23	24	4	list4	list4_12862_perfection_high3	3400	11400
8068	8067	haste	29628	106	79	103	77	2.0784	2.0294	0.94182	1.9031	Noun	96	0.88889	3.3212	1	37	5	6	1	low	low1	3	30	1	2	31	32	33	34	4	list4	list4_8068_haste_low1	3300	11300
16665	16664	squad	61774	1096	563	879	494	21.4902	3.0402	6.712	2.7513	Noun	1096	1	4.332	1	7	5	3	1	high	high1	1	10	1	2	11	12	13	14	4	list4	list4_16665_squad_high1	3400	11400
11079	11078	ministry	40766	196	100	78	41	3.8431	2.2945	1.1922	2.0043	Noun	196	1	3.5863	3	55.29	8	0	1	low	low3	4	40	1	2	41	42	43	44	4	list4	list4_11079_ministry_low3	3350	11350
17316	17315	swat	64256	196	105	21	20	3.8431	2.2945	1.2518	2.0253	Noun	87	0.44388	3.5863	1	13.67	4	9	1	low	low1	3	30	1	2	31	32	33	34	4	list4	list4_17316_swat_low1	3250	11250
8665	8664	hut	31635	674	211	350	146	13.2157	2.8293	2.5155	2.3263	Noun	672	1	4.1211	1	8.5	3	18	1	high	high1	1	10	1	2	11	12	13	14	4	list4	list4_8665_hut_high1	3350	11350
11894	11893	notch	43761	170	131	148	129	3.3333	2.233	1.5618	2.1206	Noun	152	0.89412	3.5248	1	31	5	1	1	low	low1	3	30	1	2	31	32	33	34	4	list4	list4_11894_notch_low1	3200	11200
8322	8321	hike	30478	333	252	276	228	6.5294	2.5237	3.0043	2.4031	Noun	232	0.6988	3.8156	1	13.33	4	8	1	high	high1	1	10	1	2	11	12	13	14	4	list4	list4_8322_hike_high1	3500	11500
9122	9121	investment	34188	497	373	485	362	9.7451	2.6972	4.4468	2.5729	Noun	497	1	3.9891	3	65	10	0	1	high	high3	2	20	1	2	21	22	23	24	4	list4	list4_9122_investment_high3	3250	11250
9026	9025	inspection	33565	300	211	280	202	5.8824	2.4786	2.5155	2.3263	Noun	300	1	3.7704	3	141.44	10	0	1	high	high3	2	20	1	2	21	22	23	24	4	list4	list4_9026_inspection_high3	3350	11350
13053	13052	pike	48074	234	79	41	37	4.5882	2.3711	0.94182	1.9031	Noun	182	0.77778	3.6629	1	15.67	4	8	1	high	high1	1	10	1	2	11	12	13	14	4	list4	list4_13053_pike_high1	3400	11400
16279	16278	snack	60218	466	348	427	326	9.1373	2.6693	4.1488	2.5428	Noun	442	0.94647	3.9612	1	27	5	5	1	high	high1	1	10	1	2	11	12	13	14	4	list4	list4_16279_snack_high1	3300	11300
8201	8200	height	30029	476	396	446	377	9.3333	2.6785	4.721	2.5988	Noun	472	1	3.9704	1	24.6	6	1	1	high	high1	1	10	1	2	11	12	13	14	4	list4	list4_8201_height_high1	3400	11400
8966	8965	injection	33356	211	148	206	146	4.1373	2.3263	1.7644	2.1732	Noun	211	1	3.6182	3	115.75	9	1	1	low	low3	4	40	1	2	41	42	43	44	4	list4	list4_8966_injection_low3	3250	11250
816	815	assurance	3528	104	87	96	82	2.0392	2.0212	1.0372	1.9445	Noun	104	1	3.313	3	48.75	9	0	1	low	low3	4	40	1	2	41	42	43	44	4	list4	list4_816_assurance_low3	3400	11400
7344	7343	gig	27234	571	380	553	374	11.1961	2.7574	4.5303	2.5809	Noun	568	0.99824	4.0492	1	5	3	9	1	high	high1	1	10	1	2	11	12	13	14	4	list4	list4_7344_gig_high1	3200	11200
15249	15248	sanity	56446	139	127	132	123	2.7255	2.1461	1.5141	2.1072	Noun	139	1	3.438	3	59.4	6	1	1	low	low3	4	40	1	2	41	42	43	44	4	list4	list4_15249_sanity_low3	3450	11450
16055	16054	sip	59333	260	220	237	201	5.098	2.4166	2.6228	2.3444	Noun	243	0.93462	3.7085	1	9	3	19	1	high	high1	1	10	1	2	11	12	13	14	4	list4	list4_16055_sip_high1	3400	11400
3562	3561	colony	12631	302	128	259	115	5.9216	2.4814	1.526	2.1106	Noun	302	1	3.7733	3	47.4	6	0	1	high	high3	2	20	1	2	21	22	23	24	4	list4	list4_3562_colony_high3	3250	11250
17388	17387	sync	64546	168	129	84	73	3.2941	2.2279	1.5379	2.1139	Noun	70	0.65421	3.5197	1	0.67	4	0	1	low	low1	3	30	1	2	31	32	33	34	4	list4	list4_17388_sync_low1	3350	11350
15561	15560	secrecy	57520	177	156	171	150	3.4706	2.2504	1.8598	2.1959	Noun	177	1	3.5423	3	38	7	0	1	low	low3	4	40	1	2	41	42	43	44	4	list4	list4_15561_secrecy_low3	3250	11250
17775	17774	thigh	65969	191	152	177	146	3.7451	2.2833	1.8121	2.1847	Noun	191	1	3.5751	1	21.5	5	0	1	low	low1	3	30	1	2	31	32	33	34	4	list4	list4_17775_thigh_low1	3350	11350
515	514	antenna	2425	122	81	113	78	2.3922	2.0899	0.96567	1.9138	Noun	122	1	3.3817	3	27	7	0	1	low	low3	4	40	1	2	41	42	43	44	4	list4	list4_515_antenna_low3	3500	11500
9531	9530	kit	35731	900	424	473	354	17.6471	2.9547	5.0548	2.6284	Noun	897	0.99778	4.2466	1	7	3	12	1	high	high1	1	10	1	2	11	12	13	14	4	list4	list4_9531_kit_high1	3300	11300
11067	11066	minimum	40748	415	363	378	333	8.1373	2.6191	4.3276	2.5611	Noun	225	0.54217	3.9109	3	34.33	7	0	1	high	high3	2	20	1	2	21	22	23	24	4	list4	list4_11067_minimum_high3	3300	11300
5079	5078	disrespect	18942	267	224	262	219	5.2353	2.4281	2.6705	2.3522	Noun	190	0.71161	3.72	3	46.11	10	0	1	high	high3	2	20	1	2	21	22	23	24	4	list4	list4_5079_disrespect_high3	3200	11200
10164	10163	loaf	37623	228	162	224	159	4.4706	2.3598	1.9313	2.2122	Noun	207	0.90789	3.6517	1	20	4	4	1	high	high1	1	10	1	2	11	12	13	14	4	list4	list4_10164_loaf_high1	3200	11200
5072	5071	disposal	18898	250	212	245	209	4.902	2.3997	2.5274	2.3284	Noun	250	1	3.6915	3	56.71	8	0	1	high	high3	2	20	1	2	21	22	23	24	4	list4	list4_5072_disposal_high3	3400	11400
3027	3026	chariot	10696	103	73	100	72	2.0196	2.017	0.87029	1.8692	Noun	102	1	3.3089	3	67.5	7	0	1	low	low3	4	40	1	2	41	42	43	44	4	list4	list4_3027_chariot_low3	3450	11450
16716	16715	stain	61987	316	242	307	237	6.1961	2.5011	2.8851	2.3856	Noun	253	0.80063	3.7929	1	37.5	5	5	1	high	high1	1	10	1	2	11	12	13	14	4	list4	list4_16716_stain_high1	3450	11450
1157	1156	bane	4674	94	34	24	22	1.8431	1.9777	0.40534	1.5441	Noun	88	0.93617	3.2696	1	36.67	4	18	1	low	low1	3	30	1	2	31	32	33	34	4	list4	list4_1157_bane_low1	3200	11200
13809	13808	property	50655	1698	1104	1636	1074	33.2941	3.2302	13.1617	3.0434	Noun	1694	1	4.522	3	80	8	1	1	high	high3	2	20	1	2	21	22	23	24	4	list4	list4_13809_property_high3	3400	11400
15109	15108	rut	55994	78	44	74	42	1.5294	1.8976	0.52456	1.6532	Noun	73	0.9359	3.1895	1	8	3	17	1	low	low1	3	30	1	2	31	32	33	34	4	list4	list4_15109_rut_low1	3250	11250
897	896	audience	3821	1294	758	1241	738	25.3725	3.1123	9.0367	2.8802	Noun	1289	0.99768	4.4041	3	43.71	8	0	1	high	high3	2	20	1	2	21	22	23	24	4	list4	list4_897_audience_high3	3500	11500
16001	16000	signature	59113	622	464	605	459	12.1961	2.7945	5.5317	2.6675	Noun	622	1	4.0863	3	40.75	9	0	1	high	high3	2	20	1	2	21	22	23	24	4	list4	list4_16001_signature_high3	3300	11300
16474	16473	space	61019	3369	1674	3073	1604	66.0588	3.5276	19.9571	3.224	Noun	3253	0.96672	4.8195	1	33.25	5	6	1	high	high1	1	10	1	2	11	12	13	14	4	list4	list4_16474_space_high1	3350	11350
11056	11055	mineral	40697	132	101	115	93	2.5882	2.1239	1.2041	2.0086	Noun	134	1	3.4157	3	61.33	7	0	1	low	low3	4	40	1	2	41	42	43	44	4	list4	list4_11056_mineral_low3	3300	11300
11076	11075	minister	40759	941	395	515	273	18.451	2.9741	4.7091	2.5977	Noun	891	0.94687	4.2659	3	100.29	8	1	1	high	high3	2	20	1	2	21	22	23	24	4	list4	list4_11076_minister_high3	3250	11250
17602	17601	teen	65311	209	131	126	93	4.098	2.3222	1.5618	2.1206	Noun	204	0.97608	3.6141	1	27	4	7	1	low	low1	3	30	1	2	31	32	33	34	4	list4	list4_17602_teen_low1	3200	11200
16213	16212	slob	59914	182	137	172	135	3.5686	2.2625	1.6333	2.1399	Noun	173	0.95055	3.5543	1	15.67	4	8	1	low	low1	3	30	1	2	31	32	33	34	4	list4	list4_16213_slob_low1	3500	11500
1414	1413	beginner	5460	99	82	76	65	1.9412	2	0.97759	1.9191	Noun	98	1	3.2918	3	66.29	8	0	1	low	low3	4	40	1	2	41	42	43	44	4	list4	list4_1414_beginner_low3	3250	11250
7631	7630	gratitude	28234	395	338	376	325	7.7451	2.5977	4.0296	2.5302	Noun	390	0.9949	3.8895	3	49.25	9	0	1	high	high3	2	20	1	2	21	22	23	24	4	list4	list4_7631_gratitude_high3	3450	11450
10672	10671	mash	39326	224	150	68	60	4.3922	2.3522	1.7883	2.179	Noun	123	0.54911	3.644	1	30.33	4	15	1	low	low1	3	30	1	2	31	32	33	34	4	list4	list4_10672_mash_low1	3400	11400
14511	14510	register	53440	561	423	543	409	11	2.7497	5.0429	2.6274	Noun	359	0.64107	4.0416	3	117.29	8	0	1	high	high3	2	20	1	2	21	22	23	24	4	list4	list4_14511_register_high3	3400	11400
17062	17061	stump	63131	125	80	92	75	2.451	2.1004	0.95374	1.9085	Noun	104	0.832	3.3922	1	29.5	5	3	1	low	low1	3	30	1	2	31	32	33	34	4	list4	list4_17062_stump_low1	3450	11450
6088	6087	existence	22827	596	475	588	473	11.6863	2.776	5.6629	2.6776	Noun	596	1	4.0678	3	57.38	9	0	1	high	high3	2	20	1	2	21	22	23	24	4	list4	list4_6088_existence_high3	3350	11350
11710	11709	nerve	42973	1171	834	1152	824	22.9608	3.0689	9.9428	2.9217	Noun	1159	0.994	4.3608	1	24.5	5	3	1	high	high1	1	10	1	2	11	12	13	14	4	list4	list4_11710_nerve_high1	3250	11250
406	405	amusement	2029	191	146	178	142	3.7451	2.2833	1.7406	2.1673	Noun	191	1	3.5751	3	52.75	9	0	1	low	low3	4	40	1	2	41	42	43	44	4	list4	list4_406_amusement_low3	3450	11450
