numid|f	X|f	Word|s	Unnamed|f	FREQcount|f	Cdcount|f	FREQlow|f	Cdlow|f	SUBLTLWF|f	Lg10WF|f	SUBTLCD|f	Lg10CD|f	Dom_PoS_SUBTLEX|s	Freq_dom_PoS_SUBTLEX|f	Percentage_dom_PoS|f	Zipfvalue|f	cmu_sylls|f	BF_TP|f	LEN_L|f	N|f	Zipfvalue_incl|f	Zipfvalue_cat|s	cond_name|s	cond_code|f	trigger_code|f	len|f	corr_resp|f	fix_code|f	word_code|f	delay_code|f	audioresp_code|f	list|f	list_name|s	file_num|s	jittered_ISI|f	total_time|f
16018	16017	silicon	59163	87	47	37	28	1.7059	1.9445	0.56032	1.6812	Noun	86	0.98851	3.2363	3	42	7	0	1	low	low3	4	40	1	2	41	42	43	44	1	list1	list1_16018_silicon_low3	3450	11450
12788	12787	peep	46988	226	185	177	153	4.4314	2.356	2.2055	2.2695	Noun	129	0.5708	3.6479	1	25	4	10	1	low	low1	3	30	1	2	31	32	33	34	1	list1	list1_12788_peep_low1	3300	11300
3627	3626	commitment	12855	550	438	533	429	10.7843	2.7412	5.2217	2.6425	Noun	550	1	4.033	3	76.56	10	0	1	high	high3	2	20	1	2	21	22	23	24	1	list1	list1_3627_commitment_high3	3500	11500
5035	5034	discussion	18617	619	543	608	537	12.1373	2.7924	6.4735	2.7356	Noun	618	1	4.0842	3	101.89	10	0	1	high	high3	2	20	1	2	21	22	23	24	1	list1	list1_5035_discussion_high3	3200	11200
8213	8212	helium	30071	73	48	58	43	1.4314	1.8692	0.57225	1.6902	Noun	73	1	3.1611	3	34.4	6	0	1	low	low3	4	40	1	2	41	42	43	44	1	list1	list1_8213_helium_low3	3300	11300
1420	1419	behaviour	5491	1142	861	1125	850	22.3922	3.058	10.2647	2.9355	Noun	1134	0.99912	4.3499	3	31	8	0	1	high	high3	2	20	1	2	21	22	23	24	1	list1	list1_1420_behaviour_high3	3250	11250
5386	5385	drone	20009	144	54	133	53	2.8235	2.1614	0.64378	1.7404	Noun	120	0.83333	3.4532	1	41	5	3	1	low	low1	3	30	1	2	31	32	33	34	1	list1	list1_5386_drone_low1	3350	11350
6095	6094	expansion	22879	88	73	82	69	1.7255	1.9494	0.87029	1.8692	Noun	88	1	3.2412	3	78.5	9	0	1	low	low3	4	40	1	2	41	42	43	44	1	list1	list1_6095_expansion_low3	3350	11350
1090	1089	balcony	4515	373	267	369	264	7.3137	2.5729	3.1831	2.4281	Noun	374	1	3.8647	3	45.33	7	0	1	high	high3	2	20	1	2	21	22	23	24	1	list1	list1_1090_balcony_high3	3500	11500
13606	13605	pregnancy	49836	334	220	322	213	6.549	2.525	2.6228	2.3444	Noun	334	1	3.8169	3	51.38	9	0	1	high	high3	2	20	1	2	21	22	23	24	1	list1	list1_13606_pregnancy_high3	3350	11350
14052	14051	quake	51575	82	48	47	35	1.6078	1.9191	0.57225	1.6902	Noun	81	0.9878	3.2109	1	16.25	5	0	1	low	low1	3	30	1	2	31	32	33	34	1	list1	list1_14052_quake_low1	3350	11350
14671	14670	residence	54359	421	342	403	332	8.2549	2.6253	4.0773	2.5353	Noun	421	1	3.9171	3	79.38	9	0	1	high	high3	2	20	1	2	21	22	23	24	1	list1	list1_14671_residence_high3	3350	11350
663	662	architect	2984	334	169	311	161	6.549	2.525	2.0148	2.2304	Noun	331	0.99399	3.8169	3	24.13	9	0	1	high	high3	2	20	1	2	21	22	23	24	1	list1	list1_663_architect_high3	3500	11500
384	383	amnesia	1939	189	112	162	99	3.7059	2.2788	1.3352	2.0531	Noun	189	1	3.5706	3	14	7	0	1	low	low3	4	40	1	2	41	42	43	44	1	list1	list1_384_amnesia_low3	3300	11300
14534	14533	relation	53664	210	165	204	161	4.1176	2.3243	1.9671	2.2201	Noun	171	0.81043	3.6161	3	122.86	8	0	1	low	low3	4	40	1	2	41	42	43	44	1	list1	list1_14534_relation_low3	3250	11250
3633	3632	commodore	12869	184	29	6	4	3.6078	2.2672	0.34573	1.4771	Noun	184	1	3.559	3	65	9	0	1	low	low3	4	40	1	2	41	42	43	44	1	list1	list1_3633_commodore_low3	3200	11200
13359	13358	politics	48963	845	529	763	500	16.5686	2.9274	6.3066	2.7243	Noun	844	1	4.2192	3	83.71	8	1	1	high	high3	2	20	1	2	21	22	23	24	1	list1	list1_13359_politics_high3	3300	11300
19392	19391	womb	73371	177	141	168	136	3.4706	2.2504	1.681	2.1523	Noun	176	0.99435	3.5423	1	12.67	4	3	1	low	low1	3	30	1	2	31	32	33	34	1	list1	list1_19392_womb_low1	3300	11300
17260	17259	surf	64024	324	158	251	133	6.3529	2.5119	1.8836	2.2014	Noun	209	0.64706	3.8037	1	15	4	3	1	high	high1	1	10	1	2	11	12	13	14	1	list1	list1_17260_surf_high1	3400	11400
16635	16634	spray	61660	492	342	459	320	9.6471	2.6928	4.0773	2.5353	Noun	320	0.65041	3.9847	1	23.25	5	2	1	high	high1	1	10	1	2	11	12	13	14	1	list1	list1_16635_spray_high1	3450	11450
14674	14673	resident	54363	374	242	285	207	7.3333	2.574	2.8851	2.3856	Noun	252	0.6738	3.8659	3	84	8	0	1	high	high3	2	20	1	2	21	22	23	24	1	list1	list1_14674_resident_high3	3450	11450
4096	4095	cramp	14925	143	109	128	104	2.8039	2.1584	1.2995	2.0414	Noun	97	0.67832	3.4502	1	43	5	3	1	low	low1	3	30	1	2	31	32	33	34	1	list1	list1_4096_cramp_low1	3300	11300
16526	16525	speck	61213	95	62	58	51	1.8627	1.9823	0.73915	1.7993	Noun	90	0.94737	3.2741	1	30.75	5	2	1	low	low1	3	30	1	2	31	32	33	34	1	list1	list1_16526_speck_low1	3350	11350
18178	18177	trash	67473	1146	804	1070	770	22.4706	3.0596	9.5851	2.9058	Noun	937	0.81834	4.3514	1	47	5	2	1	high	high1	1	10	1	2	11	12	13	14	1	list1	list1_18178_trash_high1	3400	11400
2053	2052	brawl	7700	108	88	106	86	2.1176	2.0374	1.0491	1.9494	Noun	96	0.8972	3.3293	1	34.5	5	4	1	low	low1	3	30	1	2	31	32	33	34	1	list1	list1_2053_brawl_low1	3300	11300
653	652	arch	2944	188	117	107	85	3.6863	2.2765	1.3948	2.0719	Noun	138	0.73404	3.5683	1	7.33	4	1	1	low	low1	3	30	1	2	31	32	33	34	1	list1	list1_653_arch_low1	3500	11500
7896	7895	habitat	29005	114	74	90	65	2.2353	2.0607	0.88221	1.8751	Noun	114	1	3.3525	3	28.5	7	0	1	low	low3	4	40	1	2	41	42	43	44	1	list1	list1_7896_habitat_low3	3450	11450
8769	8768	imagery	32147	74	62	72	62	1.451	1.8751	0.73915	1.7993	Noun	74	1	3.1669	3	84.5	7	0	1	low	low3	4	40	1	2	41	42	43	44	1	list1	list1_8769_imagery_low3	3350	11350
14254	14253	range	52200	1161	736	978	678	22.7647	3.0652	8.7744	2.8675	Noun	1129	0.97664	4.357	1	45.75	5	0	1	high	high1	1	10	1	2	11	12	13	14	1	list1	list1_14254_range_high1	3250	11250
14288	14287	rash	52296	410	291	401	289	8.0392	2.6138	3.4692	2.4654	Noun	288	0.70073	3.9057	1	29	4	11	1	high	high1	1	10	1	2	11	12	13	14	1	list1	list1_14288_rash_high1	3300	11300
3410	3409	cluck	12127	73	39	55	32	1.4314	1.8692	0.46495	1.6021	Noun	35	0.47945	3.1611	1	33.5	5	6	1	low	low1	3	30	1	2	31	32	33	34	1	list1	list1_3410_cluck_low1	3300	11300
17008	17007	strife	62966	85	67	63	55	1.6667	1.9345	0.79876	1.8325	Noun	84	1	3.2263	1	48	6	4	1	low	low1	3	30	1	2	31	32	33	34	1	list1	list1_17008_strife_low1	3450	11450
19418	19417	wool	73458	161	131	153	123	3.1569	2.2095	1.5618	2.1206	Noun	161	1	3.5013	1	25.33	4	6	1	low	low1	3	30	1	2	31	32	33	34	1	list1	list1_19418_wool_low1	3450	11450
10342	10341	lump	38216	181	149	177	147	3.549	2.2601	1.7763	2.1761	Noun	156	0.86188	3.5519	1	13.67	4	8	1	low	low1	3	30	1	2	31	32	33	34	1	list1	list1_10342_lump_low1	3400	11400
17248	17247	supplier	63962	99	76	99	76	1.9412	2	0.90606	1.8865	Noun	99	1	3.2918	3	93.71	8	2	1	low	low3	4	40	1	2	41	42	43	44	1	list1	list1_17248_supplier_low3	3200	11200
4252	4251	cruise	15465	626	395	506	323	12.2745	2.7973	4.7091	2.5977	Noun	489	0.78115	4.0891	1	44.2	6	1	1	high	high1	1	10	1	2	11	12	13	14	1	list1	list1_4252_cruise_high1	3250	11250
16540	16539	speed	61268	2104	1260	1824	1153	41.2549	3.3233	15.0215	3.1007	Noun	1675	0.798	4.6151	1	73.25	5	3	1	high	high1	1	10	1	2	11	12	13	14	1	list1	list1_16540_speed_high1	3500	11500
9346	9345	jug	35123	134	75	118	70	2.6275	2.1303	0.89413	1.8808	Noun	134	1	3.4222	1	6	3	13	1	low	low1	3	30	1	2	31	32	33	34	1	list1	list1_9346_jug_low1	3250	11250
7557	7556	gown	27995	334	263	324	258	6.549	2.525	3.1354	2.4216	Noun	334	1	3.8169	1	14.33	4	4	1	high	high1	1	10	1	2	11	12	13	14	1	list1	list1_7557_gown_high1	3250	11250
14064	14063	quantity	51610	95	81	88	77	1.8627	1.9823	0.96567	1.9138	Noun	95	1	3.2741	3	91	8	1	1	low	low3	4	40	1	2	41	42	43	44	1	list1	list1_14064_quantity_low3	3400	11400
19285	19284	wife	72957	17795	4811	17592	4781	348.9216	4.2503	57.3557	3.6823	Noun	17782	0.99994	5.5422	1	12	4	9	1	high	high1	1	10	1	2	11	12	13	14	1	list1	list1_19285_wife_high1	3500	11500
14431	14430	redemption	53085	112	91	89	77	2.1961	2.0531	1.0849	1.9638	Noun	112	1	3.3449	3	129.33	10	0	1	low	low3	4	40	1	2	41	42	43	44	1	list1	list1_14431_redemption_low3	3500	11500
18678	18677	vanity	70803	210	168	158	135	4.1176	2.3243	2.0029	2.2279	Noun	210	1	3.6161	3	53.6	6	1	1	low	low3	4	40	1	2	41	42	43	44	1	list1	list1_18678_vanity_low3	3350	11350
11525	11524	muse	42255	98	58	91	55	1.9216	1.9956	0.69146	1.7709	Noun	93	0.91176	3.2875	1	19.33	4	7	1	low	low1	3	30	1	2	31	32	33	34	1	list1	list1_11525_muse_low1	3250	11250
145	144	aggression	1183	143	109	134	105	2.8039	2.1584	1.2995	2.0414	Noun	143	1	3.4502	3	88.22	10	0	1	low	low3	4	40	1	2	41	42	43	44	1	list1	list1_145_aggression_low3	3500	11500
13092	13091	ping	48191	168	81	59	35	3.2941	2.2279	0.96567	1.9138	Noun	146	0.86905	3.5197	1	33	4	13	1	low	low1	3	30	1	2	31	32	33	34	1	list1	list1_13092_ping_low1	3350	11350
7199	7198	garrison	26729	233	67	61	39	4.5686	2.3692	0.79876	1.8325	Noun	178	0.7807	3.661	3	61.29	8	0	1	high	high3	2	20	1	2	21	22	23	24	1	list1	list1_7199_garrison_high3	3300	11300
9977	9976	library	37121	1170	687	1061	647	22.9412	3.0686	8.1903	2.8376	Noun	1169	1	4.3604	3	42	7	0	1	high	high3	2	20	1	2	21	22	23	24	1	list1	list1_9977_library_high3	3400	11400
6126	6125	exposure	23033	291	240	281	237	5.7059	2.4654	2.8612	2.382	Noun	290	1	3.7572	3	29.71	8	0	1	high	high3	2	20	1	2	21	22	23	24	1	list1	list1_6126_exposure_high3	3250	11250
7397	7396	glare	27423	82	72	80	71	1.6078	1.9191	0.85837	1.8633	Noun	62	0.7561	3.2109	1	44.75	5	4	1	low	low1	3	30	1	2	31	32	33	34	1	list1	list1_7397_glare_low1	3200	11200
12796	12795	pelican	47033	89	38	26	15	1.7451	1.9542	0.45303	1.5911	Noun	88	0.98876	3.2461	3	44.17	7	0	1	low	low3	4	40	1	2	41	42	43	44	1	list1	list1_12796_pelican_low3	3500	11500
13319	13318	poetry	48851	682	389	616	361	13.3725	2.8344	4.6376	2.5911	Noun	679	1	4.1263	3	28.4	6	0	1	high	high3	2	20	1	2	21	22	23	24	1	list1	list1_13319_poetry_high3	3250	11250
14360	14359	reasoning	52617	93	79	92	78	1.8235	1.9731	0.94182	1.9031	Noun	84	0.90323	3.265	3	234.13	9	1	1	low	low3	4	40	1	2	41	42	43	44	1	list1	list1_14360_reasoning_low3	3500	11500
1241	1240	barrier	4946	173	117	155	108	3.3922	2.2405	1.3948	2.0719	Noun	172	1	3.5324	3	147.17	7	2	1	low	low3	4	40	1	2	41	42	43	44	1	list1	list1_1241_barrier_low3	3200	11200
904	903	audition	3835	705	307	696	305	13.8235	2.8488	3.66	2.4886	Noun	502	0.71307	4.1406	3	85.71	8	1	1	high	high3	2	20	1	2	21	22	23	24	1	list1	list1_904_audition_high3	3450	11450
2023	2022	brain	7600	3928	1994	3710	1950	77.0196	3.5943	23.7721	3.2999	Noun	3887	0.99057	4.8861	1	42	5	5	1	high	high1	1	10	1	2	11	12	13	14	1	list1	list1_2023_brain_high1	3350	11350
4627	4626	deed	16749	475	273	444	267	9.3137	2.6776	3.2546	2.4378	Noun	448	1	3.9694	1	32.67	4	13	1	high	high1	1	10	1	2	11	12	13	14	1	list1	list1_4627_deed_high1	3400	11400
13562	13561	prank	49630	204	152	199	151	4	2.3118	1.8121	2.1847	Noun	205	1	3.6036	1	45.75	5	4	1	low	low1	3	30	1	2	31	32	33	34	1	list1	list1_13562_prank_low1	3450	11450
18936	18935	void	71602	209	160	200	157	4.098	2.3222	1.9075	2.2068	Noun	169	0.80861	3.6141	1	9	4	0	1	low	low1	3	30	1	2	31	32	33	34	1	list1	list1_18936_void_low1	3450	11450
8785	8784	immigrant	32213	79	61	79	61	1.549	1.9031	0.72723	1.7924	Noun	60	0.75949	3.1949	3	51.75	9	0	1	low	low3	4	40	1	2	41	42	43	44	1	list1	list1_8785_immigrant_low3	3300	11300
12533	12532	paradise	46227	676	420	460	339	13.2549	2.8306	5.0072	2.6243	Noun	653	0.98939	4.1224	3	80.14	8	0	1	high	high3	2	20	1	2	21	22	23	24	1	list1	list1_12533_paradise_high3	3400	11400
16518	16517	specialist	61182	264	220	240	203	5.1765	2.4232	2.6228	2.3444	Noun	260	0.98485	3.7151	3	41.11	10	1	1	high	high3	2	20	1	2	21	22	23	24	1	list1	list1_16518_specialist_high3	3350	11350
9240	9239	jealousy	34708	293	229	238	194	5.7451	2.4683	2.7301	2.3617	Noun	292	0.99659	3.7602	3	32.57	8	0	1	high	high3	2	20	1	2	21	22	23	24	1	list1	list1_9240_jealousy_high3	3350	11350
89	88	adjustment	762	158	129	152	125	3.098	2.2014	1.5379	2.1139	Noun	157	1	3.4932	3	43.33	10	0	1	low	low3	4	40	1	2	41	42	43	44	1	list1	list1_89_adjustment_low3	3350	11350
15062	15061	rug	55846	531	354	495	346	10.4118	2.7259	4.2203	2.5502	Noun	531	1	4.0177	1	8	3	16	1	high	high1	1	10	1	2	11	12	13	14	1	list1	list1_15062_rug_high1	3500	11500
7458	7457	goal	27660	854	540	783	520	16.7451	2.932	6.4378	2.7332	Noun	854	1	4.2238	1	20	4	4	1	high	high1	1	10	1	2	11	12	13	14	1	list1	list1_7458_goal_high1	3350	11350
3469	3468	coconut	12316	234	140	170	116	4.5882	2.3711	1.6691	2.1492	Noun	234	1	3.6629	3	46.67	7	0	1	high	high3	2	20	1	2	21	22	23	24	1	list1	list1_3469_coconut_high3	3400	11400
3845	3844	conviction	14065	303	237	295	233	5.9412	2.4829	2.8255	2.3766	Noun	302	1	3.7747	3	157.33	10	1	1	high	high3	2	20	1	2	21	22	23	24	1	list1	list1_3845_conviction_high3	3300	11300
10807	10806	medium	39791	362	280	294	235	7.098	2.5599	3.3381	2.4487	Noun	202	0.56111	3.8517	3	27.2	6	1	1	high	high3	2	20	1	2	21	22	23	24	1	list1	list1_10807_medium_high3	3400	11400
3545	3544	collision	12581	137	100	118	90	2.6863	2.1399	1.1922	2.0043	Noun	136	1	3.4317	3	112.75	9	1	1	low	low3	4	40	1	2	41	42	43	44	1	list1	list1_3545_collision_low3	3500	11500
9321	9320	journalist	35038	311	185	287	176	6.098	2.4942	2.2055	2.2695	Noun	310	0.99678	3.786	3	41	10	1	1	high	high3	2	20	1	2	21	22	23	24	1	list1	list1_9321_journalist_high3	3400	11400
16675	16674	squat	61808	160	133	146	125	3.1373	2.2068	1.5856	2.1271	Noun	74	0.4625	3.4987	1	7.25	5	2	1	low	low1	3	30	1	2	31	32	33	34	1	list1	list1_16675_squat_low1	3400	11400
1898	1897	boost	7245	230	194	207	181	4.5098	2.3636	2.3128	2.29	Noun	120	0.52402	3.6554	1	40	5	2	1	high	high1	1	10	1	2	11	12	13	14	1	list1	list1_1898_boost_high1	3400	11400
6777	6776	folk	25188	365	267	317	248	7.1569	2.5635	3.1831	2.4281	Noun	356	0.97534	3.8553	1	22.33	4	3	1	high	high1	1	10	1	2	11	12	13	14	1	list1	list1_6777_folk_high1	3250	11250
166	165	aid	1276	709	496	613	448	13.902	2.8513	5.9132	2.6964	Noun	604	0.85311	4.1431	1	6	3	12	1	high	high1	1	10	1	2	11	12	13	14	1	list1	list1_166_aid_high1	3500	11500
19525	19524	yarn	73860	81	60	78	59	1.5882	1.9138	0.71531	1.7853	Noun	81	1	3.2056	1	28	4	7	1	low	low1	3	30	1	2	31	32	33	34	1	list1	list1_19525_yarn_low1	3250	11250
4131	4130	creator	15071	142	95	110	67	2.7843	2.1553	1.1326	1.9823	Noun	142	1	3.4472	3	59.5	7	0	1	low	low3	4	40	1	2	41	42	43	44	1	list1	list1_4131_creator_low3	3400	11400
16862	16861	stew	62427	328	212	267	199	6.4314	2.5172	2.5274	2.3284	Noun	291	0.8872	3.809	1	10.33	4	5	1	high	high1	1	10	1	2	11	12	13	14	1	list1	list1_16862_stew_high1	3350	11350
14898	14897	road	55319	5709	2766	5043	2567	111.9412	3.7566	32.9757	3.442	Noun	5690	0.9979	5.0485	1	22	4	8	1	high	high1	1	10	1	2	11	12	13	14	1	list1	list1_14898_road_high1	3450	11450
9037	9036	instructor	33644	240	165	235	163	4.7059	2.382	1.9671	2.2201	Noun	240	1	3.6739	3	49.11	10	0	1	high	high3	2	20	1	2	21	22	23	24	1	list1	list1_9037_instructor_high3	3400	11400
6452	6451	field	24146	3580	1919	3172	1803	70.1961	3.554	22.8779	3.2833	Noun	3333	0.93231	4.8458	1	20.25	5	3	1	high	high1	1	10	1	2	11	12	13	14	1	list1	list1_6452_field_high1	3300	11300
15931	15930	shred	58832	150	129	134	118	2.9412	2.179	1.5379	2.1139	Noun	95	0.64189	3.4708	1	76.75	5	3	1	low	low1	3	30	1	2	31	32	33	34	1	list1	list1_15931_shred_low1	3200	11200
7210	7209	gasoline	26764	333	218	312	202	6.5294	2.5237	2.599	2.3404	Noun	333	1	3.8156	3	178.86	8	0	1	high	high3	2	20	1	2	21	22	23	24	1	list1	list1_7210_gasoline_high3	3350	11350
5736	5735	emotion	21269	423	341	398	330	8.2941	2.6274	4.0653	2.534	Noun	424	1	3.9192	3	65.5	7	0	1	high	high3	2	20	1	2	21	22	23	24	1	list1	list1_5736_emotion_high3	3300	11300
16962	16961	strand	62810	94	64	52	45	1.8431	1.9777	0.76299	1.8129	Noun	54	0.57447	3.2696	1	51.8	6	0	1	low	low1	3	30	1	2	31	32	33	34	1	list1	list1_16962_strand_low1	3400	11400
6140	6139	extortion	23127	131	112	111	96	2.5686	2.1206	1.3352	2.0531	Noun	131	1	3.4124	3	108.38	9	0	1	low	low3	4	40	1	2	41	42	43	44	1	list1	list1_6140_extortion_low3	3300	11300
13270	13269	plot	48698	591	410	557	393	11.5882	2.7723	4.8879	2.6138	Noun	475	0.80372	4.0642	1	17.67	4	6	1	high	high1	1	10	1	2	11	12	13	14	1	list1	list1_13270_plot_high1	3400	11400
9992	9991	lid	37154	251	219	247	217	4.9216	2.4014	2.6109	2.3424	Noun	250	1	3.6932	1	6.5	3	13	1	high	high1	1	10	1	2	11	12	13	14	1	list1	list1_9992_lid_high1	3300	11300
10551	10550	manicure	38923	101	90	98	88	1.9804	2.0086	1.073	1.959	Noun	101	1	3.3004	3	50.14	8	0	1	low	low3	4	40	1	2	41	42	43	44	1	list1	list1_10551_manicure_low3	3250	11250
5803	5802	engagement	21592	666	431	649	423	13.0588	2.8241	5.1383	2.6355	Noun	666	1	4.116	3	43.22	10	0	1	high	high3	2	20	1	2	21	22	23	24	1	list1	list1_5803_engagement_high3	3250	11250
14851	14850	rim	55158	125	95	103	80	2.451	2.1004	1.1326	1.9823	Noun	121	0.97581	3.3922	1	5	3	10	1	low	low1	3	30	1	2	31	32	33	34	1	list1	list1_14851_rim_low1	3400	11400
4820	4819	detector	17696	166	127	164	125	3.2549	2.2227	1.5141	2.1072	Noun	166	1	3.5146	3	52.57	8	1	1	low	low3	4	40	1	2	41	42	43	44	1	list1	list1_4820_detector_low3	3500	11500
18709	18708	veal	70911	181	105	138	93	3.549	2.2601	1.2518	2.0253	Noun	176	0.97238	3.5519	1	30.67	4	11	1	low	low1	3	30	1	2	31	32	33	34	1	list1	list1_18709_veal_low1	3250	11250
6411	6410	festival	24005	505	271	377	212	9.902	2.7042	3.2308	2.4346	Noun	503	0.99604	3.996	3	61.29	8	0	1	high	high3	2	20	1	2	21	22	23	24	1	list1	list1_6411_festival_high3	3200	11200
2549	2548	camouflage	9174	94	77	76	64	1.8431	1.9777	0.91798	1.8921	Noun	64	0.68817	3.2696	3	17.56	10	0	1	low	low3	4	40	1	2	41	42	43	44	1	list1	list1_2549_camouflage_low3	3300	11300
14677	14676	residue	54370	140	103	134	101	2.7451	2.1492	1.2279	2.017	Noun	140	1	3.4411	3	54	7	0	1	low	low3	4	40	1	2	41	42	43	44	1	list1	list1_14677_residue_low3	3300	11300
13488	13487	post	49377	1654	1005	1205	835	32.4314	3.2188	11.9814	3.0026	Noun	1461	0.89194	4.5106	1	30.33	4	13	1	high	high1	1	10	1	2	11	12	13	14	1	list1	list1_13488_post_high1	3500	11500
4738	4737	department	17309	3256	1788	2051	1268	63.8431	3.5128	21.3162	3.2526	Noun	3247	1	4.8047	3	56.44	10	1	1	high	high3	2	20	1	2	21	22	23	24	1	list1	list1_4738_department_high3	3200	11200
7463	7462	goat	27673	537	338	480	315	10.5294	2.7308	4.0296	2.5302	Noun	536	0.99814	4.0226	1	20.67	4	7	1	high	high1	1	10	1	2	11	12	13	14	1	list1	list1_7463_goat_high1	3200	11200
12748	12747	peach	46851	324	212	246	185	6.3529	2.5119	2.5274	2.3284	Noun	321	0.99381	3.8037	1	52.5	5	7	1	high	high1	1	10	1	2	11	12	13	14	1	list1	list1_12748_peach_high1	3300	11300
12399	12398	pact	45838	192	115	185	112	3.7647	2.2856	1.371	2.0645	Noun	193	1	3.5774	1	20.67	4	7	1	low	low1	3	30	1	2	31	32	33	34	1	list1	list1_12399_pact_low1	3400	11400
5608	5607	editor	20693	633	330	592	311	12.4118	2.8021	3.9342	2.5198	Noun	626	0.99365	4.0939	3	23.4	6	0	1	high	high3	2	20	1	2	21	22	23	24	1	list1	list1_5608_editor_high3	3350	11350
16557	16556	sphere	61335	126	47	74	39	2.4706	2.1038	0.56032	1.6812	Noun	126	1	3.3956	1	50.4	6	0	1	low	low1	3	30	1	2	31	32	33	34	1	list1	list1_16557_sphere_low1	3450	11450
6457	6456	fiend	24156	143	110	136	105	2.8039	2.1584	1.3114	2.0453	Noun	140	0.97902	3.4502	1	22	5	1	1	low	low1	3	30	1	2	31	32	33	34	1	list1	list1_6457_fiend_low1	3400	11400
9821	9820	league	36660	950	607	576	391	18.6275	2.9782	7.2365	2.7839	Noun	936	0.9863	4.27	1	38.2	6	0	1	high	high1	1	10	1	2	11	12	13	14	1	list1	list1_9821_league_high1	3450	11450
9263	9262	jet	34799	721	413	565	361	14.1373	2.8585	4.9237	2.617	Noun	722	0.99449	4.1504	1	6.5	3	13	1	high	high1	1	10	1	2	11	12	13	14	1	list1	list1_9263_jet_high1	3400	11400
16638	16637	spree	61675	109	83	98	80	2.1373	2.0414	0.98951	1.9243	Noun	101	0.93519	3.3332	1	31.5	5	1	1	low	low1	3	30	1	2	31	32	33	34	1	list1	list1_16638_spree_low1	3200	11200
15203	15202	salvation	56304	256	217	187	164	5.0196	2.4099	2.587	2.3385	Noun	255	1	3.7018	3	106.88	9	0	1	high	high3	2	20	1	2	21	22	23	24	1	list1	list1_15203_salvation_high3	3200	11200
4076	4075	crab	14861	352	188	241	150	6.902	2.5478	2.2413	2.2765	Noun	339	0.96307	3.8396	1	14.67	4	6	1	high	high1	1	10	1	2	11	12	13	14	1	list1	list1_4076_crab_high1	3450	11450
8938	8937	informant	33209	213	96	204	94	4.1765	2.3304	1.1445	1.9868	Noun	213	1	3.6222	3	65.63	9	0	1	low	low3	4	40	1	2	41	42	43	44	1	list1	list1_8938_informant_low3	3500	11500
6012	6011	evidence	22523	4335	1755	4177	1721	85	3.6371	20.9227	3.2445	Noun	4332	1	4.9289	3	38.57	8	0	1	high	high3	2	20	1	2	21	22	23	24	1	list1	list1_6012_evidence_high3	3450	11450
17590	17589	technician	65272	132	101	109	91	2.5882	2.1239	1.2041	2.0086	Noun	117	0.89313	3.4157	3	26.44	10	0	1	low	low3	4	40	1	2	41	42	43	44	1	list1	list1_17590_technician_low3	3350	11350
19367	19366	wit	73251	302	227	287	219	5.9216	2.4814	2.7062	2.3579	Noun	300	1	3.7733	1	6.5	3	12	1	high	high1	1	10	1	2	11	12	13	14	1	list1	list1_19367_wit_high1	3400	11400
5514	5513	dye	20394	197	139	186	133	3.8627	2.2967	1.6571	2.1461	Noun	188	0.95431	3.5885	1	3.5	3	8	1	low	low1	3	30	1	2	31	32	33	34	1	list1	list1_5514_dye_low1	3250	11250
19174	19173	weight	72405	1850	1296	1773	1262	36.2745	3.2674	15.4506	3.1129	Noun	1836	0.99297	4.5592	1	21	6	3	1	high	high1	1	10	1	2	11	12	13	14	1	list1	list1_19174_weight_high1	3400	11400
13732	13731	procedure	50335	823	581	809	573	16.1373	2.9159	6.9266	2.7649	Noun	822	1	4.2078	3	44.88	9	0	1	high	high3	2	20	1	2	21	22	23	24	1	list1	list1_13732_procedure_high3	3500	11500
3226	3225	chute	11489	184	116	181	115	3.6078	2.2672	1.3829	2.0682	Noun	174	0.97207	3.559	1	27.75	5	0	1	low	low1	3	30	1	2	31	32	33	34	1	list1	list1_3226_chute_low1	3500	11500
12585	12584	parliament	46415	114	61	34	21	2.2353	2.0607	0.72723	1.7924	Noun	114	1	3.3525	3	49.78	10	0	1	low	low3	4	40	1	2	41	42	43	44	1	list1	list1_12585_parliament_low3	3250	11250
12899	12898	persuasion	47518	100	88	89	82	1.9608	2.0043	1.0491	1.9494	Noun	100	1	3.2962	3	84.33	10	0	1	low	low3	4	40	1	2	41	42	43	44	1	list1	list1_12899_persuasion_low3	3450	11450
16609	16608	spook	61584	140	106	128	101	2.7451	2.1492	1.2637	2.0294	Noun	69	0.49286	3.4411	1	26	5	4	1	low	low1	3	30	1	2	31	32	33	34	1	list1	list1_16609_spook_low1	3200	11200
8540	8539	host	31194	766	511	698	481	15.0196	2.8848	6.092	2.7093	Noun	656	0.85528	4.1766	1	28.33	4	8	1	high	high1	1	10	1	2	11	12	13	14	1	list1	list1_8540_host_high1	3300	11300
2237	2236	buff	8279	127	98	102	87	2.4902	2.1072	1.1683	1.9956	Noun	69	0.53906	3.399	1	13.33	4	6	1	low	low1	3	30	1	2	31	32	33	34	1	list1	list1_2237_buff_low1	3200	11200
9216	9215	janitor	34625	292	179	274	173	5.7255	2.4669	2.134	2.2553	Noun	289	0.98973	3.7587	3	39	7	0	1	high	high3	2	20	1	2	21	22	23	24	1	list1	list1_9216_janitor_high3	3200	11200
2985	2984	champ	10551	771	275	475	255	15.1176	2.8876	3.2785	2.4409	Noun	770	1	4.1795	1	31.25	5	5	1	high	high1	1	10	1	2	11	12	13	14	1	list1	list1_2985_champ_high1	3350	11350
5743	5742	empire	21306	646	370	323	208	12.6667	2.8109	4.4111	2.5694	Noun	553	0.85471	4.1027	3	24.6	6	2	1	high	high3	2	20	1	2	21	22	23	24	1	list1	list1_5743_empire_high3	3250	11250
17662	17661	tendency	65503	138	135	137	134	2.7059	2.143	1.6094	2.1335	Noun	138	1	3.4348	3	55.57	8	0	1	low	low3	4	40	1	2	41	42	43	44	1	list1	list1_17662_tendency_low3	3400	11400
277	276	allegiance	1596	159	128	133	106	3.1176	2.2041	1.526	2.1106	Noun	161	1	3.496	3	36.33	10	0	1	low	low3	4	40	1	2	41	42	43	44	1	list1	list1_277_allegiance_low3	3400	11400
3394	3393	cloud	12086	599	388	498	358	11.7451	2.7782	4.6257	2.5899	Noun	542	0.90484	4.07	1	30.5	5	2	1	high	high1	1	10	1	2	11	12	13	14	1	list1	list1_3394_cloud_high1	3250	11250
9231	9230	jaw	34678	364	283	348	276	7.1373	2.5623	3.3739	2.4533	Noun	361	0.99449	3.8541	1	7	3	12	1	high	high1	1	10	1	2	11	12	13	14	1	list1	list1_9231_jaw_high1	3200	11200
16510	16509	spawn	61144	93	56	68	54	1.8235	1.9731	0.66762	1.7559	Noun	58	0.63043	3.265	1	23.75	5	0	1	low	low1	3	30	1	2	31	32	33	34	1	list1	list1_16510_spawn_low1	3400	11400
7432	7431	gloss	27566	74	65	74	65	1.451	1.8751	0.77492	1.8195	Noun	64	0.85333	3.1669	1	29.5	5	4	1	low	low1	3	30	1	2	31	32	33	34	1	list1	list1_7432_gloss_low1	3300	11300
1351	1350	beard	5238	643	399	625	390	12.6078	2.8089	4.7568	2.6021	Noun	645	0.99845	4.1007	1	50.5	5	3	1	high	high1	1	10	1	2	11	12	13	14	1	list1	list1_1351_beard_high1	3400	11400
15442	15441	scorpion	57105	136	55	86	39	2.6667	2.1367	0.6557	1.7482	Noun	136	1	3.4286	3	52.43	8	0	1	low	low3	4	40	1	2	41	42	43	44	1	list1	list1_15442_scorpion_low3	3450	11450
12629	12628	passenger	46557	549	286	443	267	10.7647	2.7404	3.4096	2.4579	Noun	548	1	4.0322	3	59	9	0	1	high	high3	2	20	1	2	21	22	23	24	1	list1	list1_12629_passenger_high3	3400	11400
948	947	avalanche	4025	173	54	58	43	3.3922	2.2405	0.64378	1.7404	Noun	173	1	3.5324	3	23.5	9	0	1	low	low3	4	40	1	2	41	42	43	44	1	list1	list1_948_avalanche_low3	3250	11250
3264	3263	citizen	11623	680	515	602	472	13.3333	2.8331	6.1397	2.7126	Noun	679	0.99853	4.125	3	28.83	7	0	1	high	high3	2	20	1	2	21	22	23	24	1	list1	list1_3264_citizen_high3	3500	11500
16699	16698	stadium	61951	312	184	185	122	6.1176	2.4955	2.1936	2.2672	Noun	312	1	3.7874	3	55.5	7	0	1	high	high3	2	20	1	2	21	22	23	24	1	list1	list1_16699_stadium_high3	3300	11300
4215	4214	crook	15319	289	196	265	186	5.6667	2.4624	2.3367	2.2945	Noun	285	1	3.7542	1	38.75	5	3	1	high	high1	1	10	1	2	11	12	13	14	1	list1	list1_4215_crook_high1	3400	11400
2788	2787	casino	9898	1039	325	889	281	20.3725	3.017	3.8746	2.5132	Noun	954	0.91819	4.3089	3	88.2	6	1	1	high	high3	2	20	1	2	21	22	23	24	1	list1	list1_2788_casino_high3	3350	11350
8487	8486	hoop	31020	137	93	120	87	2.6863	2.1399	1.1087	1.9731	Noun	121	0.88971	3.4317	1	30.33	4	6	1	low	low1	3	30	1	2	31	32	33	34	1	list1	list1_8487_hoop_low1	3200	11200
9616	9615	lace	36068	189	136	144	117	3.7059	2.2788	1.6214	2.1367	Noun	174	0.92063	3.5706	1	23.33	4	13	1	low	low1	3	30	1	2	31	32	33	34	1	list1	list1_9616_lace_low1	3200	11200
12191	12190	ore	44813	84	43	83	42	1.6471	1.9294	0.51264	1.6435	Noun	81	1	3.2213	1	3	3	7	1	low	low1	3	30	1	2	31	32	33	34	1	list1	list1_12191_ore_low1	3400	11400
4046	4045	covenant	14761	341	53	15	14	6.6863	2.534	0.63186	1.7324	Noun	336	0.98534	3.8259	3	82.29	8	0	1	high	high3	2	20	1	2	21	22	23	24	1	list1	list1_4046_covenant_high3	3400	11400
4625	4624	deduction	16744	87	68	87	68	1.7059	1.9445	0.81068	1.8388	Noun	88	1	3.2363	3	112.75	9	2	1	low	low3	4	40	1	2	41	42	43	44	1	list1	list1_4625_deduction_low3	3300	11300
10176	10175	lobe	37658	95	69	93	68	1.8627	1.9823	0.8226	1.8451	Noun	95	1	3.2741	1	16.67	4	7	1	low	low1	3	30	1	2	31	32	33	34	1	list1	list1_10176_lobe_low1	3500	11500
9577	9576	knot	35868	188	151	187	150	3.6863	2.2765	1.8002	2.1818	Noun	181	0.96277	3.5683	1	10.67	4	4	1	low	low1	3	30	1	2	31	32	33	34	1	list1	list1_9577_knot_low1	3350	11350
14877	14876	risk	55243	2501	1700	2456	1681	49.0392	3.3983	20.267	3.2307	Noun	1463	0.58567	4.6901	1	16.33	4	5	1	high	high1	1	10	1	2	11	12	13	14	1	list1	list1_14877_risk_high1	3300	11300
10087	10086	link	37403	609	399	479	379	11.9412	2.7853	4.7568	2.6021	Noun	373	0.61551	4.0772	1	34	4	12	1	high	high1	1	10	1	2	11	12	13	14	1	list1	list1_10087_link_high1	3250	11250
14824	14823	ridicule	55073	100	84	97	84	1.9608	2.0043	1.0014	1.9294	Noun	58	0.58	3.2962	3	34.86	8	0	1	low	low3	4	40	1	2	41	42	43	44	1	list1	list1_14824_ridicule_low3	3250	11250
9118	9117	inventor	34156	117	83	114	82	2.2941	2.0719	0.98951	1.9243	Noun	117	1	3.3637	3	61.57	8	1	1	low	low3	4	40	1	2	41	42	43	44	1	list1	list1_9118_inventor_low3	3500	11500
9867	9866	legacy	36798	256	193	245	188	5.0196	2.4099	2.3009	2.2878	Noun	256	1	3.7018	3	20.4	6	0	1	high	high3	2	20	1	2	21	22	23	24	1	list1	list1_9867_legacy_high3	3300	11300
18532	18531	underworld	69160	181	123	159	114	3.549	2.2601	1.4664	2.0934	Noun	181	1	3.5519	3	47.11	10	0	1	low	low3	4	40	1	2	41	42	43	44	1	list1	list1_18532_underworld_low3	3200	11200
13838	13837	protection	50783	1197	854	1073	798	23.4706	3.0785	10.1812	2.932	Noun	1196	0.99916	4.3703	3	145.78	10	1	1	high	high3	2	20	1	2	21	22	23	24	1	list1	list1_13838_protection_high3	3500	11500
11005	11004	mile	40546	1071	779	950	746	21	3.0302	9.2871	2.8921	Noun	1095	1	4.322	1	29.67	4	18	1	high	high1	1	10	1	2	11	12	13	14	1	list1	list1_11005_mile_high1	3500	11500
16921	16920	stool	62665	179	156	174	153	3.5098	2.2553	1.8598	2.1959	Noun	179	1	3.5471	1	34	5	3	1	low	low1	3	30	1	2	31	32	33	34	1	list1	list1_16921_stool_low1	3200	11200
15000	14999	rotation	55632	149	108	147	108	2.9216	2.1761	1.2876	2.0374	Noun	149	1	3.4679	3	89.14	8	1	1	low	low3	4	40	1	2	41	42	43	44	1	list1	list1_15000_rotation_low3	3450	11450
19159	19158	wedge	72347	119	97	107	90	2.3333	2.0792	1.1564	1.9912	Noun	91	0.76471	3.371	1	21.5	5	3	1	low	low1	3	30	1	2	31	32	33	34	1	list1	list1_19159_wedge_low1	3350	11350
9503	9502	kin	35631	218	167	185	155	4.2745	2.3404	1.9909	2.2253	Noun	216	0.99083	3.6323	1	7.5	3	14	1	low	low1	3	30	1	2	31	32	33	34	1	list1	list1_9503_kin_low1	3200	11200
2976	2975	chalk	10509	183	143	151	118	3.5882	2.2648	1.7048	2.1584	Noun	183	1	3.5567	1	29.5	5	0	1	low	low1	3	30	1	2	31	32	33	34	1	list1	list1_2976_chalk_low1	3300	11300
1760	1759	blur	6818	109	94	101	87	2.1373	2.0414	1.1206	1.9777	Noun	89	0.82407	3.3332	1	12.33	4	2	1	low	low1	3	30	1	2	31	32	33	34	1	list1	list1_1760_blur_low1	3400	11400
13694	13693	principle	50230	395	316	383	309	7.7451	2.5977	3.7673	2.5011	Noun	395	1	3.8895	3	48.88	9	0	1	high	high3	2	20	1	2	21	22	23	24	1	list1	list1_13694_principle_high3	3350	11350
13737	13736	processing	50345	193	154	168	136	3.7843	2.2878	1.836	2.1903	Noun	119	0.61658	3.5796	3	172.22	10	1	1	low	low3	4	40	1	2	41	42	43	44	1	list1	list1_13737_processing_low3	3350	11350
7670	7669	grid	28386	282	190	267	183	5.5294	2.4518	2.2651	2.281	Noun	282	1	3.7436	1	14.67	4	5	1	high	high1	1	10	1	2	11	12	13	14	1	list1	list1_7670_grid_high1	3350	11350
17554	17553	tax	65161	742	495	692	464	14.549	2.871	5.9013	2.6955	Noun	705	0.95399	4.1628	1	5.5	3	9	1	high	high1	1	10	1	2	11	12	13	14	1	list1	list1_17554_tax_high1	3450	11450
7202	7201	gas	26745	3457	1607	3216	1540	67.7843	3.5388	19.1583	3.2063	Noun	3412	0.98784	4.8307	1	5	3	8	1	high	high1	1	10	1	2	11	12	13	14	1	list1	list1_7202_gas_high1	3250	11250
319	318	alphabet	1715	127	87	89	77	2.4902	2.1072	1.0372	1.9445	Noun	126	1	3.399	3	16.43	8	0	1	low	low3	4	40	1	2	41	42	43	44	1	list1	list1_319_alphabet_low3	3350	11350
2051	2050	bravery	7691	147	118	135	111	2.8824	2.1703	1.4068	2.0755	Noun	147	1	3.4621	3	109.33	7	1	1	low	low3	4	40	1	2	41	42	43	44	1	list1	list1_2051_bravery_low3	3400	11400
7078	7077	fur	26341	422	285	393	271	8.2745	2.6263	3.3977	2.4564	Noun	416	0.98578	3.9182	1	3	3	7	1	high	high1	1	10	1	2	11	12	13	14	1	list1	list1_7078_fur_high1	3400	11400
18365	18364	tuition	68106	206	140	191	131	4.0392	2.316	1.6691	2.1492	Noun	205	1	3.6078	3	68.17	7	0	1	low	low3	4	40	1	2	41	42	43	44	1	list1	list1_18365_tuition_low3	3200	11200
13175	13174	plaid	48442	82	72	76	67	1.6078	1.9191	0.85837	1.8633	Noun	82	1	3.2109	1	35.5	5	2	1	low	low1	3	30	1	2	31	32	33	34	1	list1	list1_13175_plaid_low1	3200	11200
16315	16314	snitch	60356	161	110	142	100	3.1569	2.2095	1.3114	2.0453	Noun	110	0.68323	3.5013	1	24.2	6	3	1	low	low1	3	30	1	2	31	32	33	34	1	list1	list1_16315_snitch_low1	3400	11400
11587	11586	myth	42442	352	250	341	246	6.902	2.5478	2.9804	2.3997	Noun	352	1	3.8396	1	4.67	4	2	1	high	high1	1	10	1	2	11	12	13	14	1	list1	list1_11587_myth_high1	3400	11400
12951	12950	pharmacy	47683	175	130	148	115	3.4314	2.2455	1.5498	2.1173	Noun	166	0.94857	3.5373	3	32.14	8	0	1	low	low3	4	40	1	2	41	42	43	44	1	list1	list1_12951_pharmacy_low3	3450	11450
14181	14180	radius	51995	224	194	222	193	4.3922	2.3522	2.3128	2.29	Noun	224	1	3.644	3	35.4	6	1	1	low	low3	4	40	1	2	41	42	43	44	1	list1	list1_14181_radius_low3	3250	11250
7325	7324	getaway	27156	196	152	182	146	3.8431	2.2945	1.8121	2.1847	Noun	196	1	3.5863	3	27.83	7	0	1	low	low3	4	40	1	2	41	42	43	44	1	list1	list1_7325_getaway_low3	3350	11350
18362	18361	tug	68097	140	79	82	69	2.7451	2.1492	0.94182	1.9031	Noun	85	0.61151	3.4411	1	6.5	3	12	1	low	low1	3	30	1	2	31	32	33	34	1	list1	list1_18362_tug_low1	3500	11500
16958	16957	strain	62800	361	291	354	287	7.0784	2.5587	3.4692	2.4654	Noun	278	0.77222	3.8505	1	50.4	6	2	1	high	high1	1	10	1	2	11	12	13	14	1	list1	list1_16958_strain_high1	3300	11300
10839	10838	membership	39914	165	133	159	129	3.2353	2.2201	1.5856	2.1271	Noun	165	1	3.5119	3	30.44	10	0	1	low	low3	4	40	1	2	41	42	43	44	1	list1	list1_10839_membership_low3	3400	11400
15823	15822	shield	58475	418	256	371	231	8.1961	2.6222	3.052	2.4099	Noun	335	0.79952	3.914	1	42.2	6	0	1	high	high1	1	10	1	2	11	12	13	14	1	list1	list1_15823_shield_high1	3200	11200
8009	8008	hangover	29382	199	167	190	160	3.902	2.301	1.9909	2.2253	Noun	200	1	3.5929	3	66.86	8	0	1	low	low3	4	40	1	2	41	42	43	44	1	list1	list1_8009_hangover_low3	3300	11300
809	808	assistance	3501	558	447	532	429	10.9412	2.7474	5.329	2.6513	Noun	557	1	4.0392	3	47.44	10	0	1	high	high3	2	20	1	2	21	22	23	24	1	list1	list1_809_assistance_high3	3450	11450
16547	16546	spell	61286	1869	884	1798	855	36.6471	3.2718	10.5389	2.9469	Noun	1190	0.63704	4.5637	1	29.25	5	5	1	high	high1	1	10	1	2	11	12	13	14	1	list1	list1_16547_spell_high1	3250	11250
16524	16523	specimen	61209	242	175	234	171	4.7451	2.3856	2.0863	2.2455	Noun	238	1	3.6774	3	38.86	8	0	1	high	high3	2	20	1	2	21	22	23	24	1	list1	list1_16524_specimen_high3	3400	11400
5704	5703	embassy	21148	397	182	233	117	7.7843	2.5999	2.1698	2.2625	Noun	397	1	3.8917	3	12	7	0	1	high	high3	2	20	1	2	21	22	23	24	1	list1	list1_5704_embassy_high3	3200	11200
12468	12467	pan	46058	627	366	345	265	12.2941	2.798	4.3634	2.5647	Noun	291	0.46486	4.0898	1	9	3	19	1	high	high1	1	10	1	2	11	12	13	14	1	list1	list1_12468_pan_high1	3350	11350
4031	4030	courtesy	14732	414	357	368	321	8.1176	2.618	4.2561	2.5539	Noun	414	1	3.9099	3	89.43	8	0	1	high	high3	2	20	1	2	21	22	23	24	1	list1	list1_4031_courtesy_high3	3400	11400
18715	18714	vegetable	70931	291	238	273	228	5.7059	2.4654	2.8374	2.3784	Noun	291	1	3.7572	3	45.13	9	0	1	high	high3	2	20	1	2	21	22	23	24	1	list1	list1_18715_vegetable_high3	3500	11500
18454	18453	twin	68372	532	339	395	286	10.4314	2.7267	4.0415	2.5315	Noun	461	0.86654	4.0186	1	10.33	4	3	1	high	high1	1	10	1	2	11	12	13	14	1	list1	list1_18454_twin_high1	3400	11400
15190	15189	saliva	56242	135	92	122	86	2.6471	2.1335	1.0968	1.9685	Noun	135	1	3.4254	3	39	6	0	1	low	low3	4	40	1	2	41	42	43	44	1	list1	list1_15190_saliva_low3	3400	11400
17013	17012	string	62978	646	505	595	466	12.6667	2.8109	6.0205	2.7042	Noun	519	0.8059	4.1027	1	128.2	6	3	1	high	high1	1	10	1	2	11	12	13	14	1	list1	list1_17013_string_high1	3250	11250
8203	8202	heir	30042	266	168	245	161	5.2157	2.4265	2.0029	2.2279	Noun	266	1	3.7183	1	11.67	4	3	1	high	high1	1	10	1	2	11	12	13	14	1	list1	list1_8203_heir_high1	3450	11450
7176	7175	gap	26657	218	178	165	133	4.2745	2.3404	2.1221	2.2529	Noun	217	1	3.6323	1	9	3	16	1	low	low1	3	30	1	2	31	32	33	34	1	list1	list1_7176_gap_low1	3250	11250
9088	9087	interview	33991	1505	815	1470	799	29.5098	3.1778	9.7163	2.9117	Noun	1193	0.79427	4.4697	3	84.13	9	0	1	high	high3	2	20	1	2	21	22	23	24	1	list1	list1_9088_interview_high3	3200	11200
10146	10145	livelihood	37574	76	65	76	65	1.4902	1.8865	0.77492	1.8195	Noun	75	1	3.1783	3	21.56	10	1	1	low	low3	4	40	1	2	41	42	43	44	1	list1	list1_10146_livelihood_low3	3500	11500
8689	8688	hype	31734	83	61	79	59	1.6275	1.9243	0.72723	1.7924	Noun	83	1	3.2161	1	6.67	4	2	1	low	low1	3	30	1	2	31	32	33	34	1	list1	list1_8689_hype_low1	3250	11250
6982	6981	frequency	25946	337	231	326	227	6.6078	2.5289	2.7539	2.3655	Noun	337	1	3.8208	3	43	9	0	1	high	high3	2	20	1	2	21	22	23	24	1	list1	list1_6982_frequency_high3	3200	11200
6069	6068	exercise	22762	904	640	859	625	17.7255	2.9566	7.6299	2.8069	Noun	642	0.71096	4.2485	3	54.86	8	1	1	high	high3	2	20	1	2	21	22	23	24	1	list1	list1_6069_exercise_high3	3350	11350
9100	9099	intruder	34094	186	122	145	106	3.6471	2.2718	1.4545	2.0899	Noun	186	1	3.5637	3	73	8	2	1	low	low3	4	40	1	2	41	42	43	44	1	list1	list1_9100_intruder_low3	3200	11200
19033	19032	wand	71931	157	74	152	73	3.0784	2.1987	0.88221	1.8751	Noun	155	1	3.4905	1	34	4	9	1	low	low1	3	30	1	2	31	32	33	34	1	list1	list1_19033_wand_low1	3250	11250
14701	14700	restaurant	54486	2373	1244	2248	1212	46.5294	3.3755	14.8307	3.0952	Noun	2365	1	4.6673	3	63	10	0	1	high	high3	2	20	1	2	21	22	23	24	1	list1	list1_14701_restaurant_high3	3300	11300
