numid|f	X|f	Word|s	Unnamed|f	FREQcount|f	Cdcount|f	FREQlow|f	Cdlow|f	SUBLTLWF|f	Lg10WF|f	SUBTLCD|f	Lg10CD|f	Dom_PoS_SUBTLEX|s	Freq_dom_PoS_SUBTLEX|f	Percentage_dom_PoS|f	Zipfvalue|f	cmu_sylls|f	BF_TP|f	LEN_L|f	N|f	Zipfvalue_incl|f	Zipfvalue_cat|s	cond_name|s	cond_code|f	trigger_code|f	len|f	corr_resp|f	fix_code|f	word_code|f	delay_code|f	audioresp_code|f	list|f	list_name|s	file_num|s	jittered_ISI|f	total_time|f
9102	9101	intrusion	34098	127	108	126	108	2.4902	2.1072	1.2876	2.0374	Noun	128	1	3.399	3	95.5	9	0	1	low	low3	4	40	1	2	41	42	43	44	2	list2	list2_9102_intrusion_low3	3250	11250
8362	8361	hitch	30613	208	170	168	152	4.0784	2.3201	2.0267	2.233	Noun	97	0.46635	3.612	1	31.75	5	6	1	low	low1	3	30	1	2	31	32	33	34	2	list2	list2_8362_hitch_low1	3350	11350
16864	16863	stewardess	62429	161	104	133	92	3.1569	2.2095	1.2399	2.0212	Noun	122	0.7625	3.5013	3	34.33	10	0	1	low	low3	4	40	1	2	41	42	43	44	2	list2	list2_16864_stewardess_low3	3250	11250
5892	5891	equation	22047	178	127	173	124	3.4902	2.2529	1.5141	2.1072	Noun	177	1	3.5447	3	83.43	8	0	1	low	low3	4	40	1	2	41	42	43	44	2	list2	list2_5892_equation_low3	3200	11200
11527	11526	museum	42259	942	459	705	356	18.4706	2.9745	5.4721	2.6628	Noun	942	1	4.2663	3	22.6	6	0	1	high	high3	2	20	1	2	21	22	23	24	2	list2	list2_11527_museum_high3	3450	11450
5180	5179	doll	19390	1263	648	1080	615	24.7647	3.1017	7.7253	2.8122	Noun	1240	0.98335	4.3936	1	35	4	11	1	high	high1	1	10	1	2	11	12	13	14	2	list2	list2_5180_doll_high1	3200	11200
2188	2187	brow	8107	94	78	94	78	1.8431	1.9777	0.9299	1.8976	Noun	94	1	3.2696	1	13.33	4	5	1	low	low1	3	30	1	2	31	32	33	34	2	list2	list2_2188_brow_low1	3250	11250
6115	6114	explosion	23007	841	467	763	438	16.4902	2.9253	5.5675	2.6702	Noun	840	1	4.2171	3	80.5	9	0	1	high	high3	2	20	1	2	21	22	23	24	2	list2	list2_6115_explosion_high3	3500	11500
11278	11277	monitor	41439	669	472	623	450	13.1176	2.8261	5.6271	2.6749	Noun	375	0.56054	4.1179	3	41.83	7	0	1	high	high3	2	20	1	2	21	22	23	24	2	list2	list2_11278_monitor_high3	3200	11200
3629	3628	committee	12861	1123	528	796	418	22.0196	3.0508	6.2947	2.7235	Noun	1120	1	4.3426	3	91.38	9	1	1	high	high3	2	20	1	2	21	22	23	24	2	list2	list2_3629_committee_high3	3200	11200
6674	6673	flick	24817	257	137	150	122	5.0392	2.4116	1.6333	2.1399	Noun	121	0.47082	3.7035	1	37	5	4	1	high	high1	1	10	1	2	11	12	13	14	2	list2	list2_6674_flick_high1	3400	11400
13578	13577	precaution	49680	174	156	173	155	3.4118	2.243	1.8598	2.1959	Noun	176	1	3.5349	3	122.11	10	0	1	low	low3	4	40	1	2	41	42	43	44	2	list2	list2_13578_precaution_low3	3400	11400
5896	5895	equipment	22061	1298	849	1270	831	25.451	3.1136	10.1216	2.9294	Noun	1296	1	4.4054	3	42.25	9	0	1	high	high3	2	20	1	2	21	22	23	24	2	list2	list2_5896_equipment_high3	3350	11350
2316	2315	bungalow	8481	84	48	63	43	1.6471	1.9294	0.57225	1.6902	Noun	84	1	3.2213	3	26.43	8	0	1	low	low3	4	40	1	2	41	42	43	44	2	list2	list2_2316_bungalow_low3	3500	11500
17735	17734	theater	65809	1226	594	1059	537	24.0392	3.0888	7.0815	2.7745	Noun	1159	0.95234	4.3807	3	130	7	0	1	high	high3	2	20	1	2	21	22	23	24	2	list2	list2_17735_theater_high3	3250	11250
18026	18025	torch	66889	254	196	220	176	4.9804	2.4065	2.3367	2.2945	Noun	252	0.99213	3.6984	1	40.75	5	2	1	high	high1	1	10	1	2	11	12	13	14	2	list2	list2_18026_torch_high1	3450	11450
13805	13804	propeller	50643	78	55	74	51	1.5294	1.8976	0.6557	1.7482	Noun	78	1	3.1895	3	67.63	9	1	1	low	low3	4	40	1	2	41	42	43	44	2	list2	list2_13805_propeller_low3	3400	11400
11490	11489	mule	42077	358	213	323	202	7.0196	2.5551	2.5393	2.3304	Noun	357	1	3.8469	1	22	4	8	1	high	high1	1	10	1	2	11	12	13	14	2	list2	list2_11490_mule_high1	3250	11250
9280	9279	jig	34846	87	62	80	58	1.7059	1.9445	0.73915	1.7993	Noun	81	0.93103	3.2363	1	5	3	11	1	low	low1	3	30	1	2	31	32	33	34	2	list2	list2_9280_jig_low1	3200	11200
8631	8630	hump	31509	225	162	197	156	4.4118	2.3541	1.9313	2.2122	Noun	127	0.56696	3.6459	1	16	4	8	1	low	low1	3	30	1	2	31	32	33	34	2	list2	list2_8631_hump_low1	3250	11250
18721	18720	vehicle	70946	1153	668	1099	648	22.6078	3.0622	7.9638	2.8254	Noun	1148	1	4.354	3	33.83	7	0	1	high	high3	2	20	1	2	21	22	23	24	2	list2	list2_18721_vehicle_high3	3200	11200
12369	12368	oxygen	45759	708	399	643	373	13.8824	2.8506	4.7568	2.6021	Noun	706	0.99859	4.1425	3	40.8	6	0	1	high	high3	2	20	1	2	21	22	23	24	2	list2	list2_12369_oxygen_high3	3300	11300
18278	18277	trip	67775	4202	2366	4055	2343	82.3922	3.6236	28.207	3.3742	Noun	4125	0.98355	4.9154	1	14	4	5	1	high	high1	1	10	1	2	11	12	13	14	2	list2	list2_18278_trip_high1	3350	11350
7230	7229	gauge	26830	112	92	111	91	2.1961	2.0531	1.0968	1.9685	Noun	102	0.91071	3.3449	1	24.5	5	2	1	low	low1	3	30	1	2	31	32	33	34	2	list2	list2_7230_gauge_low1	3400	11400
18676	18675	vanilla	70795	203	147	140	110	3.9804	2.3096	1.7525	2.1703	Noun	202	1	3.6015	3	37.83	7	0	1	low	low3	4	40	1	2	41	42	43	44	2	list2	list2_18676_vanilla_low3	3300	11300
16224	16223	slot	59950	280	204	267	198	5.4902	2.4487	2.432	2.3118	Noun	270	0.97473	3.7405	1	21	4	15	1	high	high1	1	10	1	2	11	12	13	14	2	list2	list2_16224_slot_high1	3500	11500
2964	2963	chain	10480	1082	739	1021	708	21.2157	3.0346	8.8102	2.8692	Noun	1020	0.94183	4.3265	1	33.75	5	1	1	high	high1	1	10	1	2	11	12	13	14	2	list2	list2_2964_chain_high1	3250	11250
3217	3216	chunk	11460	211	136	142	130	4.1373	2.3263	1.6214	2.1367	Noun	201	0.95261	3.6182	1	30.25	5	3	1	low	low1	3	30	1	2	31	32	33	34	2	list2	list2_3217_chunk_low1	3400	11400
14457	14456	reel	53181	166	110	137	100	3.2549	2.2227	1.3114	2.0453	Noun	101	0.60843	3.5146	1	23	4	8	1	low	low1	3	30	1	2	31	32	33	34	2	list2	list2_14457_reel_low1	3500	11500
4839	4838	deuce	17772	146	84	82	62	2.8627	2.1673	1.0014	1.9294	Noun	92	0.63014	3.4592	1	20.5	5	0	1	low	low1	3	30	1	2	31	32	33	34	2	list2	list2_4839_deuce_low1	3300	11300
18762	18761	verge	71080	167	146	167	146	3.2745	2.2253	1.7406	2.1673	Noun	165	0.98802	3.5171	1	28.25	5	4	1	low	low1	3	30	1	2	31	32	33	34	2	list2	list2_18762_verge_low1	3450	11450
4764	4763	deputy	17443	798	373	432	241	15.6471	2.9025	4.4468	2.5729	Noun	792	0.99373	4.1944	3	38	6	0	1	high	high3	2	20	1	2	21	22	23	24	2	list2	list2_4764_deputy_high3	3250	11250
9289	9288	jinx	34903	204	105	112	90	4	2.3118	1.2518	2.0253	Noun	109	0.53431	3.6036	1	18	4	0	1	low	low1	3	30	1	2	31	32	33	34	2	list2	list2_9289_jinx_low1	3500	11500
972	971	awe	4122	134	95	93	81	2.6275	2.1303	1.1326	1.9823	Noun	110	0.8209	3.4222	1	2	3	10	1	low	low1	3	30	1	2	31	32	33	34	2	list2	list2_972_awe_low1	3350	11350
10188	10187	location	37695	1263	823	1213	799	24.7647	3.1017	9.8116	2.9159	Noun	1258	1	4.3936	3	87.43	8	1	1	high	high3	2	20	1	2	21	22	23	24	2	list2	list2_10188_location_high3	3400	11400
9150	9149	irony	34316	233	200	219	192	4.5686	2.3692	2.3844	2.3032	Noun	233	1	3.661	3	34.25	5	1	1	high	high3	2	20	1	2	21	22	23	24	2	list2	list2_9150_irony_high3	3450	11450
16707	16706	stage	61961	2324	1176	2193	1139	45.5686	3.3664	14.02	3.0708	Noun	2283	0.98533	4.6583	1	38.25	5	6	1	high	high1	1	10	1	2	11	12	13	14	2	list2	list2_16707_stage_high1	3500	11500
18003	18002	tool	66795	548	369	418	340	10.7451	2.7396	4.3991	2.5682	Noun	543	0.99088	4.0314	1	29.67	4	8	1	high	high1	1	10	1	2	11	12	13	14	2	list2	list2_18003_tool_high1	3350	11350
18743	18742	vent	71015	225	159	211	152	4.4118	2.3541	1.8956	2.2041	Noun	174	0.78378	3.6459	1	21.33	4	10	1	low	low1	3	30	1	2	31	32	33	34	2	list2	list2_18743_vent_low1	3350	11350
4858	4857	devotion	17866	211	182	205	177	4.1373	2.3263	2.1698	2.2625	Noun	211	1	3.6182	3	98.29	8	1	1	low	low3	4	40	1	2	41	42	43	44	2	list2	list2_4858_devotion_low3	3300	11300
7235	7234	gauze	26843	73	56	63	51	1.4314	1.8692	0.66762	1.7559	Noun	54	0.73973	3.1611	1	14.25	5	2	1	low	low1	3	30	1	2	31	32	33	34	2	list2	list2_7235_gauze_low1	3450	11450
3947	3946	corruption	14445	218	154	199	145	4.2745	2.3404	1.836	2.1903	Noun	218	1	3.6323	3	136.33	10	0	1	low	low3	4	40	1	2	41	42	43	44	2	list2	list2_3947_corruption_low3	3350	11350
9681	9680	landlady	36274	106	77	104	75	2.0784	2.0294	0.91798	1.8921	Noun	106	1	3.3212	3	48.14	8	0	1	low	low3	4	40	1	2	41	42	43	44	2	list2	list2_9681_landlady_low3	3450	11450
12790	12789	peer	46999	78	63	70	56	1.5294	1.8976	0.75107	1.8062	Noun	49	0.62821	3.1895	1	26.67	4	11	1	low	low1	3	30	1	2	31	32	33	34	2	list2	list2_12790_peer_low1	3200	11200
6128	6127	expression	23043	651	549	649	547	12.7647	2.8142	6.5451	2.7404	Noun	650	1	4.1061	3	98.67	10	0	1	high	high3	2	20	1	2	21	22	23	24	2	list2	list2_6128_expression_high3	3200	11200
5052	5051	disk	18767	338	128	332	128	6.6275	2.5302	1.526	2.1106	Noun	338	1	3.822	1	16.67	4	7	1	high	high1	1	10	1	2	11	12	13	14	2	list2	list2_5052_disk_high1	3200	11200
3824	3823	contractor	13919	160	123	156	119	3.1373	2.2068	1.4664	2.0934	Noun	160	1	3.4987	3	76	10	0	1	low	low3	4	40	1	2	41	42	43	44	2	list2	list2_3824_contractor_low3	3450	11450
18858	18857	vine	71374	107	80	78	62	2.098	2.0334	0.95374	1.9085	Noun	104	0.98113	3.3253	1	31	4	15	1	low	low1	3	30	1	2	31	32	33	34	2	list2	list2_18858_vine_low1	3200	11200
17377	17376	sympathy	64529	426	356	400	344	8.3529	2.6304	4.2442	2.5527	Noun	424	1	3.9223	3	25.86	8	0	1	high	high3	2	20	1	2	21	22	23	24	2	list2	list2_17377_sympathy_high3	3500	11500
7008	7007	fringe	26040	85	69	71	63	1.6667	1.9345	0.8226	1.8451	Noun	85	1	3.2263	1	52	6	2	1	low	low1	3	30	1	2	31	32	33	34	2	list2	list2_7008_fringe_low1	3350	11350
15735	15734	shack	58167	288	196	232	160	5.6471	2.4609	2.3367	2.2945	Noun	284	0.9827	3.7527	1	43	5	8	1	high	high1	1	10	1	2	11	12	13	14	2	list2	list2_15735_shack_high1	3300	11300
837	836	asylum	3610	234	163	222	159	4.5882	2.3711	1.9433	2.2148	Noun	233	0.99573	3.6629	3	9.2	6	0	1	high	high3	2	20	1	2	21	22	23	24	2	list2	list2_837_asylum_high3	3350	11350
3668	3667	completion	13040	79	71	76	70	1.549	1.9031	0.84645	1.8573	Noun	79	1	3.1949	3	146.44	10	1	1	low	low3	4	40	1	2	41	42	43	44	2	list2	list2_3668_completion_low3	3300	11300
4817	4816	detection	17693	85	67	76	63	1.6667	1.9345	0.79876	1.8325	Noun	85	1	3.2263	3	126.13	9	3	1	low	low3	4	40	1	2	41	42	43	44	2	list2	list2_4817_detection_low3	3450	11450
597	596	appetite	2746	456	389	450	384	8.9412	2.6599	4.6376	2.5911	Noun	456	1	3.9518	3	87.29	8	0	1	high	high3	2	20	1	2	21	22	23	24	2	list2	list2_597_appetite_high3	3200	11200
4108	4107	crash	14977	1461	892	1336	840	28.6471	3.1649	10.6342	2.9509	Noun	871	0.59617	4.4568	1	48.75	5	5	1	high	high1	1	10	1	2	11	12	13	14	2	list2	list2_4108_crash_high1	3400	11400
5220	5219	doom	19510	286	173	174	145	5.6078	2.4579	2.0625	2.2405	Noun	255	0.89789	3.7497	1	28	4	6	1	high	high1	1	10	1	2	11	12	13	14	2	list2	list2_5220_doom_high1	3350	11350
16392	16391	solitude	60712	102	91	91	81	2	2.0128	1.0849	1.9638	Noun	98	0.9703	3.3047	3	45.57	8	0	1	low	low3	4	40	1	2	41	42	43	44	2	list2	list2_16392_solitude_low3	3500	11500
391	390	amp	1977	93	73	73	60	1.8235	1.9731	0.87029	1.8692	Noun	92	1	3.265	1	1.5	3	1	1	low	low1	3	30	1	2	31	32	33	34	2	list2	list2_391_amp_low1	3200	11200
6369	6368	fellowship	23889	150	83	127	73	2.9412	2.179	0.98951	1.9243	Noun	150	1	3.4708	3	22.44	10	0	1	low	low3	4	40	1	2	41	42	43	44	2	list2	list2_6369_fellowship_low3	3250	11250
3626	3625	commission	12848	703	435	478	344	13.7843	2.8476	5.186	2.6395	Noun	679	0.96724	4.1394	3	111.44	10	0	1	high	high3	2	20	1	2	21	22	23	24	2	list2	list2_3626_commission_high3	3250	11250
17457	17456	takeover	64808	80	54	77	53	1.5686	1.9085	0.64378	1.7404	Noun	80	1	3.2003	3	40.86	8	0	1	low	low3	4	40	1	2	41	42	43	44	2	list2	list2_17457_takeover_low3	3500	11500
17808	17807	thrill	66123	429	351	400	336	8.4118	2.6335	4.1845	2.5465	Noun	338	0.79157	3.9253	1	41.6	6	2	1	high	high1	1	10	1	2	11	12	13	14	2	list2	list2_17808_thrill_high1	3400	11400
1679	1678	bliss	6576	160	119	121	99	3.1373	2.2068	1.4187	2.0792	Noun	146	0.9125	3.4987	1	30	5	2	1	low	low1	3	30	1	2	31	32	33	34	2	list2	list2_1679_bliss_low1	3200	11200
19564	19563	youth	74060	858	600	747	536	16.8235	2.934	7.1531	2.7789	Noun	861	1	4.2258	1	27.75	5	2	1	high	high1	1	10	1	2	11	12	13	14	2	list2	list2_19564_youth_high1	3300	11300
18699	18698	vase	70874	196	121	191	119	3.8431	2.2945	1.4425	2.0864	Noun	196	0.99492	3.5863	1	20.67	4	6	1	low	low1	3	30	1	2	31	32	33	34	2	list2	list2_18699_vase_low1	3500	11500
2614	2613	canopy	9353	86	50	83	49	1.6863	1.9395	0.59609	1.7076	Noun	86	1	3.2314	3	46.8	6	0	1	low	low3	4	40	1	2	41	42	43	44	2	list2	list2_2614_canopy_low3	3450	11450
7135	7134	gallery	26540	434	239	385	223	8.5098	2.6385	2.8493	2.3802	Noun	434	1	3.9303	3	118.67	7	0	1	high	high3	2	20	1	2	21	22	23	24	2	list2	list2_7135_gallery_high3	3250	11250
8256	8255	herd	30238	360	195	326	187	7.0588	2.5575	2.3247	2.2923	Noun	338	0.93889	3.8493	1	19.33	4	8	1	high	high1	1	10	1	2	11	12	13	14	2	list2	list2_8256_herd_high1	3500	11500
6078	6077	exhaustion	22791	82	73	78	70	1.6078	1.9191	0.87029	1.8692	Noun	82	1	3.2109	3	110.78	10	0	1	low	low3	4	40	1	2	41	42	43	44	2	list2	list2_6078_exhaustion_low3	3450	11450
15715	15714	settlement	58083	322	216	314	213	6.3137	2.5092	2.5751	2.3365	Noun	322	1	3.801	3	48.56	10	0	1	high	high3	2	20	1	2	21	22	23	24	2	list2	list2_15715_settlement_high3	3400	11400
7130	7129	gall	26526	101	82	92	77	1.9804	2.0086	0.97759	1.9191	Noun	87	0.86139	3.3004	1	34.67	4	14	1	low	low1	3	30	1	2	31	32	33	34	2	list2	list2_7130_gall_low1	3400	11400
2891	2890	cavity	10203	152	123	147	120	2.9804	2.1847	1.4664	2.0934	Noun	152	1	3.4765	3	53	6	0	1	low	low3	4	40	1	2	41	42	43	44	2	list2	list2_2891_cavity_low3	3450	11450
2518	2517	calf	9040	151	108	132	100	2.9608	2.1818	1.2876	2.0374	Noun	150	0.99338	3.4737	1	22.33	4	3	1	low	low1	3	30	1	2	31	32	33	34	2	list2	list2_2518_calf_low1	3250	11250
16785	16784	stash	62163	257	206	244	201	5.0392	2.4116	2.4559	2.316	Noun	167	0.64981	3.7035	1	40.75	5	2	1	high	high1	1	10	1	2	11	12	13	14	2	list2	list2_16785_stash_high1	3250	11250
8064	8063	hash	29609	180	133	164	121	3.5294	2.2577	1.5856	2.1271	Noun	132	0.73743	3.5495	1	30	4	12	1	low	low1	3	30	1	2	31	32	33	34	2	list2	list2_8064_hash_low1	3500	11500
8766	8765	illusion	32122	421	305	412	301	8.2549	2.6253	3.6361	2.4857	Noun	421	1	3.9171	3	45.29	8	1	1	high	high3	2	20	1	2	21	22	23	24	2	list2	list2_8766_illusion_high3	3250	11250
9718	9717	lard	36364	86	65	68	59	1.6863	1.9395	0.77492	1.8195	Noun	82	0.95349	3.2314	1	36	4	11	1	low	low1	3	30	1	2	31	32	33	34	2	list2	list2_9718_lard_low1	3400	11400
15547	15546	seat	57477	4018	2443	3943	2416	78.7843	3.6041	29.1249	3.3881	Noun	3978	0.99078	4.896	1	35	4	15	1	high	high1	1	10	1	2	11	12	13	14	2	list2	list2_15547_seat_high1	3250	11250
14881	14880	ritual	55263	456	286	437	275	8.9412	2.6599	3.4096	2.4579	Noun	345	0.76497	3.9518	3	33.2	6	0	1	high	high3	2	20	1	2	21	22	23	24	2	list2	list2_14881_ritual_high3	3400	11400
13276	13275	plow	48710	96	73	87	67	1.8824	1.9868	0.87029	1.8692	Noun	59	0.61458	3.2786	1	15.33	4	9	1	low	low1	3	30	1	2	31	32	33	34	2	list2	list2_13276_plow_low1	3400	11400
12297	12296	outsider	45239	121	97	117	93	2.3725	2.0864	1.1564	1.9912	Noun	121	1	3.3782	3	60.43	8	0	1	low	low3	4	40	1	2	41	42	43	44	2	list2	list2_12297_outsider_low3	3250	11250
11205	11204	modeling	41206	185	107	165	101	3.6275	2.2695	1.2756	2.0334	Noun	138	0.74595	3.5613	3	289.71	8	0	1	low	low3	4	40	1	2	41	42	43	44	2	list2	list2_11205_modeling_low3	3250	11250
14530	14529	rejection	53628	168	125	151	122	3.2941	2.2279	1.4902	2.1004	Noun	168	1	3.5197	3	122.38	9	1	1	low	low3	4	40	1	2	41	42	43	44	2	list2	list2_14530_rejection_low3	3500	11500
19066	19065	warmth	72028	227	199	218	192	4.451	2.3579	2.3724	2.301	Noun	223	0.98673	3.6498	1	45.8	6	0	1	low	low1	3	30	1	2	31	32	33	34	2	list2	list2_19066_warmth_low1	3400	11400
7065	7064	fundraiser	26298	97	75	92	71	1.902	1.9912	0.89413	1.8808	Noun	97	1	3.2831	3	37	10	0	1	low	low3	4	40	1	2	41	42	43	44	2	list2	list2_7065_fundraiser_low3	3450	11450
6245	6244	fame	23461	441	325	349	267	8.6471	2.6454	3.8746	2.5132	Noun	440	0.99773	3.9373	1	19.67	4	13	1	high	high1	1	10	1	2	11	12	13	14	2	list2	list2_6245_fame_high1	3300	11300
4859	4858	dew	17879	109	69	57	47	2.1373	2.0414	0.8226	1.8451	Noun	105	0.9633	3.3332	1	4.5	3	7	1	low	low1	3	30	1	2	31	32	33	34	2	list2	list2_4859_dew_low1	3450	11450
6693	6692	flock	24897	237	162	221	154	4.6471	2.3766	1.9313	2.2122	Noun	201	0.8481	3.6684	1	39.25	5	5	1	high	high1	1	10	1	2	11	12	13	14	2	list2	list2_6693_flock_high1	3400	11400
17239	17238	superstar	63904	175	100	130	85	3.4314	2.2455	1.1922	2.0043	Noun	175	1	3.5373	3	49.38	9	0	1	low	low3	4	40	1	2	41	42	43	44	2	list2	list2_17239_superstar_low3	3200	11200
15148	15147	safari	56119	106	70	83	61	2.0784	2.0294	0.83453	1.8513	Noun	104	1	3.3212	3	23.4	6	0	1	low	low3	4	40	1	2	41	42	43	44	2	list2	list2_15148_safari_low3	3250	11250
4358	4357	curse	15822	929	517	836	480	18.2157	2.9685	6.1636	2.7143	Noun	659	0.71475	4.2603	1	31.75	5	4	1	high	high1	1	10	1	2	11	12	13	14	2	list2	list2_4358_curse_high1	3200	11200
15352	15351	scar	56806	432	307	385	301	8.4706	2.6365	3.66	2.4886	Noun	343	0.79582	3.9283	1	10	4	5	1	high	high1	1	10	1	2	11	12	13	14	2	list2	list2_15352_scar_high1	3500	11500
18315	18314	troupe	67921	90	54	77	50	1.7647	1.959	0.64378	1.7404	Noun	79	0.87778	3.2509	1	35.8	6	0	1	low	low1	3	30	1	2	31	32	33	34	2	list2	list2_18315_troupe_low1	3300	11300
10916	10915	metaphor	40226	198	159	197	158	3.8824	2.2989	1.8956	2.2041	Noun	199	1	3.5907	3	26.57	8	0	1	low	low3	4	40	1	2	41	42	43	44	2	list2	list2_10916_metaphor_low3	3350	11350
15985	15984	siege	59061	118	91	113	87	2.3137	2.0755	1.0849	1.9638	Noun	119	1	3.3674	1	23.5	5	2	1	low	low1	3	30	1	2	31	32	33	34	2	list2	list2_15985_siege_low1	3350	11350
17437	17436	tad	64730	238	148	138	126	4.6667	2.3784	1.7644	2.1732	Noun	238	1	3.6702	1	9	3	20	1	high	high1	1	10	1	2	11	12	13	14	2	list2	list2_17437_tad_high1	3450	11450
13811	13810	prophecy	50658	321	118	307	114	6.2941	2.5079	1.4068	2.0755	Noun	319	0.99687	3.7997	3	56.57	8	1	1	high	high3	2	20	1	2	21	22	23	24	2	list2	list2_13811_prophecy_high3	3350	11350
3736	3735	cone	13333	149	114	126	102	2.9216	2.1761	1.3591	2.0607	Noun	146	0.98649	3.4679	1	32.67	4	18	1	low	low1	3	30	1	2	31	32	33	34	2	list2	list2_3736_cone_low1	3250	11250
17800	17799	threat	66097	1059	757	1033	747	20.7647	3.0253	9.0248	2.8797	Noun	1060	1	4.3171	1	33.8	6	2	1	high	high1	1	10	1	2	11	12	13	14	2	list2	list2_17800_threat_high1	3350	11350
14092	14091	quest	51710	327	196	264	171	6.4118	2.5159	2.3367	2.2945	Noun	321	0.98769	3.8077	1	21.25	5	1	1	high	high1	1	10	1	2	11	12	13	14	2	list2	list2_14092_quest_high1	3400	11400
16343	16342	sob	60519	77	75	57	56	1.5098	1.8921	0.89413	1.8808	Noun	57	0.74026	3.1839	1	9	3	18	1	low	low1	3	30	1	2	31	32	33	34	2	list2	list2_16343_sob_low1	3250	11250
7553	7552	government	27983	3327	1523	3024	1423	65.2353	3.5222	18.1569	3.183	Noun	3320	0.9997	4.814	3	52.33	10	0	1	high	high3	2	20	1	2	21	22	23	24	2	list2	list2_7553_government_high3	3450	11450
18113	18112	tract	67153	73	56	71	54	1.4314	1.8692	0.66762	1.7559	Noun	70	0.9589	3.1611	1	41.75	5	3	1	low	low1	3	30	1	2	31	32	33	34	2	list2	list2_18113_tract_low1	3250	11250
8972	8971	injury	33373	520	399	514	396	10.1961	2.7168	4.7568	2.6021	Noun	519	1	4.0087	3	30	6	1	1	high	high3	2	20	1	2	21	22	23	24	2	list2	list2_8972_injury_high3	3350	11350
10215	10214	loft	37748	186	104	180	101	3.6471	2.2718	1.2399	2.0212	Noun	185	0.99462	3.5637	1	16	4	6	1	low	low1	3	30	1	2	31	32	33	34	2	list2	list2_10215_loft_low1	3300	11300
7533	7532	gorilla	27918	283	156	259	148	5.549	2.4533	1.8598	2.1959	Noun	281	1	3.7452	3	41.33	7	0	1	high	high3	2	20	1	2	21	22	23	24	2	list2	list2_7533_gorilla_high3	3400	11400
8756	8755	ignorance	32055	184	160	164	145	3.6078	2.2672	1.9075	2.2068	Noun	184	1	3.559	3	48.13	9	0	1	low	low3	4	40	1	2	41	42	43	44	2	list2	list2_8756_ignorance_low3	3450	11450
12880	12879	perjury	47367	115	70	105	69	2.2549	2.0645	0.83453	1.8513	Noun	114	1	3.3563	3	48.67	7	0	1	low	low3	4	40	1	2	41	42	43	44	2	list2	list2_12880_perjury_low3	3400	11400
8753	8752	ignition	32045	212	129	185	106	4.1569	2.3284	1.5379	2.1139	Noun	212	1	3.6202	3	81.71	8	0	1	low	low3	4	40	1	2	41	42	43	44	2	list2	list2_8753_ignition_low3	3300	11300
12864	12863	performer	47288	123	100	121	99	2.4118	2.0934	1.1922	2.0043	Noun	123	1	3.3853	3	49.38	9	1	1	low	low3	4	40	1	2	41	42	43	44	2	list2	list2_12864_performer_low3	3350	11350
12218	12217	orphanage	44907	273	136	256	132	5.3529	2.4378	1.6214	2.1367	Noun	273	1	3.7296	3	24.63	9	0	1	high	high3	2	20	1	2	21	22	23	24	2	list2	list2_12218_orphanage_high3	3400	11400
5558	5557	ease	20521	974	718	842	635	19.098	2.989	8.5598	2.8567	Noun	520	0.53443	4.2808	1	20.33	4	6	1	high	high1	1	10	1	2	11	12	13	14	2	list2	list2_5558_ease_high1	3300	11300
8728	8727	idea	31947	18311	6359	18296	6357	359.0392	4.2627	75.8107	3.8035	Noun	18287	1	5.5546	3	3	4	0	1	high	high3	2	20	1	2	21	22	23	24	2	list2	list2_8728_idea_high3	3450	11450
4334	4333	curb	15755	209	173	200	165	4.098	2.3222	2.0625	2.2405	Noun	139	0.66507	3.6141	1	16.67	4	4	1	low	low1	3	30	1	2	31	32	33	34	2	list2	list2_4334_curb_low1	3350	11350
7475	7474	godfather	27720	278	122	126	65	5.451	2.4456	1.4545	2.0899	Noun	277	0.9964	3.7374	3	39.88	9	0	1	high	high3	2	20	1	2	21	22	23	24	2	list2	list2_7475_godfather_high3	3200	11200
5014	5013	disc	18488	131	77	122	73	2.5686	2.1206	0.91798	1.8921	Noun	129	1	3.4124	1	13	4	2	1	low	low1	3	30	1	2	31	32	33	34	2	list2	list2_5014_disc_low1	3350	11350
2887	2886	caviar	10194	195	143	163	124	3.8235	2.2923	1.7048	2.1584	Noun	139	0.71282	3.5841	3	41.2	6	0	1	low	low3	4	40	1	2	41	42	43	44	2	list2	list2_2887_caviar_low3	3300	11300
3801	3800	container	13808	219	144	210	141	4.2941	2.3424	1.7167	2.1614	Noun	219	1	3.6343	3	95.75	9	1	1	low	low3	4	40	1	2	41	42	43	44	2	list2	list2_3801_container_low3	3400	11400
2177	2176	brook	8083	104	70	70	48	2.0392	2.0212	0.83453	1.8513	Noun	61	0.59223	3.313	1	35.25	5	3	1	low	low1	3	30	1	2	31	32	33	34	2	list2	list2_2177_brook_low1	3350	11350
12744	12743	pea	46833	199	127	159	111	3.902	2.301	1.5141	2.1072	Noun	207	0.99043	3.5929	1	6.5	3	11	1	low	low1	3	30	1	2	31	32	33	34	2	list2	list2_12744_pea_low1	3400	11400
15587	15586	seed	57600	386	278	371	272	7.5686	2.5877	3.3143	2.4456	Noun	360	0.93506	3.8795	1	33.67	4	18	1	high	high1	1	10	1	2	11	12	13	14	2	list2	list2_15587_seed_high1	3200	11200
1463	1462	benefit	5686	732	560	707	545	14.3529	2.8651	6.6762	2.749	Noun	552	0.75513	4.1569	3	36.5	7	0	1	high	high3	2	20	1	2	21	22	23	24	2	list2	list2_1463_benefit_high3	3500	11500
14185	14184	raft	52007	240	131	224	122	4.7059	2.382	1.5618	2.1206	Noun	240	1	3.6739	1	15.67	4	5	1	high	high1	1	10	1	2	11	12	13	14	2	list2	list2_14185_raft_high1	3200	11200
6884	6883	formula	25552	401	184	383	175	7.8627	2.6042	2.1936	2.2672	Noun	402	1	3.8961	3	36.33	7	0	1	high	high3	2	20	1	2	21	22	23	24	2	list2	list2_6884_formula_high3	3250	11250
12336	12335	override	45566	263	114	244	108	5.1569	2.4216	1.3591	2.0607	Noun	174	0.64925	3.7134	3	60.29	8	1	1	high	high3	2	20	1	2	21	22	23	24	2	list2	list2_12336_override_high3	3250	11250
159	158	agreement	1242	892	603	867	594	17.4902	2.9509	7.1888	2.781	Noun	887	1	4.2427	3	52.63	9	0	1	high	high3	2	20	1	2	21	22	23	24	2	list2	list2_159_agreement_high3	3400	11400
17115	17114	substitute	63429	238	197	233	192	4.6667	2.3784	2.3486	2.2967	Noun	130	0.54622	3.6702	3	46.89	10	0	1	high	high3	2	20	1	2	21	22	23	24	2	list2	list2_17115_substitute_high3	3300	11300
18192	18191	tray	67522	410	281	353	268	8.0392	2.6138	3.35	2.4502	Noun	410	0.99757	3.9057	1	17.33	4	7	1	high	high1	1	10	1	2	11	12	13	14	2	list2	list2_18192_tray_high1	3350	11350
10690	10689	mast	39380	83	57	70	49	1.6275	1.9243	0.67954	1.7634	Noun	83	1	3.2161	1	34.67	4	16	1	low	low1	3	30	1	2	31	32	33	34	2	list2	list2_10690_mast_low1	3500	11500
10119	10118	listener	37496	72	71	72	71	1.4118	1.8633	0.84645	1.8573	Noun	72	1	3.1552	3	100.43	8	1	1	low	low3	4	40	1	2	41	42	43	44	2	list2	list2_10119_listener_low3	3200	11200
4339	4338	cure	15770	1063	627	1033	616	20.8431	3.0269	7.475	2.798	Noun	587	0.55221	4.3188	1	27.67	4	11	1	high	high1	1	10	1	2	11	12	13	14	2	list2	list2_4339_cure_high1	3500	11500
6134	6133	extension	23083	275	221	254	208	5.3922	2.4409	2.6347	2.3464	Noun	275	1	3.7327	3	89.38	9	0	1	high	high3	2	20	1	2	21	22	23	24	2	list2	list2_6134_extension_high3	3400	11400
13748	13747	producer	50404	636	351	548	313	12.4706	2.8041	4.1845	2.5465	Noun	625	0.99522	4.096	3	74.57	8	2	1	high	high3	2	20	1	2	21	22	23	24	2	list2	list2_13748_producer_high3	3350	11350
18497	18496	ultrasound	68557	125	75	111	71	2.451	2.1004	0.89413	1.8808	Noun	111	0.888	3.3922	3	18	10	0	1	low	low3	4	40	1	2	41	42	43	44	2	list2	list2_18497_ultrasound_low3	3350	11350
13300	13299	pneumonia	48803	257	184	239	178	5.0392	2.4116	2.1936	2.2672	Noun	256	1	3.7035	3	11.38	9	1	1	high	high3	2	20	1	2	21	22	23	24	2	list2	list2_13300_pneumonia_high3	3400	11400
17968	17967	tolerance	66689	130	106	121	101	2.549	2.1173	1.2637	2.0294	Noun	130	1	3.4091	3	77.38	9	0	1	low	low3	4	40	1	2	41	42	43	44	2	list2	list2_17968_tolerance_low3	3200	11200
10329	10328	lullaby	38182	88	66	67	56	1.7255	1.9494	0.78684	1.8261	Noun	88	1	3.2412	3	38	7	0	1	low	low3	4	40	1	2	41	42	43	44	2	list2	list2_10329_lullaby_low3	3500	11500
19078	19077	warrior	72058	516	267	449	251	10.1176	2.7135	3.1831	2.4281	Noun	517	1	4.0053	3	78.33	7	0	1	high	high3	2	20	1	2	21	22	23	24	2	list2	list2_19078_warrior_high3	3500	11500
10505	10504	malt	38788	84	66	73	61	1.6471	1.9294	0.78684	1.8261	Noun	84	1	3.2213	1	29.67	4	7	1	low	low1	3	30	1	2	31	32	33	34	2	list2	list2_10505_malt_low1	3500	11500
4902	4901	dice	18014	533	295	507	280	10.451	2.7275	3.5169	2.4713	Noun	533	1	4.0194	1	17.67	4	11	1	high	high1	1	10	1	2	11	12	13	14	2	list2	list2_4902_dice_high1	3300	11300
18397	18396	turf	68203	218	176	205	164	4.2745	2.3404	2.0982	2.248	Noun	212	0.97248	3.6323	1	14	4	3	1	low	low1	3	30	1	2	31	32	33	34	2	list2	list2_18397_turf_low1	3500	11500
11217	11216	modesty	41236	90	79	70	63	1.7647	1.959	0.94182	1.9031	Noun	89	0.97802	3.2509	3	32.5	7	0	1	low	low3	4	40	1	2	41	42	43	44	2	list2	list2_11217_modesty_low3	3350	11350
880	879	attention	3749	5032	3000	3854	2620	98.6667	3.7018	35.7654	3.4773	Noun	5016	1	4.9937	3	112	9	0	1	high	high3	2	20	1	2	21	22	23	24	2	list2	list2_880_attention_high3	3400	11400
13725	13724	probe	50319	225	134	209	127	4.4118	2.3541	1.5975	2.1303	Noun	166	0.73778	3.6459	1	28	5	3	1	low	low1	3	30	1	2	31	32	33	34	2	list2	list2_13725_probe_low1	3500	11500
4304	4303	cue	15637	397	293	315	248	7.7843	2.5999	3.4931	2.4683	Noun	357	0.89698	3.8917	1	5.5	3	9	1	high	high1	1	10	1	2	11	12	13	14	2	list2	list2_4304_cue_high1	3200	11200
9242	9241	jeep	34715	524	239	386	172	10.2745	2.7202	2.8493	2.3802	Noun	524	1	4.012	1	21	4	7	1	high	high1	1	10	1	2	11	12	13	14	2	list2	list2_9242_jeep_high1	3450	11450
15938	15937	shrimp	58860	444	246	384	215	8.7059	2.6484	2.9328	2.3927	Noun	444	1	3.9402	1	38.4	6	0	1	high	high1	1	10	1	2	11	12	13	14	2	list2	list2_15938_shrimp_high1	3250	11250
3678	3677	composer	13078	127	73	116	71	2.4902	2.1072	0.87029	1.8692	Noun	127	1	3.399	3	89.14	8	2	1	low	low3	4	40	1	2	41	42	43	44	2	list2	list2_3678_composer_low3	3400	11400
14245	14244	ranch	52167	895	316	787	270	17.549	2.9523	3.7673	2.5011	Noun	890	0.99664	4.2441	1	49.25	5	0	1	high	high1	1	10	1	2	11	12	13	14	2	list2	list2_14245_ranch_high1	3350	11350
17362	17361	sword	64449	1335	462	1245	436	26.1765	3.1258	5.5079	2.6656	Noun	1335	1	4.4176	1	20	5	3	1	high	high1	1	10	1	2	11	12	13	14	2	list2	list2_17362_sword_high1	3500	11500
7577	7576	graffiti	28055	103	57	64	49	2.0196	2.017	0.67954	1.7634	Noun	103	1	3.3089	3	48	8	0	1	low	low3	4	40	1	2	41	42	43	44	2	list2	list2_7577_graffiti_low3	3250	11250
13751	13750	production	50409	645	403	567	360	12.6471	2.8102	4.8045	2.6064	Noun	643	0.99845	4.1021	3	132.89	10	0	1	high	high3	2	20	1	2	21	22	23	24	2	list2	list2_13751_production_high3	3400	11400
12520	12519	paperwork	46180	531	430	509	415	10.4118	2.7259	5.1264	2.6345	Noun	528	0.99623	4.0177	3	53.13	9	0	1	high	high3	2	20	1	2	21	22	23	24	2	list2	list2_12520_paperwork_high3	3450	11450
15327	15326	scale	56732	485	391	469	383	9.5098	2.6866	4.6614	2.5933	Noun	425	0.8781	3.9785	1	27.75	5	6	1	high	high1	1	10	1	2	11	12	13	14	2	list2	list2_15327_scale_high1	3400	11400
3826	3825	contrary	13943	454	409	411	371	8.902	2.658	4.876	2.6128	Noun	333	0.73348	3.9498	3	88.57	8	0	1	high	high3	2	20	1	2	21	22	23	24	2	list2	list2_3826_contrary_high3	3250	11250
743	742	artery	3249	271	181	266	177	5.3137	2.4346	2.1578	2.2601	Noun	271	1	3.7264	3	48.6	6	0	1	high	high3	2	20	1	2	21	22	23	24	2	list2	list2_743_artery_high3	3400	11400
18804	18803	vibe	71211	266	186	252	183	5.2157	2.4265	2.2175	2.2718	Noun	240	0.90566	3.7183	1	6	4	4	1	high	high1	1	10	1	2	11	12	13	14	2	list2	list2_18804_vibe_high1	3500	11500
13404	13403	pond	49098	323	207	269	182	6.3333	2.5105	2.4678	2.3181	Noun	319	0.99068	3.8024	1	27.33	4	4	1	high	high1	1	10	1	2	11	12	13	14	2	list2	list2_13404_pond_high1	3350	11350
15807	15806	shelf	58420	355	274	345	269	6.9608	2.5514	3.2666	2.4393	Noun	353	1	3.8433	1	27.5	5	2	1	high	high1	1	10	1	2	11	12	13	14	2	list2	list2_15807_shelf_high1	3400	11400
7946	7945	hamburger	29235	397	247	340	221	7.7843	2.5999	2.9447	2.3945	Noun	380	0.96203	3.8917	3	38.75	9	0	1	high	high3	2	20	1	2	21	22	23	24	2	list2	list2_7946_hamburger_high3	3400	11400
3942	3941	correction	14398	163	134	74	64	3.1961	2.2148	1.5975	2.1303	Noun	163	1	3.5067	3	155.89	10	0	1	low	low3	4	40	1	2	41	42	43	44	2	list2	list2_3942_correction_low3	3450	11450
4012	4011	coup	14698	133	106	123	98	2.6078	2.1271	1.2637	2.0294	Noun	135	0.97826	3.4189	1	20.33	4	1	1	low	low1	3	30	1	2	31	32	33	34	2	list2	list2_4012_coup_low1	3300	11300
10217	10216	log	37754	610	397	555	370	11.9608	2.786	4.733	2.5999	Noun	534	0.87685	4.0779	1	7.5	3	16	1	high	high1	1	10	1	2	11	12	13	14	2	list2	list2_10217_log_high1	3300	11300
9640	9639	lag	36143	75	60	71	57	1.4706	1.8808	0.71531	1.7853	Noun	62	0.82667	3.1726	1	10.5	3	22	1	low	low1	3	30	1	2	31	32	33	34	2	list2	list2_9640_lag_low1	3200	11200
2394	2393	buttercup	8744	121	44	37	23	2.3725	2.0864	0.52456	1.6532	Noun	116	0.96667	3.3782	3	45.38	9	0	1	low	low3	4	40	1	2	41	42	43	44	2	list2	list2_2394_buttercup_low3	3200	11200
815	814	assumption	3526	170	151	166	150	3.3333	2.233	1.8002	2.1818	Noun	170	1	3.5248	3	105.67	10	0	1	low	low3	4	40	1	2	41	42	43	44	2	list2	list2_815_assumption_low3	3500	11500
17506	17505	tap	64988	752	480	653	440	14.7451	2.8768	5.7225	2.6821	Noun	392	0.52197	4.1686	1	9	3	18	1	high	high1	1	10	1	2	11	12	13	14	2	list2	list2_17506_tap_high1	3300	11300
6198	6197	factory	23321	857	483	791	461	16.8039	2.9335	5.7582	2.6848	Noun	857	1	4.2253	3	53.5	7	1	1	high	high3	2	20	1	2	21	22	23	24	2	list2	list2_6198_factory_high3	3400	11400
3274	3273	clam	11692	200	158	165	134	3.9216	2.3032	1.8836	2.2014	Noun	144	0.72	3.595	1	17.33	4	7	1	low	low1	3	30	1	2	31	32	33	34	2	list2	list2_3274_clam_low1	3400	11400
14752	14751	revenue	54792	122	86	82	61	2.3922	2.0899	1.0253	1.9395	Noun	122	1	3.3817	3	56.67	7	1	1	low	low3	4	40	1	2	41	42	43	44	2	list2	list2_14752_revenue_low3	3500	11500
3903	3902	cork	14291	146	116	113	90	2.8627	2.1673	1.3829	2.0682	Noun	112	0.77778	3.4592	1	30.33	4	8	1	low	low1	3	30	1	2	31	32	33	34	2	list2	list2_3903_cork_low1	3500	11500
6201	6200	faculty	23327	248	160	227	150	4.8627	2.3962	1.9075	2.2068	Noun	246	1	3.688	3	34.83	7	0	1	high	high3	2	20	1	2	21	22	23	24	2	list2	list2_6201_faculty_high3	3400	11400
14200	14199	rail	52049	233	176	215	162	4.5686	2.3692	2.0982	2.248	Noun	231	0.99142	3.661	1	26.33	4	12	1	high	high1	1	10	1	2	11	12	13	14	2	list2	list2_14200_rail_high1	3250	11250
8038	8037	hare	29493	195	78	23	17	3.8235	2.2923	0.9299	1.8976	Noun	131	0.97761	3.5841	1	43.33	4	20	1	low	low1	3	30	1	2	31	32	33	34	2	list2	list2_8038_hare_low1	3500	11500
7261	7260	gem	26931	126	90	74	69	2.4706	2.1038	1.073	1.959	Noun	126	1	3.3956	1	3.5	3	7	1	low	low1	3	30	1	2	31	32	33	34	2	list2	list2_7261_gem_low1	3350	11350
16674	16673	squash	61801	223	162	201	150	4.3725	2.3502	1.9313	2.2122	Noun	130	0.58296	3.6421	1	19.2	6	0	1	low	low1	3	30	1	2	31	32	33	34	2	list2	list2_16674_squash_low1	3300	11300
5063	5062	dispatcher	18854	75	54	50	39	1.4706	1.8808	0.64378	1.7404	Noun	68	0.91892	3.1726	3	52.33	10	2	1	low	low3	4	40	1	2	41	42	43	44	2	list2	list2_5063_dispatcher_low3	3400	11400
5320	5319	drain	19812	440	337	420	327	8.6275	2.6444	4.0176	2.5289	Noun	290	0.6576	3.9363	1	41.5	5	4	1	high	high1	1	10	1	2	11	12	13	14	2	list2	list2_5320_drain_high1	3200	11200
1512	1511	bicycle	5975	337	239	316	228	6.6078	2.5289	2.8493	2.3802	Noun	334	0.99405	3.8208	3	32.17	7	0	1	high	high3	2	20	1	2	21	22	23	24	2	list2	list2_1512_bicycle_high3	3300	11300
10590	10589	marathon	39078	228	130	185	114	4.4706	2.3598	1.5498	2.1173	Noun	228	1	3.6517	3	71.29	8	0	1	high	high3	2	20	1	2	21	22	23	24	2	list2	list2_10590_marathon_high3	3300	11300
11712	11711	nest	42986	566	367	514	343	11.098	2.7536	4.3753	2.5658	Noun	541	0.96263	4.0454	1	21	4	13	1	high	high1	1	10	1	2	11	12	13	14	2	list2	list2_11712_nest_high1	3250	11250
16858	16857	stern	62408	327	154	140	106	6.4118	2.5159	1.836	2.1903	Noun	199	0.60856	3.8077	1	33	5	1	1	high	high1	1	10	1	2	11	12	13	14	2	list2	list2_16858_stern_high1	3500	11500
14919	14918	robbery	55365	1175	568	1061	536	23.0392	3.0704	6.7716	2.7551	Noun	1157	0.99914	4.3622	3	86.83	7	2	1	high	high3	2	20	1	2	21	22	23	24	2	list2	list2_14919_robbery_high3	3350	11350
12913	12912	pest	47573	146	112	116	97	2.8627	2.1673	1.3352	2.0531	Noun	145	1	3.4592	1	23.33	4	14	1	low	low1	3	30	1	2	31	32	33	34	2	list2	list2_12913_pest_low1	3400	11400
15579	15578	sedative	57570	130	112	122	107	2.549	2.1173	1.3352	2.0531	Noun	123	0.94615	3.4091	3	78.43	8	0	1	low	low3	4	40	1	2	41	42	43	44	2	list2	list2_15579_sedative_low3	3250	11250
3944	3943	corridor	14422	284	207	266	198	5.5686	2.4548	2.4678	2.3181	Noun	283	1	3.7467	3	69.86	8	0	1	high	high3	2	20	1	2	21	22	23	24	2	list2	list2_3944_corridor_high3	3250	11250
14928	14927	rock	55392	4394	1905	3219	1631	86.1569	3.643	22.711	3.2801	Noun	3487	0.81586	4.9348	1	27.67	4	12	1	high	high1	1	10	1	2	11	12	13	14	2	list2	list2_14928_rock_high1	3250	11250
4411	4410	cylinder	15975	80	53	78	52	1.5686	1.9085	0.63186	1.7324	Noun	80	1	3.2003	3	64.86	8	0	1	low	low3	4	40	1	2	41	42	43	44	2	list2	list2_4411_cylinder_low3	3400	11400
5660	5659	election	20919	560	271	530	264	10.9804	2.749	3.2308	2.4346	Noun	559	1	4.0408	3	84.86	8	3	1	high	high3	2	20	1	2	21	22	23	24	2	list2	list2_5660_election_high3	3450	11450
17687	17686	term	65601	890	693	879	685	17.451	2.9499	8.2618	2.8414	Noun	842	0.94713	4.2417	1	16	4	3	1	high	high1	1	10	1	2	11	12	13	14	2	list2	list2_17687_term_high1	3500	11500
2926	2925	cent	10318	483	360	461	344	9.4706	2.6848	4.2918	2.5575	Noun	480	1	3.9767	1	18	4	11	1	high	high1	1	10	1	2	11	12	13	14	2	list2	list2_2926_cent_high1	3450	11450
13580	13579	precedent	49687	127	103	126	102	2.4902	2.1072	1.2279	2.017	Noun	127	1	3.399	3	70.63	9	0	1	low	low3	4	40	1	2	41	42	43	44	2	list2	list2_13580_precedent_low3	3300	11300
8677	8676	hydrogen	31687	136	79	122	73	2.6667	2.1367	0.94182	1.9031	Noun	136	1	3.4286	3	24	8	0	1	low	low3	4	40	1	2	41	42	43	44	2	list2	list2_8677_hydrogen_low3	3300	11300
4716	4715	den	17216	312	219	258	203	6.1176	2.4955	2.6109	2.3424	Noun	292	0.93891	3.7874	1	6.5	3	14	1	high	high1	1	10	1	2	11	12	13	14	2	list2	list2_4716_den_high1	3200	11200
5523	5522	dynasty	20417	130	83	57	46	2.549	2.1173	0.98951	1.9243	Noun	129	1	3.4091	3	23.33	7	0	1	low	low3	4	40	1	2	41	42	43	44	2	list2	list2_5523_dynasty_low3	3450	11450
17149	17148	suede	63552	92	53	88	51	1.8039	1.9685	0.63186	1.7324	Noun	92	1	3.2603	1	16.75	5	1	1	low	low1	3	30	1	2	31	32	33	34	2	list2	list2_17149_suede_low1	3450	11450
14666	14665	reservoir	54333	95	64	77	55	1.8627	1.9823	0.76299	1.8129	Noun	95	1	3.2741	3	70.38	9	0	1	low	low3	4	40	1	2	41	42	43	44	2	list2	list2_14666_reservoir_low3	3250	11250
7758	7757	grunt	28658	113	87	104	84	2.2157	2.0569	1.0372	1.9445	Noun	62	0.54867	3.3487	1	36.75	5	3	1	low	low1	3	30	1	2	31	32	33	34	2	list2	list2_7758_grunt_low1	3200	11200
6037	6036	exception	22644	409	375	396	367	8.0196	2.6128	4.4707	2.5752	Noun	410	1	3.9046	3	101.5	9	0	1	high	high3	2	20	1	2	21	22	23	24	2	list2	list2_6037_exception_high3	3500	11500
